-1 -1 -1 -1 -1 -1
-1 -1 -1 -1 -1 -1
-1 -1 -1 -1 -1 -1 -1 -1
-1 -1 -1 -1 -1 -1
-1 -1 -1
-1 -1 -1 -1 -1 -1 -1 -1
-1 -1 -1 -1 -1 -1
-1 -1 -1 -1 -1
-1 -1 -1 -1 -1
-1 -1 -1 -1
-1 -1 442 -1 -1 -1 -1
-1 -1 365 -1 -1
-1 -1 -1
-1 -1 50 50
-1 -1 402 402
-1 -1 673 673
-1 -1 230 230
-1 -1 267 267
-1 -1 493 493
-1 -1 143 143 143 143
-1 -1 508 508
-1 -1 596 -1 -1
-1 -1 638 -1 -1
-1 -1 638 -1 -1
-1 -1 698 -1 -1 -1 -1
-1 -1 689 -1 -1
-1 -1 338 338 338
-1 -1 -1 -1 -1
-1 -1 698 698 698
-1 -1 374 374 -1 -1 -1 -1
-1 -1 -1 -1 -1 -1 -1
-1 -1 689 689 -1 -1 -1 -1
-1 -1 688 688 688
-1 -1 237 237 237
-1 -1 683 683 683
-1 -1 374 374 -1 -1 -1 -1 -1 -1
-1 -1 219 219 219 -1 -1 -1 -1
-1 -1 -1 -1 -1 -1 -1 -1 -1 -1
-1 -1 699 699 -1 -1 -1 -1 -1 -1
-1 -1 691 691 -1 -1 -1 -1
-1 -1 695 695 695 -1 -1
-1 -1 529 529 529 -1 -1 -1 -1
-1 -1 529 529 529 -1 -1 -1 -1
-1 -1 529 529 529 -1 -1 -1 -1 -1 -1
-1 -1 529 529 529 -1 -1 -1 -1 -1 -1
-1 -1 529 529 -1 -1 -1 -1
-1 -1 679 679 679 -1 -1 -1 -1
-1 -1 683 683 -1 -1 -1 -1 -1 -1
-1 -1 689 689 -1 -1 -1 -1 -1 -1
-1 -1 691 691 -1 -1
-1 -1 529 529 529 -1 -1 -1 -1
-1 -1 529 529 529 -1 -1 -1 -1 -1 -1
-1 -1 529 529 529 -1 -1 -1 -1 -1 -1
-1 -1 529 529 -1 -1 -1 -1
-1 -1 683 683 683 -1 -1 -1 -1
-1 -1 688 688 -1 -1 -1 -1 -1 -1
-1 -1 680 680 -1 -1 -1 -1
-1 -1 696 696 696 -1 -1
-1 -1 679 679 -1 -1
-1 -1 295 295 -1 -1 -1 -1 -1 -1
-1 -1 689 689 -1 -1 -1 -1 -1 -1
-1 -1 618 618 -1 -1
-1 -1 -1 -1 -1 -1
-1 -1 618 618 -1 -1 -1 -1
-1 -1 679 679 -1 -1 -1 -1
-1 -1 688 688 -1 -1 -1 -1 -1 -1
-1 -1 688 688 -1 -1 -1 -1
-1 -1 689 689 -1 -1 -1 -1
-1 -1 -1 -1 -1 -1 -1 -1 -1 -1
-1 -1 618 618 -1 -1
-1 -1 680 680 -1 -1 -1 -1 -1 -1 -1 -1
-1 -1 697 697 -1 -1 -1 -1 -1 -1 -1 -1
-1 -1 -1 -1 -1 -1
-1 -1 529 529 529 -1 -1 -1 -1 -1 -1
-1 -1 529 529 529 -1 -1 -1 -1 -1 -1 -1 -1
-1 -1 529 529 -1 -1 -1 -1 -1 -1
-1 -1 529 529 529 -1 -1 -1 -1 -1 -1
-1 -1 529 529 529 -1 -1 -1 -1 -1 -1 -1 -1
-1 -1 529 529 -1 -1 -1 -1 -1 -1
-1 -1 -1 -1 -1 -1 -1 -1
-1 -1 618 618 -1 -1 -1 -1
-1 -1 683 683 -1 -1
-1 -1 697 697 697 -1 -1 -1 -1 -1 -1
-1 -1 679
-1 -1 688 -1 -1 -1 -1
-1 -1 638 -1 -1
-1 -1 638 -1 -1
-1 -1 695 -1 -1 -1 -1
-1 -1 103 103 -1 -1 -1 -1
-1 -1 638 -1 -1
-1 -1 638 -1 -1
-1 -1 691 691 -1 -1 -1 -1 -1 -1
-1 -1 697 697 -1 -1 -1 -1
-1 -1 697 697 -1 -1
-1 -1 693 -1 -1 -1 -1
-1 -1 -1 -1 -1 -1 -1 -1 -1 -1 -1
-1 -1 -1 -1 -1 -1 -1 -1 -1 -1 -1
-1 -1 -1 -1 -1 -1
-1 -1 -1 -1 -1 -1
-1 -1 -1 -1 -1 -1 -1 -1
-1 -1 -1 -1 -1 -1 -1 -1 -1
-1 -1 -1 -1 -1 -1 -1 -1 -1
-1 -1 507 -1 -1 -1 -1
-1 -1 507 -1 -1 -1 -1 -1 -1
-1 -1 507 -1 -1 -1 -1 -1 -1
-1 -1 507 -1 -1 -1 -1 -1 -1 -1 -1
-1 -1 -1 -1 -1
-1 -1 507 -1 -1 -1 -1
-1 -1 -1 -1 -1 -1 -1 -1 -1
-1 -1 683 -1 -1
-1 -1 -1 -1 -1 -1 -1 -1 -1
-1 -1 680 -1 -1
-1 -1 -1 -1 -1 -1 -1
-1 -1 691 -1 -1
-1 -1 567 -1 -1 -1 -1 -1 -1
-1 -1 567 -1 -1 -1 -1
-1 -1 285 -1 -1
-1 -1 285 -1 -1
-1 -1 285 -1 -1
-1 -1 695 -1 -1
-1 -1 690 -1 -1 -1 -1
-1 -1 689 -1 -1 -1 -1
-1 -1 692 -1 -1 -1 -1 -1 -1
-1 -1 -1 -1 -1 -1 -1 -1 -1 -1 -1 -1
-1 -1 594 594 594 -1 -1 -1 -1
-1 -1 -1 -1 -1 -1
-1 -1 594 594 594 -1 -1 -1 -1 -1 -1 -1 -1
-1 -1 698 698 698 -1 -1 -1 -1
-1 -1 696 -1 -1
-1 -1 691 -1 -1 -1 -1 -1 -1
-1 -1 680 -1 -1 -1 -1
-1 -1 691 -1 -1 -1 -1
-1 -1 698 -1 -1 -1 -1
-1 -1 697 -1 -1 -1 -1
-1 -1 698 -1 -1
-1 -1 -1 -1 -1
-1 -1 693 693 -1 -1 -1 -1 -1 -1
-1 -1 697 697 -1 -1 -1 -1
-1 -1 -1 -1 -1 -1 -1
-1 -1 696 -1 -1
-1 -1 440
-1 -1 -1 -1 -1 -1 -1 -1 -1
-1 -1 696 -1 -1
-1 -1 237 237
-1 -1 237 237
-1 -1 -1 -1 -1 -1 -1 -1 -1 -1 -1
-1 -1 691 691 -1 -1
-1 -1 691 691 -1 -1
-1 -1 688 -1 -1 -1 -1 -1 -1
-1 -1 638 -1 -1
-1 -1 638 -1 -1
-1 -1 639 639 -1 -1 -1 -1
-1 -1 689 -1 -1 -1 -1
-1 -1 -1 -1 -1 -1 -1 -1
-1 -1 314 314 -1 -1
-1 -1 -1 -1
-1 -1 314 314 -1 -1
-1 -1 697 -1 -1
-1 -1 693 693 -1 -1 -1 -1
-1 -1 691 -1 -1 -1 -1
-1 -1 698 698 -1 -1
-1 -1 697 697 -1 -1
-1 -1 689 689 -1 -1
-1 -1 614 614 -1 -1
-1 -1 695 695 -1 -1
-1 -1 549 549 -1 -1
-1 -1 697 697 -1 -1
-1 -1 696 696 -1 -1
-1 -1 690 690 -1 -1
-1 -1 689 689 -1 -1
-1 -1 689 689 -1 -1
-1 -1 271 271 -1 -1
-1 -1 -1 -1 -1 -1 -1
-1 -1 254 254 -1 -1
-1 -1 254 254 -1 -1
-1 -1 -1 -1 -1 -1 -1 -1
-1 -1 271 271 -1 -1
-1 -1 -1 -1 -1 -1 -1 -1
-1 -1 271 271 -1 -1
-1 -1 271 271 271 271 -1 -1 -1 -1
-1 -1 271 271 271 -1 -1
-1 -1 271 271 271 -1 -1 -1 -1
-1 -1 271 271 271 -1 -1
-1 -1 271 271 271 271 -1 -1 -1 -1
-1 -1 271 271 271
-1 -1 271 271 271 271 -1 -1 -1 -1
-1 -1 271 271 271 -1 -1 -1 -1
-1 -1 254 254 254 -1 -1
-1 -1 591 591 591 -1 -1 -1 -1
-1 -1 591 591 -1 -1 -1 -1 -1 -1
-1 -1 -1 -1 -1 -1
-1 -1 679 -1 -1
-1 -1 693 693 693 693 -1 -1
-1 -1 680 -1 -1 -1 -1
-1 -1 425 425 -1 -1
-1 -1 313 313 -1 -1 -1 -1
-1 -1 313 313 -1 -1 -1 -1
-1 -1 313 313 -1 -1 -1 -1
-1 -1 313 313 -1 -1
-1 -1 -1 -1 -1 -1
-1 -1 313 313 -1 -1 -1 -1 -1 -1
-1 -1 313 313 313 -1 -1
-1 -1 -1 -1
-1 -1 313 313 -1 -1
-1 -1 425 425 -1 -1 -1 -1 -1 -1
-1 -1 632 632 -1 -1
-1 -1 425 425 -1 -1 -1 -1 -1 -1
-1 -1 313 313 -1 -1 -1 -1 -1 -1
-1 -1 632 632 -1 -1
-1 -1 244 244 244 -1 -1 -1 -1
-1 -1 626 626 -1 -1
-1 -1 626 626 -1 -1 -1 -1
-1 -1 244 244 244 -1 -1 -1 -1
-1 -1 -1 -1 -1 -1 -1 -1
-1 -1 408 408 408 408 408 -1 -1 -1 -1
-1 -1 408 408 408 -1 -1 -1 -1
-1 -1 35 35 -1 -1
-1 -1 35 35 -1 -1
-1 -1 626 626 -1 -1 -1 -1
-1 -1 244 244 -1 -1
-1 -1 244 244 244 -1 -1 -1 -1 -1 -1
-1 -1 28 28 -1 -1 -1 -1 -1 -1 -1 -1
-1 -1 299 299 -1 -1 -1 -1 -1 -1 -1 -1 -1 -1 -1 -1
-1 -1 -1 -1 -1 -1
-1 -1 299 299 299 -1 -1 -1 -1
-1 -1 299 299 299 -1 -1
-1 -1 28 28 -1 -1 -1 -1
-1 -1 256 -1 -1 -1 -1 -1 -1
-1 -1 452 -1 -1 -1 -1 -1 -1 -1 -1 -1 -1
-1 -1 693 693 -1 -1 -1 -1
-1 -1 691 691 691 -1 -1 -1 -1
-1 -1 569 -1 -1
-1 -1 696 -1 -1
-1 -1 680 -1 -1
-1 -1 440 440 440
-1 -1 683 -1 -1 -1 -1 -1 -1
-1 -1 697 -1 -1
-1 -1 638 -1 -1
-1 -1 256 -1 -1 -1 -1
-1 -1 433 433 -1 -1
-1 -1 -1 -1 -1 -1 -1 -1 -1 -1
-1 -1 433 433 -1 -1 -1 -1 -1 -1
-1 -1 98 98 -1 -1 -1 -1
-1 -1 -1 -1 -1 -1 -1 -1 -1 -1
-1 -1 -1 -1 -1 -1
-1 -1 -1 -1 -1 -1 -1 -1
-1 -1 98 98 -1 -1 -1 -1 -1 -1
-1 -1 -1 -1 -1 -1 -1
-1 -1 693 -1 -1
-1 -1 90 90 90 -1 -1
-1 -1 90 90 90 -1 -1
-1 -1 452 -1 -1 -1 -1 -1 -1 -1 -1
-1 -1 695 695 695 -1 -1 -1 -1 -1 -1 -1 -1 -1 -1
-1 -1 636 636 636 -1 -1
-1 -1 695 -1 -1
-1 -1 278 278 -1 -1
-1 -1 278 278 -1 -1 -1 -1
-1 -1 -1 -1 -1 -1 -1 -1 -1 -1 -1 -1 -1 -1
-1 -1 -1 -1 -1
-1 -1 -1 -1 -1 -1 -1 -1
-1 -1 -1 -1
-1 -1 407 -1 -1
-1 -1 688 -1 -1
-1 -1 679 679 -1 -1 -1 -1 -1 -1
-1 -1 691 -1 -1 -1 -1 -1 -1
-1 -1 -1 -1 -1
-1 -1 -1 -1 -1 -1 -1 -1 -1 -1 -1 -1
-1 -1 696 696 -1 -1
-1 -1 688 -1 -1
-1 -1 679 -1 -1
-1 -1 688 -1 -1
-1 -1 698 -1 -1 -1 -1 -1 -1
-1 -1 650 650 -1 -1
-1 -1 650 650 650 -1 -1 -1 -1 -1 -1 -1 -1
-1 -1 650 650 -1 -1 -1 -1 -1 -1 -1 -1
-1 -1 338 -1 -1
-1 -1 507 -1 -1
-1 -1 689 -1 -1 -1 -1 -1 -1
-1 -1 -1 -1 -1
-1 -1 698 698 -1 -1
-1 -1 692 -1 -1 -1 -1 -1 -1
-1 -1 633 633 633 -1 -1
-1 -1 118 118 -1 -1 -1 -1
-1 -1 -1 -1 -1 -1 -1 -1 -1 -1 -1 -1 -1
-1 -1 633 633 -1 -1
-1 -1 118 118 -1 -1
-1 -1 633 633 -1 -1 -1 -1 -1 -1
-1 -1 394 394 394 -1 -1 -1 -1 -1 -1
-1 -1 -1 -1 -1 -1 -1 -1 -1
-1 -1 -1 -1 -1 -1 -1 -1
-1 -1 633 633 633 -1 -1 -1 -1 -1 -1
-1 -1 462 462 462 -1 -1 -1 -1
-1 -1 394 394 394 -1 -1 -1 -1
-1 -1 105 105 -1 -1
-1 -1 105 105 -1 -1
-1 -1 633 633 633 -1 -1 -1 -1
-1 -1 633 633 633 -1 -1
-1 -1 137 137 137 -1 -1 -1 -1
-1 -1 633 633 633 -1 -1 -1 -1
-1 -1 -1 -1 -1 -1 -1 -1 -1
-1 -1 137 137 137 -1 -1 -1 -1
-1 -1 -1 -1 -1 -1 -1
-1 -1 387 387 -1 -1 -1 -1
-1 -1 -1 -1 -1 -1 -1
-1 -1 633 633 633 -1 -1
-1 -1 633 633 633 -1 -1
-1 -1 387 387 -1 -1 -1 -1
-1 -1 633 633 -1 -1 -1 -1 -1 -1
-1 -1 633 633 -1 -1 -1 -1 -1 -1
-1 -1 633 633 -1 -1 -1 -1 -1 -1
-1 -1 633 633 633 -1 -1 -1 -1
-1 -1 573 573 573 573 -1 -1 -1 -1
-1 -1 462 462 462 -1 -1 -1 -1 -1 -1
-1 -1 462 462 462 -1 -1 -1 -1
-1 -1 -1 -1 -1 -1 -1 -1 -1
-1 -1 387 387 -1 -1 -1 -1
-1 -1 105 105 -1 -1
-1 -1 690 -1 -1
-1 -1 117 117 117 117 -1 -1 -1 -1 -1 -1
-1 -1 707 707 -1 -1
-1 -1 707 707
-1 -1 551 551
-1 -1 551 551 -1 -1
-1 -1 -1 -1 -1 -1 -1
-1 -1 217 217 217 -1 -1
-1 -1 348 348 348 -1 -1
-1 -1 339 339 339 -1 -1 -1 -1 -1 -1
-1 -1 302 302 302 -1 -1
-1 -1 -1 -1
-1 -1 339 339 339 339 -1 -1 -1 -1
-1 -1 707 707 -1 -1
-1 -1 707 707 -1 -1 -1 -1
-1 -1 -1 -1 -1 -1 -1 -1 -1 -1 -1 -1 -1 -1 -1
-1 -1 -1 -1 -1 -1 -1 -1 -1
-1 -1 217 217 217 -1 -1 -1 -1 -1 -1
-1 -1 18 18 18 -1 -1 -1 -1 -1 -1 -1 -1
-1 -1 117 117 117 117 -1 -1 -1 -1 -1 -1 -1 -1
-1 -1 18 18 18 -1 -1 -1 -1 -1 -1 -1 -1 -1 -1
-1 -1 348 348 348 -1 -1 -1 -1
-1 -1 117 117 117 117 117 -1 -1 -1 -1 -1 -1 -1 -1 -1 -1
-1 -1 339 339 339 -1 -1 -1 -1 -1 -1 -1 -1
-1 -1 679 -1 -1
-1 -1 330 -1 -1
-1 -1 689 -1 -1
-1 -1 696 -1 -1 -1 -1 -1 -1 -1 -1 -1 -1
-1 -1 693 -1 -1 -1 -1
-1 -1 683 -1 -1 -1 -1 -1 -1
-1 -1 679 679 -1 -1
-1 -1 693 693 693 -1 -1 -1 -1 -1 -1 -1 -1 -1 -1
-1 -1 696 696 696 -1 -1 -1 -1 -1 -1 -1 -1
-1 -1 695 -1 -1 -1 -1 -1 -1
-1 -1 693 -1 -1
-1 -1 697 -1 -1
-1 -1 690 -1 -1
-1 -1 679 -1 -1
-1 -1 695 -1 -1
-1 -1 -1 -1 -1
-1 -1 487 487
-1 -1 -1 -1 -1 -1
-1 -1 -1 -1 -1 -1
-1 -1 -1 -1 -1 -1
-1 -1 -1 -1 -1 -1 -1 -1
-1 -1 487 487
-1 -1 -1 -1 -1
-1 -1 693 -1 -1
-1 -1 592 -1 -1
-1 -1 602 602 602 -1 -1 -1 -1 -1 -1
-1 -1 602 602 602 -1 -1 -1 -1
-1 -1 -1 -1 -1 -1
-1 -1 697 -1 -1
-1 -1 164 -1 -1 -1 -1 -1 -1
-1 -1 697
-1 -1 -1 -1 -1 -1 -1
-1 -1 639 -1 -1 -1 -1 -1 -1 -1 -1
-1 -1 680 -1 -1
-1 -1 689 -1 -1 -1 -1 -1 -1
-1 -1 679 -1 -1 -1 -1
-1 -1 594 -1 -1 -1 -1 -1 -1
-1 -1 -1 -1 -1 -1 -1 -1 -1 -1
-1 -1 696 -1 -1 -1 -1
-1 -1 683 -1 -1 -1 -1 -1 -1
-1 -1 549 -1 -1 -1 -1 -1 -1 -1 -1 -1 -1
-1 -1 -1 -1 -1
-1 -1 699 -1 -1
-1 -1 705 -1 -1 -1 -1
-1 -1 502 502 -1 -1 -1 -1 -1 -1
-1 -1 31 31 -1 -1
-1 -1 31 31 -1 -1 -1 -1
-1 -1 336 336 -1 -1 -1 -1 -1 -1
-1 -1 375 375 -1 -1
-1 -1 375 375 -1 -1 -1 -1 -1 -1
-1 -1 -1 -1 -1 -1 -1 -1
-1 -1 291 291 -1 -1 -1 -1
-1 -1 502 502 -1 -1 -1 -1 -1 -1 -1 -1 -1 -1
-1 -1 502 502 -1 -1 -1 -1 -1 -1 -1 -1 -1 -1
-1 -1 136 136 136 -1 -1 -1 -1
-1 -1 502 502 -1 -1 -1 -1 -1 -1 -1 -1 -1 -1
-1 -1 -1 -1 -1 -1 -1 -1 -1 -1
-1 -1 -1 -1 -1 -1 -1 -1
-1 -1 131 131 -1 -1 -1 -1
-1 -1 -1 -1 -1 -1 -1
-1 -1 502 502 502 -1 -1 -1 -1 -1 -1 -1 -1 -1 -1
-1 -1 502 502 502 -1 -1 -1 -1 -1 -1 -1 -1 -1 -1
-1 -1 502 502 502 -1 -1 -1 -1 -1 -1 -1 -1 -1 -1
-1 -1 -1 -1 -1 -1 -1 -1
-1 -1 502 502 -1 -1 -1 -1 -1 -1 -1 -1 -1 -1
-1 -1 291 291 -1 -1 -1 -1
-1 -1 615 615 -1 -1 -1 -1 -1 -1
-1 -1 -1 -1 -1 -1 -1 -1 -1 -1
-1 -1 131 131 -1 -1 -1 -1
-1 -1 136 136 136 -1 -1 -1 -1 -1 -1
-1 -1 291 291 -1 -1 -1 -1
-1 -1 615 615 -1 -1 -1 -1
-1 -1 375 375 375 -1 -1 -1 -1 -1 -1
-1 -1 -1 -1 -1 -1
-1 -1 656 -1 -1 -1 -1
-1 -1 693 693 693 -1 -1
-1 -1 691 691 691
-1 -1 693 693 693
-1 -1 695 695 -1 -1
-1 -1 471 471
-1 -1 -1 -1 -1 -1 -1 -1
-1 -1 690 690 690 -1 -1
-1 -1 696 696 696 -1 -1
-1 -1 695 695 695 -1 -1
-1 -1 695 695 -1 -1
-1 -1 681 681 681
-1 -1 692 692 692
-1 -1 689 689 689
-1 -1 697 697 697
-1 -1 695 695 695 -1 -1
-1 -1 683 683 -1 -1 -1 -1
-1 -1 696 696 696 696 -1 -1 -1 -1 -1 -1
-1 -1 698 698 698
-1 -1 698 698 698 -1 -1
-1 -1 697 697 697 -1 -1 -1 -1
-1 -1 689 689 689 -1 -1
-1 -1 695 695 695 -1 -1
-1 -1 -1 -1 -1 -1 -1
-1 -1 697
-1 -1 696
-1 -1 690 -1 -1
-1 -1 374 -1 -1
-1 -1 697 -1 -1
-1 -1 683 -1 -1
-1 -1 691 -1 -1
-1 -1 -1 -1 -1 -1 -1
-1 -1 689
-1 -1 697 -1 -1 -1 -1 -1 -1
-1 -1 690
-1 -1 691
-1 -1 621 -1 -1
-1 -1 621 -1 -1
-1 -1 86 -1 -1 -1 -1
-1 -1 86 -1 -1 -1 -1
-1 -1 256 -1 -1
-1 -1 -1 -1 -1
-1 -1 695 -1 -1
-1 -1 698 -1 -1 -1 -1
-1 -1 691 -1 -1 -1 -1
-1 -1 699 -1 -1 -1 -1 -1 -1 -1 -1 -1 -1 -1 -1 -1 -1
-1 -1 691 -1 -1 -1 -1
-1 -1 -1 -1 -1 -1 -1 -1
-1 -1 -1 -1 -1 -1 -1 -1 -1 -1
-1 -1 -1 -1 -1 -1 -1 -1
-1 -1 -1 -1 -1 -1 -1 -1
-1 -1 -1 -1 -1 -1 -1 -1
-1 -1 -1 -1 -1 -1 -1 -1
-1 -1 -1 -1 -1 -1 -1 -1
-1 -1 -1 -1 -1 -1 -1 -1
-1 -1 -1 -1 -1 -1 -1 -1
-1 -1 -1 -1 -1 -1 -1 -1
-1 -1 -1 -1 -1 -1 -1 -1 -1 -1 -1 -1
-1 -1 594 -1 -1 -1 -1 -1 -1
-1 -1 696 -1 -1
-1 -1 213 -1 -1 -1 -1 -1 -1
-1 -1 213 -1 -1 -1 -1 -1 -1
-1 -1 -1 -1 -1
-1 -1 680 -1 -1 -1 -1
-1 -1 689 -1 -1
-1 -1 690 -1 -1 -1 -1 -1 -1
-1 -1 213 -1 -1 -1 -1
-1 -1 696 -1 -1 -1 -1 -1 -1
-1 -1 -1 -1 -1
-1 -1 696 -1 -1 -1 -1
-1 -1 688 -1 -1
-1 -1 689 -1 -1 -1 -1 -1 -1
-1 -1 549 -1 -1
-1 -1 213 -1 -1 -1 -1
-1 -1 680 -1 -1 -1 -1 -1 -1
-1 -1 -1 -1
-1 -1 690 -1 -1 -1 -1 -1 -1
-1 -1 693 693
-1 -1 697 697 -1 -1 -1 -1
-1 -1 152 -1 -1 -1 -1
-1 -1 152 -1 -1 -1 -1
-1 -1 679 -1 -1
-1 -1 683 -1 -1
-1 -1 -1 -1 -1 -1 -1 -1
-1 -1 -1 -1 -1 -1 -1 -1 -1 -1 -1
-1 -1 698 -1 -1 -1 -1 -1 -1 -1 -1
-1 -1 -1 -1 -1 -1 -1 -1
-1 -1 680 -1 -1 -1 -1 -1 -1 -1 -1
-1 -1 679 679 679 -1 -1 -1 -1 -1 -1 -1 -1
-1 -1 -1 -1 -1 -1 -1
-1 -1 36 36 -1 -1
-1 -1 248 248 -1 -1 -1 -1
-1 -1 286 286 286 -1 -1 -1 -1
-1 -1 -1 -1 -1 -1 -1
-1 -1 -1 -1 -1 -1 -1
-1 -1 259 259 259 -1 -1
-1 -1 667 667 667 -1 -1
-1 -1 696 696 696 -1 -1 -1 -1
-1 -1 -1 -1 -1 -1 -1 -1 -1
-1 -1 237 237 237 -1 -1
-1 -1 300 -1 -1 -1 -1 -1 -1 -1 -1 -1 -1 -1 -1 -1 -1 -1 -1
-1 -1 404 -1 -1 -1 -1 -1 -1 -1 -1 -1 -1 -1 -1
-1 -1 -1 -1 -1
-1 -1 471 -1 -1 -1 -1
-1 -1 471 -1 -1 -1 -1 -1 -1
-1 -1 471 -1 -1 -1 -1 -1 -1 -1 -1
-1 -1 -1 -1 -1 -1 -1 -1 -1
-1 -1 696 696 -1 -1
-1 -1 559 559
-1 -1 -1 -1 -1 -1 -1 -1 -1 -1 -1 -1 -1 -1
-1 -1 698 698 -1 -1
-1 -1 690 690 -1 -1
-1 -1 -1 -1 -1 -1 -1 -1 -1 -1
-1 -1 331 331 -1 -1 -1 -1 -1 -1
-1 -1 -1 -1 -1 -1
-1 -1 553 553 553 -1 -1 -1 -1 -1 -1 -1 -1
-1 -1 505 505 -1 -1 -1 -1
-1 -1 505 505 -1 -1 -1 -1
-1 -1 505 505 -1 -1 -1 -1 -1 -1
-1 -1 505 505 -1 -1 -1 -1
-1 -1 559 559
-1 -1 -1 -1 -1 -1
-1 -1 331 331 331 -1 -1 -1 -1 -1 -1
-1 -1 331 331 -1 -1 -1 -1 -1 -1 -1 -1
-1 -1 331 331 -1 -1 -1 -1 -1 -1
-1 -1 331 331 -1 -1 -1 -1 -1 -1
-1 -1 -1 -1 -1 -1 -1 -1
-1 -1 505 505 505 -1 -1 -1 -1
-1 -1 505 505 505 -1 -1 -1 -1
-1 -1 484 484 -1 -1 -1 -1
-1 -1 426 426 -1 -1 -1 -1 -1 -1
-1 -1 -1 -1 -1 -1 -1 -1 -1 -1
-1 -1 331 331 -1 -1 -1 -1 -1 -1 -1 -1 -1 -1
-1 -1 -1 -1 -1 -1
-1 -1 559 559 559
-1 -1 426 426 -1 -1 -1 -1 -1 -1
-1 -1 306 306 -1 -1 -1 -1 -1 -1 -1 -1
-1 -1 426 426 -1 -1 -1 -1 -1 -1
-1 -1 -1 -1 -1 -1 -1 -1 -1
-1 -1 505 505 505 -1 -1 -1 -1 -1 -1 -1 -1
-1 -1 505 505 505 -1 -1 -1 -1 -1 -1 -1 -1
-1 -1 691 691 -1 -1 -1 -1 -1 -1 -1 -1 -1 -1 -1 -1 -1 -1
-1 -1 -1 -1 -1 -1
-1 -1 697 697 697 697 -1 -1
-1 -1 84 84 -1 -1 -1 -1
-1 -1 125 125 125 -1 -1
-1 -1 125 125 125 -1 -1
-1 -1 505 505 -1 -1 -1 -1 -1 -1 -1 -1 -1 -1
-1 -1 -1 -1 -1 -1
-1 -1 680 680 -1 -1
-1 -1 505 505 -1 -1 -1 -1 -1 -1
-1 -1 -1 -1 -1 -1 -1 -1 -1 -1 -1 -1
-1 -1 106 106 106 106 -1 -1 -1 -1
-1 -1 106 106 106 106 -1 -1 -1 -1
-1 -1 -1 -1 -1 -1 -1 -1 -1 -1 -1 -1
-1 -1 331 331 -1 -1 -1 -1 -1 -1 -1 -1 -1 -1
-1 -1 306 306 -1 -1 -1 -1 -1 -1 -1 -1
-1 -1 484 484 -1 -1 -1 -1 -1 -1 -1 -1
-1 -1 553 553 553 -1 -1 -1 -1 -1 -1 -1 -1
-1 -1 -1 -1 -1 -1 -1 -1 -1 -1 -1 -1 -1 -1 -1 -1
-1 -1 -1 -1 -1 -1 -1 -1 -1 -1
-1 -1 11 11 -1 -1 -1 -1
-1 -1 -1 -1 -1 -1 -1 -1
-1 -1 -1 -1 -1 -1 -1 -1
-1 -1 84 84 -1 -1 -1 -1
-1 -1 505 505 -1 -1 -1 -1 -1 -1
-1 -1 11 11 -1 -1 -1 -1
-1 -1 81 81 81 -1 -1
-1 -1 81 81 81 -1 -1
-1 -1 688 688 -1 -1
-1 -1 696 -1 -1 -1 -1
-1 -1 592 592 -1 -1 -1 -1 -1 -1
-1 -1 688 688 688
-1 -1 698 698 -1 -1
-1 -1 556 556 556 -1 -1
-1 -1 -1 -1 -1 -1
-1 -1 556 556 -1 -1
-1 -1 556 556 -1 -1
-1 -1 556 556 -1 -1
-1 -1 556 556 -1 -1 -1 -1 -1 -1 -1 -1
-1 -1 556 556 -1 -1
-1 -1 556 556 -1 -1
-1 -1 556 556 -1 -1
-1 -1 556 556 -1 -1
-1 -1 556 556 556 -1 -1 -1 -1
-1 -1 556 556 -1 -1 -1 -1 -1 -1
-1 -1 556 556 556 -1 -1 -1 -1
-1 -1 556 556 556 -1 -1 -1 -1
-1 -1 556 556 556 556 -1 -1
-1 -1 556 556 556 -1 -1
-1 -1 556 556 556 -1 -1 -1 -1
-1 -1 556 556 556 -1 -1 -1 -1
-1 -1 556 556 556 -1 -1 -1 -1
-1 -1 556 556 556 -1 -1 -1 -1
-1 -1 556 556 556 -1 -1 -1 -1
-1 -1 556 556 556 -1 -1 -1 -1
-1 -1 556 556 556 -1 -1
-1 -1 556 556 556 -1 -1
-1 -1 556 556 556 -1 -1
-1 -1 556 556 -1 -1 -1 -1 -1 -1 -1 -1
-1 -1 556 556 -1 -1 -1 -1
-1 -1 556 556 -1 -1 -1 -1 -1 -1 -1 -1
-1 -1 556 556 556 -1 -1 -1 -1
-1 -1 556 556 -1 -1
-1 -1 556 556 556 -1 -1 -1 -1
-1 -1 556 556 556 -1 -1 -1 -1 -1 -1 -1 -1
-1 -1 692 692 -1 -1 -1 -1
-1 -1 698 -1 -1 -1 -1
-1 -1 695 -1 -1
-1 -1 697 697 -1 -1
-1 -1 692 692 -1 -1
-1 -1 688 688 -1 -1 -1 -1 -1 -1
-1 -1 695 695 -1 -1
-1 -1 695 695 -1 -1
-1 -1 693 693 -1 -1
-1 -1 435 435 -1 -1
-1 -1 698 698 -1 -1
-1 -1 435 435 -1 -1
-1 -1 688 688 -1 -1
-1 -1 683 683 -1 -1
-1 -1 435 435 -1 -1
-1 -1 693 693 -1 -1
-1 -1 693 693 -1 -1
-1 -1 692 692 -1 -1
-1 -1 679 679 -1 -1
-1 -1 692 692 -1 -1
-1 -1 679 679 -1 -1
-1 -1 231 231 231 -1 -1
-1 -1 692 692 -1 -1
-1 -1 680 680 680 -1 -1 -1 -1 -1 -1
-1 -1 695 695 695 -1 -1
-1 -1 683 683 -1 -1
-1 -1 691 -1 -1
-1 -1 -1 -1 -1 -1 -1
-1 -1 -1 -1 -1 -1 -1
-1 -1 594 -1 -1
-1 -1 594 -1 -1
-1 -1 594 -1 -1 -1 -1 -1 -1
-1 -1 594 -1 -1
-1 -1 594 -1 -1
-1 -1 594 -1 -1 -1 -1 -1 -1
-1 -1 42 -1 -1 -1 -1 -1 -1 -1 -1 -1 -1
-1 -1 546 546 -1 -1 -1 -1 -1 -1 -1 -1
-1 -1 546 546 -1 -1 -1 -1 -1 -1
-1 -1 546 546 546
-1 -1 594 -1 -1 -1 -1 -1 -1
-1 -1 691 -1 -1
-1 -1 688 -1 -1 -1 -1
-1 -1 695 -1 -1 -1 -1
-1 -1 683 -1 -1
-1 -1 161 161
-1 -1 542 542 -1 -1 -1 -1 -1 -1
-1 -1 542 542 -1 -1 -1 -1
-1 -1 332 332 -1 -1 -1 -1 -1 -1
-1 -1 382 -1 -1 -1 -1
-1 -1 680 -1 -1 -1 -1
-1 -1 691 -1 -1
-1 -1 690 -1 -1
-1 -1 549
-1 -1 690 -1 -1 -1 -1
-1 -1 507 -1 -1 -1 -1
-1 -1 507 -1 -1
-1 -1 683 -1 -1
-1 -1 690 -1 -1
-1 -1 694 -1 -1 -1 -1
-1 -1 679 -1 -1 -1 -1 -1 -1 -1 -1 -1 -1
-1 -1 -1 -1 -1
-1 -1 150 150 150 -1 -1
-1 -1 -1 -1 -1 -1 -1 -1 -1 -1 -1 -1 -1 -1
-1 -1 692 692 -1 -1 -1 -1
-1 -1 683 -1 -1 -1 -1
-1 -1 -1 -1 -1 -1 -1
-1 -1 691 691 -1 -1 -1 -1
-1 -1 -1 -1
-1 -1 696 -1 -1
-1 -1 695 695 695 -1 -1
-1 -1 688 -1 -1
-1 -1 437 -1 -1 -1 -1 -1 -1 -1 -1
-1 -1 699 -1 -1 -1 -1 -1 -1 -1 -1 -1 -1 -1 -1 -1 -1
-1 -1 688 688 -1 -1 -1 -1
-1 -1 537 537 537 -1 -1 -1 -1
-1 -1 692 692 692 -1 -1 -1 -1
-1 -1 -1 -1 -1 -1
-1 -1 341 341 341 -1 -1 -1 -1
-1 -1 341 341 341 -1 -1
-1 -1 341 341 341 -1 -1 -1 -1
-1 -1 341 341 341 -1 -1
-1 -1 480 480 480 -1 -1
-1 -1 480 480 -1 -1
-1 -1 480 480 -1 -1
-1 -1 38 38 38 -1 -1 -1 -1
-1 -1 520 520 520 -1 -1 -1 -1
-1 -1 480 480 480 -1 -1 -1 -1 -1 -1
-1 -1 38 38 38 -1 -1 -1 -1
-1 -1 -1 -1
-1 -1 520 520 520 -1 -1 -1 -1
-1 -1 480 480 480 -1 -1 -1 -1
-1 -1 520 520 520 -1 -1
-1 -1 520 520 520 -1 -1
-1 -1 -1 -1 -1 -1 -1 -1 -1
-1 -1 -1 -1 -1 -1 -1 -1 -1
-1 -1 -1 -1 -1 -1 -1 -1 -1
-1 -1 480 480 480 -1 -1 -1 -1
-1 -1 -1 -1 -1 -1 -1 -1 -1
-1 -1 -1 -1 -1 -1 -1 -1 -1
-1 -1 -1 -1 -1 -1 -1
-1 -1 522 522 522 -1 -1
-1 -1 522 522 522 -1 -1 -1 -1 -1 -1
-1 -1 522 522 522 -1 -1 -1 -1
-1 -1 480 480 480 -1 -1
-1 -1 480 480 480 -1 -1
-1 -1 480 480 -1 -1
-1 -1 480 480 -1 -1 -1 -1
-1 -1 -1 -1 -1 -1 -1 -1 -1 -1
-1 -1 480 480 480 -1 -1 -1 -1
-1 -1 670 670 -1 -1 -1 -1 -1 -1 -1 -1 -1 -1 -1 -1 -1 -1
-1 -1 495 495 -1 -1
-1 -1 495 495 -1 -1 -1 -1 -1 -1 -1 -1
-1 -1 -1 -1 -1 -1 -1 -1 -1
-1 -1 670 670 -1 -1 -1 -1
-1 -1 495 495 495 -1 -1 -1 -1
-1 -1 -1 -1 -1 -1 -1
-1 -1 -1 -1 -1 -1 -1
-1 -1 495 495 495 -1 -1 -1 -1
-1 -1 495 495 495 -1 -1
-1 -1 495 495 495 -1 -1
-1 -1 397 397 397 -1 -1 -1 -1
-1 -1 397 397 397 -1 -1 -1 -1
-1 -1 495 495 495 -1 -1 -1 -1
-1 -1 397 397 397 -1 -1 -1 -1
-1 -1 670 670 670 -1 -1
-1 -1 670 670 670 -1 -1
-1 -1 -1 -1 -1 -1
-1 -1 -1 -1 -1 -1 -1 -1 -1
-1 -1 -1 -1 -1 -1 -1 -1
-1 -1 -1 -1 -1 -1 -1 -1
-1 -1 -1 -1 -1 -1 -1
-1 -1 495 495 495 -1 -1
-1 -1 495 495 495 -1 -1
-1 -1 -1 -1 -1 -1 -1 -1 -1 -1 -1 -1
-1 -1 495 495 -1 -1 -1 -1 -1 -1
-1 -1 495 495 -1 -1 -1 -1 -1 -1
-1 -1 -1 -1 -1 -1 -1
-1 -1 495 495 495 -1 -1 -1 -1
-1 -1 161 161 -1 -1
-1 -1 692 692 692 -1 -1
-1 -1 695 695 695 -1 -1
-1 -1 697 697 -1 -1
-1 -1 697 697 -1 -1 -1 -1 -1 -1 -1 -1 -1 -1
-1 -1 697 697 697 -1 -1 -1 -1
-1 -1 683 683 683 -1 -1 -1 -1
-1 -1 693 693 693 -1 -1 -1 -1 -1 -1
-1 -1 690 690 690 -1 -1 -1 -1 -1 -1
-1 -1 693 693 693 -1 -1 -1 -1
-1 -1 697 697 -1 -1
-1 -1 614 614 -1 -1
-1 -1 689 689 689 -1 -1
-1 -1 689 689 689 -1 -1 -1 -1
-1 -1 694 694 694 -1 -1
-1 -1 696 696 696 -1 -1 -1 -1
-1 -1 693 693 693 -1 -1
-1 -1 680 680 680 -1 -1 -1 -1 -1 -1
-1 -1 698 698 698 -1 -1
-1 -1 699 699 699 -1 -1 -1 -1
-1 -1 691 691 691 -1 -1 -1 -1
-1 -1 689 689 689 -1 -1 -1 -1
-1 -1 683 683 683 -1 -1 -1 -1
-1 -1 683 683 683 -1 -1 -1 -1
-1 -1 691 691 691 -1 -1 -1 -1
-1 -1 689 689 689 -1 -1
-1 -1 698 698 698 698
-1 -1 695 695 695 695 -1 -1
-1 -1 680 680 680 680 -1 -1
-1 -1 683 683 683 683 -1 -1
-1 -1 693 693 -1 -1
-1 -1 699 699 699 -1 -1
-1 -1 695 695 695 -1 -1
-1 -1 696 696 696 -1 -1 -1 -1 -1 -1
-1 -1 690 690 690 -1 -1
-1 -1 680 680 680 -1 -1 -1 -1
-1 -1 -1 -1 -1 -1 -1
-1 -1 688 688 688 -1 -1
-1 -1 693 693 -1 -1 -1 -1 -1 -1 -1 -1
-1 -1 699 699 -1 -1
-1 -1 683 683 -1 -1 -1 -1
-1 -1 696 696 696 696 -1 -1 -1 -1
-1 -1 694 694 -1 -1 -1 -1 -1 -1
-1 -1 688 688 688 -1 -1 -1 -1
-1 -1 691 691 691 -1 -1 -1 -1
-1 -1 691 691 -1 -1
-1 -1 699 699 -1 -1 -1 -1
-1 -1 -1 -1 -1 -1 -1
-1 -1 693 693 693 -1 -1 -1 -1
-1 -1 688 -1 -1
-1 -1 679 -1 -1
-1 -1 -1 -1 -1
-1 -1 -1 -1 -1 -1 -1 -1 -1
-1 -1 698 698 -1 -1
-1 -1 689 -1 -1 -1 -1
-1 -1 680 680 -1 -1 -1 -1
-1 -1 -1 -1 -1 -1
-1 -1 680 680
-1 -1 694 694 694
-1 -1 680 680 680
-1 -1 690 690
-1 -1 693 693 693
-1 -1 693 693 693
-1 -1 699 699 699 -1 -1 -1 -1
-1 -1 696 696 696 -1 -1
-1 -1 695 695 -1 -1 -1 -1 -1 -1
-1 -1 -1 -1 -1 -1 -1 -1 -1 -1 -1 -1 -1 -1 -1 -1 -1 -1 -1
-1 -1 700 700 700 700 -1 -1 -1 -1 -1 -1 -1 -1 -1 -1
-1 -1 -1 -1 -1 -1
-1 -1 321 321 -1 -1
-1 -1 -1 -1 -1 -1
-1 -1 700 700 700 -1 -1 -1 -1 -1 -1 -1 -1 -1 -1
-1 -1 700 700 700 -1 -1 -1 -1
-1 -1 700 700 700 -1 -1
-1 -1 700 700 700 -1 -1
-1 -1 700 700 700 -1 -1
-1 -1 700 700 -1 -1
-1 -1 -1 -1 -1 -1 -1
-1 -1 679 -1 -1
-1 -1 -1 -1 -1 -1 -1 -1 -1 -1 -1
-1 -1 80 80 80 -1 -1
-1 -1 647 647
-1 -1 691 -1 -1 -1 -1
-1 -1 440 -1 -1 -1 -1 -1 -1
-1 -1 438 438 438 438 438 -1 -1 -1 -1 -1 -1
-1 -1 438 438 438 -1 -1 -1 -1 -1 -1
-1 -1 -1 -1 -1 -1 -1 -1 -1 -1 -1 -1 -1
-1 -1 -1 -1 -1 -1 -1 -1 -1 -1 -1 -1 -1 -1 -1 -1 -1
-1 -1 334 334 -1 -1 -1 -1 -1 -1 -1 -1 -1 -1
-1 -1 -1 -1 -1
-1 -1 -1 -1 -1 -1 -1
-1 -1 0 0 -1 -1 -1 -1 -1 -1 -1 -1
-1 -1 -1 -1 -1 -1 -1 -1 -1 -1 -1 -1 -1 -1 -1 -1 -1
-1 -1 -1 -1 -1 -1 -1 -1 -1 -1 -1
-1 -1 -1 -1 -1 -1 -1 -1 -1 -1 -1 -1 -1
-1 -1 -1 -1 -1 -1 -1 -1 -1 -1 -1 -1 -1 -1 -1 -1 -1
-1 -1 -1 -1 -1 -1 -1 -1 -1 -1 -1 -1 -1 -1 -1 -1 -1 -1 -1
-1 -1 -1 -1 -1 -1 -1 -1 -1 -1 -1 -1 -1 -1 -1 -1 -1
-1 -1 -1 -1 -1 -1 -1 -1 -1 -1 -1 -1 -1 -1 -1
-1 -1 -1 -1 -1 -1 -1 -1 -1 -1 -1 -1 -1
-1 -1 -1 -1 -1 -1 -1
-1 -1 -1 -1 -1 -1 -1 -1
-1 -1 -1 -1 -1 -1 -1 -1 -1 -1
-1 -1 -1 -1 -1 -1 -1 -1
-1 -1 -1 -1 -1 -1 -1
-1 -1 185 185 185 -1 -1 -1 -1 -1 -1 -1 -1
-1 -1 185 185 185 -1 -1 -1 -1 -1 -1 -1 -1
-1 -1 185 185 185 -1 -1 -1 -1 -1 -1 -1 -1
-1 -1 185 185 185 -1 -1 -1 -1 -1 -1 -1 -1
-1 -1 0 0 -1 -1 -1 -1 -1 -1 -1 -1 -1 -1
-1 -1 268 268 -1 -1 -1 -1 -1 -1 -1 -1
-1 -1 268 268 -1 -1 -1 -1 -1 -1 -1 -1
-1 -1 -1 -1 -1 -1 -1 -1 -1 -1 -1
-1 -1 -1 -1 -1 -1 -1 -1 -1 -1 -1 -1 -1
-1 -1 -1 -1 -1 -1 -1 -1 -1 -1 -1 -1 -1
-1 -1 -1 -1 -1 -1 -1 -1 -1
-1 -1 -1 -1 -1 -1 -1
-1 -1 667 -1 -1
-1 -1 695 -1 -1 -1 -1
-1 -1 65 65 65 -1 -1 -1 -1 -1 -1
-1 -1 65 65 65 -1 -1 -1 -1 -1 -1
-1 -1 696 696 -1 -1 -1 -1
-1 -1 690 690 -1 -1 -1 -1
-1 -1 698 -1 -1 -1 -1
-1 -1 -1 -1 -1 -1 -1
-1 -1 688 688 -1 -1 -1 -1 -1 -1
-1 -1 -1 -1 -1 -1 -1 -1 -1 -1 -1
-1 -1 690 690 -1 -1 -1 -1
-1 -1 680 -1 -1 -1 -1
-1 -1 -1 -1 -1
-1 -1 566 566 -1 -1
-1 -1 566 566 -1 -1
-1 -1 -1 -1 -1 -1 -1 -1 -1 -1 -1
-1 -1 -1 -1 -1 -1 -1 -1 -1
-1 -1 -1 -1 -1 -1 -1 -1 -1 -1 -1 -1 -1 -1 -1 -1 -1
-1 -1 -1 -1 -1 -1 -1 -1 -1 -1 -1 -1 -1 -1 -1 -1 -1 -1 -1
-1 -1 -1 -1 -1 -1 -1 -1 -1 -1 -1
-1 -1 -1 -1 -1 -1 -1 -1 -1 -1 -1 -1 -1 -1 -1 -1 -1 -1
-1 -1 -1 -1 -1 -1 -1 -1 -1 -1 -1 -1 -1
-1 -1 -1 -1 -1 -1 -1 -1 -1
-1 -1 -1 -1 -1 -1 -1 -1 -1 -1 -1 -1 -1 -1 -1 -1 -1
-1 -1 -1 -1 -1 -1 -1 -1 -1 -1 -1 -1 -1 -1 -1 -1
-1 -1 -1 -1 -1 -1 -1 -1 -1 -1 -1 -1 -1 -1 -1 -1
-1 -1 -1 -1 -1 -1 -1 -1 -1 -1 -1
-1 -1 -1 -1 -1 -1 -1 -1 -1 -1 -1 -1 -1 -1 -1 -1 -1 -1 -1
-1 -1 -1 -1 -1 -1 -1 -1 -1 -1 -1
-1 -1 -1 -1 -1 -1 -1 -1 -1
-1 -1 -1 -1 -1 -1 -1 -1 -1 -1 -1 -1 -1 -1
-1 -1 -1 -1 -1 -1 -1 -1 -1 -1 -1
-1 -1 -1 -1 -1 -1 -1 -1 -1 -1 -1 -1 -1 -1 -1 -1 -1
-1 -1 -1 -1 -1 -1 -1 -1 -1 -1 -1 -1 -1 -1
-1 -1 -1 -1 -1 -1 -1 -1 -1 -1 -1
-1 -1 -1 -1 -1 -1 -1 -1 -1 -1 -1 -1
-1 -1 -1 -1 -1 -1
-1 -1 -1 -1 -1 -1 -1 -1 -1
-1 -1 -1 -1 -1 -1 -1 -1 -1 -1
-1 -1 -1 -1 -1 -1 -1 -1 -1
-1 -1 -1 -1 -1 -1
-1 -1 -1 -1 -1 -1 -1 -1
-1 -1 -1 -1 -1 -1 -1
-1 -1 -1 -1 -1 -1
-1 -1 -1 -1 -1 -1 -1 -1 -1 -1 -1 -1 -1 -1 -1 -1 -1 -1
-1 -1 -1 -1 -1 -1 -1 -1 -1
-1 -1 -1 -1 -1 -1 -1 -1 -1 -1 -1
-1 -1 -1 -1 -1 -1 -1 -1 -1 -1 -1
-1 -1 -1 -1 -1 -1 -1 -1 -1 -1 -1 -1 -1 -1 -1 -1 -1 -1 -1
-1 -1 -1 -1 -1 -1 -1 -1 -1 -1 -1
-1 -1 -1 -1 -1 -1 -1 -1 -1 -1 -1
-1 -1 -1 -1 -1 -1 -1 -1 -1
-1 -1 -1 -1 -1 -1 -1 -1 -1 -1 -1 -1 -1
-1 -1 -1 -1 -1 -1 -1 -1 -1 -1 -1
-1 -1 -1 -1 -1 -1 -1 -1 -1 -1 -1 -1 -1 -1 -1 -1 -1 -1
-1 -1 -1 -1 -1 -1 -1 -1 -1 -1 -1
-1 -1 -1 -1 -1 -1 -1 -1 -1
-1 -1 -1 -1 -1 -1 -1 -1 -1 -1 -1
-1 -1 -1 -1 -1 -1 -1 -1 -1
-1 -1 -1 -1 -1 -1
-1 -1 -1 -1 -1 -1 -1 -1 -1 -1 -1 -1 -1 -1 -1 -1
-1 -1 -1 -1 -1 -1 -1 -1 -1
-1 -1 -1 -1 -1 -1 -1
-1 -1 -1 -1 -1 -1 -1
-1 -1 -1 -1 -1 -1 -1 -1 -1
-1 -1 -1 -1 -1 -1 -1
-1 -1 -1 -1 -1 -1 -1 -1 -1 -1
-1 -1 -1 -1 -1 -1 -1
-1 -1 -1 -1 -1 -1 -1
-1 -1 -1 -1 -1 -1 -1
-1 -1 -1 -1 -1 -1
-1 -1 -1 -1 -1 -1 -1 -1 -1 -1 -1 -1 -1 -1 -1
-1 -1 -1 -1 -1 -1 -1 -1 -1 -1 -1 -1 -1 -1 -1
-1 -1 -1 -1 -1 -1 -1
-1 -1 -1 -1 -1 -1 -1 -1 -1 -1 -1 -1 -1 -1 -1
-1 -1 -1 -1 -1 -1
-1 -1 -1 -1 -1 -1 -1 -1 -1 -1 -1 -1
-1 -1 -1 -1 -1 -1 -1 -1 -1 -1 -1 -1 -1 -1 -1
-1 -1 -1 -1 -1 -1 -1 -1 -1 -1 -1 -1 -1 -1 -1 -1
-1 -1 -1 -1 -1 -1 -1 -1 -1 -1 -1 -1 -1 -1 -1 -1 -1 -1 -1
-1 -1 -1 -1 -1 -1 -1 -1 -1 -1 -1 -1 -1 -1 -1 -1 -1 -1 -1
-1 -1 -1 -1 -1 -1 -1 -1 -1 -1 -1 -1 -1 -1 -1
-1 -1 -1 -1 -1 -1 -1
-1 -1 -1 -1 -1 -1 -1
-1 -1 -1 -1 -1 -1 -1
-1 -1 -1 -1 -1 -1 -1
-1 -1 -1 -1 -1
-1 -1 -1 -1 -1
-1 -1 -1 -1 -1 -1 -1 -1 -1 -1 -1
-1 -1 -1 -1 -1 -1 -1 -1 -1 -1 -1 -1 -1 -1 -1 -1
-1 -1 -1 -1 -1 -1 -1 -1 -1 -1 -1 -1 -1 -1 -1 -1
-1 -1 -1 -1 -1 -1 -1 -1 -1 -1 -1
-1 -1 -1 -1 -1 -1 -1 -1 -1 -1 -1 -1 -1
-1 -1 -1 -1 -1 -1 -1 -1 -1 -1 -1
-1 -1 -1 -1 -1 -1 -1 -1 -1 -1 -1
-1 -1 -1 -1 -1 -1 -1 -1 -1 -1 -1 -1 -1
-1 -1 -1 -1 -1 -1
-1 -1 -1 -1 -1 -1 -1 -1 -1 -1
-1 -1 -1 -1 -1 -1 -1 -1 -1 -1 -1 -1 -1
-1 -1 -1 -1 -1 -1 -1 -1 -1 -1 -1
-1 -1 -1 -1 -1 -1 -1 -1 -1 -1 -1 -1 -1
-1 -1 -1 -1 -1 -1 -1 -1
-1 -1 -1 -1 -1 -1 -1 -1 -1 -1
-1 -1 -1 -1
-1 -1 -1 -1 -1 -1 -1 -1 -1 -1 -1 -1 -1 -1 -1 -1 -1 -1 -1
-1 -1 -1 -1 -1 -1 -1 -1 -1
-1 -1 -1 -1 -1 -1 -1 -1 -1 -1 -1 -1 -1 -1 -1 -1
-1 -1 -1 -1 -1 -1 -1 -1 -1 -1
-1 -1 -1 -1 -1 -1 -1 -1 -1 -1 -1 -1
-1 -1 -1 -1 -1 -1 -1 -1 -1 -1 -1 -1 -1 -1
-1 -1 -1 -1 -1 -1 -1 -1 -1 -1 -1 -1 -1
-1 -1 -1 -1 -1 -1 -1 -1 -1 -1 -1 -1
-1 -1 -1 -1 -1 -1 -1 -1 -1 -1 -1 -1 -1 -1
-1 -1 -1 -1 -1 -1 -1 -1 -1 -1 -1 -1
-1 -1 -1 -1 -1 -1 -1 -1 -1 -1 -1 -1 -1 -1 -1
-1 -1 -1 -1 -1 -1 -1 -1 -1 -1 -1 -1 -1 -1 -1 -1 -1 -1
-1 -1 -1 -1 -1 -1 -1 -1 -1 -1 -1 -1 -1
-1 -1 -1 -1 -1 -1 -1 -1 -1 -1 -1 -1 -1 -1
-1 -1 -1 -1 -1 -1
-1 -1 -1 -1 -1 -1 -1 -1 -1
-1 -1 -1 -1 -1 -1 -1 -1
-1 -1 -1 -1 -1 -1
-1 -1 -1 -1 -1 -1 -1 -1 -1 -1
-1 -1 -1 -1 -1 -1 -1 -1 -1 -1 -1 -1 -1 -1
-1 -1 -1 -1 -1 -1 -1 -1 -1 -1 -1 -1
-1 -1 -1 -1 -1 -1 -1 -1 -1 -1 -1 -1
-1 -1 -1 -1 -1 -1 -1 -1 -1
-1 -1 -1 -1 -1 -1 -1 -1 -1 -1 -1
-1 -1 -1 -1 -1 -1 -1 -1 -1 -1 -1 -1
-1 -1 -1 -1 -1 -1 -1 -1 -1 -1 -1
-1 -1 -1 -1 -1 -1 -1 -1 -1 -1 -1 -1
-1 -1 -1 -1 -1 -1 -1 -1 -1 -1 -1
-1 -1 -1 -1 -1 -1 -1 -1 -1 -1 -1 -1 -1 -1 -1 -1 -1 -1
-1 -1 -1 -1 -1 -1 -1 -1 -1 -1
-1 -1 -1 -1 -1 -1 -1 -1
-1 -1 -1 -1 -1 -1 -1 -1
-1 -1 -1 -1 -1 -1 -1 -1 -1 -1
-1 -1 -1 -1 -1 -1 -1 -1 -1
-1 -1 -1 -1 -1 -1 -1 -1 -1
-1 -1 -1 -1 -1 -1 -1 -1
-1 -1 -1 -1 -1 -1 -1 -1
-1 -1 -1 -1 -1 -1 -1 -1
-1 -1 -1 -1 -1 -1 -1 -1
-1 -1 -1 -1 -1 -1 -1 -1 -1 -1 -1 -1 -1 -1 -1 -1 -1 -1
-1 -1 -1 -1 -1 -1 -1 -1
-1 -1 -1 -1 -1 -1 -1 -1 -1 -1 -1 -1 -1
-1 -1 -1 -1 -1 -1 -1 -1 -1 -1 -1 -1 -1
-1 -1 -1 -1 -1 -1 -1 -1 -1 -1 -1 -1
-1 -1 -1 -1 -1 -1 -1 -1 -1 -1 -1
-1 -1 -1 -1 -1 -1 -1 -1
-1 -1 -1 -1 -1 -1 -1 -1 -1 -1 -1 -1 -1
-1 -1 -1 -1 -1 -1 -1 -1
-1 -1 -1 -1 -1 -1 -1 -1 -1 -1
-1 -1 -1 -1 -1 -1 -1 -1 -1 -1 -1 -1
-1 -1 -1 -1 -1 -1
-1 -1 -1 -1 -1 -1 -1 -1 -1
-1 -1 -1 -1 -1 -1 -1 -1 -1 -1
-1 -1 -1 -1 -1 -1 -1 -1 -1 -1
-1 -1 -1 -1 -1 -1 -1 -1 -1 -1 -1 -1
-1 -1 -1 -1 -1 -1 -1 -1 -1 -1 -1 -1
-1 -1 614 -1 -1 -1 -1 -1 -1 -1 -1 -1 -1
-1 -1 641 641 641 -1 -1
-1 -1 641 641 641 -1 -1
-1 -1 209 209 209 -1 -1
-1 -1 641 641 -1 -1
-1 -1 641 641 -1 -1 -1 -1
-1 -1 641 641 641 -1 -1
-1 -1 641 641 641 -1 -1
-1 -1 641 641 641 -1 -1
-1 -1 263 263 -1 -1 -1 -1 -1 -1 -1 -1
-1 -1 585 585 585 -1 -1 -1 -1 -1 -1 -1 -1 -1 -1
-1 -1 585 585 585 -1 -1 -1 -1 -1 -1 -1 -1
-1 -1 -1 -1 -1 -1
-1 -1 263 263 -1 -1 -1 -1 -1 -1 -1 -1
-1 -1 181 181 181 -1 -1
-1 -1 373 373 373 -1 -1 -1 -1
-1 -1 373 373 373 -1 -1 -1 -1
-1 -1 373 373 373 -1 -1 -1 -1
-1 -1 641 641 -1 -1 -1 -1 -1 -1
-1 -1 641 641 641 641 -1 -1 -1 -1
-1 -1 641 641 641 -1 -1
-1 -1 641 641 641 -1 -1 -1 -1 -1 -1
-1 -1 641 641 641 -1 -1 -1 -1
-1 -1 641 641 641 -1 -1 -1 -1 -1 -1
-1 -1 641 641 641 -1 -1 -1 -1 -1 -1
-1 -1 641 641 641 -1 -1 -1 -1
-1 -1 -1 -1 -1 -1 -1 -1 -1 -1 -1 -1
-1 -1 612 612 612 -1 -1 -1 -1
-1 -1 612 612 612 -1 -1 -1 -1
-1 -1 612 612 612 -1 -1 -1 -1 -1 -1
-1 -1 612 612 612 -1 -1 -1 -1
-1 -1 612 612 612 -1 -1 -1 -1 -1 -1
-1 -1 612 612 612 612 -1 -1 -1 -1
-1 -1 612 612 612 -1 -1 -1 -1
-1 -1 641 641 641 -1 -1
-1 -1 234 234 234 -1 -1 -1 -1
-1 -1 234 234 234 -1 -1
-1 -1 641 641 641 -1 -1
-1 -1 641 641 -1 -1
-1 -1 263 263 -1 -1 -1 -1 -1 -1 -1 -1
-1 -1 641 641 641 -1 -1
-1 -1 641 641 641 -1 -1
-1 -1 641 641 641 -1 -1
-1 -1 229 229 229 -1 -1
-1 -1 -1 -1 -1 -1 -1 -1 -1
-1 -1 229 229 229 -1 -1 -1 -1 -1 -1
-1 -1 229 229 229 -1 -1 -1 -1 -1 -1
-1 -1 229 229 229 -1 -1 -1 -1 -1 -1
-1 -1 297 297 297 297 -1 -1
-1 -1 297 297 297 -1 -1 -1 -1
-1 -1 352 352 352 -1 -1 -1 -1 -1 -1
-1 -1 352 352 352 -1 -1
-1 -1 229 229 229 -1 -1 -1 -1
-1 -1 229 229 229 -1 -1 -1 -1 -1 -1
-1 -1 263 263 263 -1 -1 -1 -1 -1 -1
-1 -1 641 641 641 -1 -1
-1 -1 641 641 641 -1 -1
-1 -1 641 641 -1 -1
-1 -1 -1 -1 -1 -1 -1 -1 -1
-1 -1 641 641 -1 -1 -1 -1
-1 -1 641 641 -1 -1
-1 -1 -1 -1 -1 -1
-1 -1 641 641 -1 -1 -1 -1 -1 -1
-1 -1 181 181 181 -1 -1 -1 -1
-1 -1 641 641 641 -1 -1 -1 -1 -1 -1
-1 -1 641 641 -1 -1 -1 -1
-1 -1 641 641 641 641 -1 -1 -1 -1
-1 -1 641 641 641 -1 -1
-1 -1 641 641 641 -1 -1 -1 -1
-1 -1 641 641 641 -1 -1 -1 -1
-1 -1 263 263 -1 -1 -1 -1 -1 -1 -1 -1
-1 -1 641 641 641 -1 -1 -1 -1 -1 -1
-1 -1 641 641 641 -1 -1 -1 -1 -1 -1
-1 -1 641 641 641 641 -1 -1 -1 -1 -1 -1
-1 -1 641 641 641 -1 -1 -1 -1
-1 -1 209 209 209 209 -1 -1 -1 -1
-1 -1 641 641 641 641 -1 -1 -1 -1
-1 -1 690 690 -1 -1 -1 -1 -1 -1
-1 -1 -1 -1 -1 -1 -1
-1 -1 -1 -1 -1 -1
-1 -1 373 373 373 -1 -1
-1 -1 691 691 -1 -1
-1 -1 263 263 -1 -1 -1 -1 -1 -1 -1 -1 -1 -1
-1 -1 -1 -1 -1 -1
-1 -1 691 691 691 -1 -1 -1 -1
-1 -1 688 688 688 688
-1 -1 693 693 693
-1 -1 694 -1 -1
-1 -1 693 -1 -1
-1 -1 688 -1 -1 -1 -1
-1 -1 637 637 -1 -1 -1 -1
-1 -1 637 637
-1 -1 637 637 637 637
-1 -1 -1 -1
-1 -1 692 692
-1 -1 688 688
-1 -1 680 680
-1 -1 679 679 -1 -1
-1 -1 690 690 -1 -1
-1 -1 693 693
-1 -1 690 690
-1 -1 708 708 -1 -1
-1 -1 -1 -1
-1 -1 -1 -1
-1 -1 -1 -1
-1 -1 696 696 -1 -1
-1 -1 698 698 -1 -1
-1 -1 47 47
-1 -1 708 708 -1 -1
-1 -1 688 688
-1 -1 -1 -1 -1 -1 -1 -1
-1 -1 637 637 -1 -1
-1 -1 -1 -1 -1 -1 -1 -1
-1 -1 -1 -1 -1 -1 -1 -1
-1 -1 -1 -1 -1 -1 -1 -1 -1 -1 -1 -1
-1 -1 680 680 -1 -1
-1 -1 694 694 -1 -1
-1 -1 693 693 -1 -1
-1 -1 -1 -1 -1 -1 -1 -1
-1 -1 -1 -1
-1 -1 692 692 -1 -1
-1 -1 637 637 -1 -1
-1 -1 -1 -1
-1 -1 -1 -1 -1 -1
-1 -1 -1 -1
-1 -1 507 -1 -1 -1 -1
-1 -1 679 679 -1 -1 -1 -1 -1 -1 -1 -1 -1 -1
-1 -1 683 683 -1 -1 -1 -1 -1 -1
-1 -1 -1 -1 -1
-1 -1 691 691 691 -1 -1 -1 -1 -1 -1 -1 -1 -1 -1
-1 -1 698 698 -1 -1 -1 -1 -1 -1 -1 -1 -1 -1
-1 -1 679 679 -1 -1 -1 -1
-1 -1 -1 -1 -1 -1 -1 -1 -1 -1 -1 -1 -1 -1 -1
-1 -1 688 688 -1 -1 -1 -1 -1 -1 -1 -1 -1 -1
-1 -1 695 695 -1 -1 -1 -1 -1 -1 -1 -1
-1 -1 533 -1 -1
-1 -1 697 697 -1 -1 -1 -1
-1 -1 -1 -1 -1
-1 -1 -1 -1 -1 -1
-1 -1 696 696 696 -1 -1
-1 -1 -1 -1 -1 -1
-1 -1 694 694 -1 -1 -1 -1 -1 -1 -1 -1 -1 -1 -1 -1
-1 -1 692 692 -1 -1 -1 -1
-1 -1 688 688 -1 -1 -1 -1
-1 -1 -1 -1 -1 -1 -1 -1 -1 -1 -1 -1 -1
-1 -1 -1 -1 -1 -1 -1 -1 -1
-1 -1 -1 -1 -1 -1 -1 -1 -1
-1 -1 -1 -1 -1 -1 -1 -1 -1
-1 -1 -1 -1 -1 -1 -1 -1 -1 -1
-1 -1 -1 -1 -1 -1 -1 -1 -1 -1 -1 -1 -1 -1
-1 -1 697 697 697 -1 -1
-1 -1 697 697 697 -1 -1
-1 -1 679 -1 -1
-1 -1 638 -1 -1
-1 -1 683 -1 -1 -1 -1 -1 -1
-1 -1 697 -1 -1
-1 -1 690 -1 -1
-1 -1 693 -1 -1
-1 -1 683 -1 -1 -1 -1 -1 -1
-1 -1 697 -1 -1 -1 -1
-1 -1 -1 -1 -1 -1 -1
-1 -1 679 679 679 679 -1 -1 -1 -1
-1 -1 683 683 683 683
-1 -1 692 692 692 692
-1 -1 -1 -1 -1
-1 -1 -1 -1 -1 -1 -1
-1 -1 -1 -1 -1 -1 -1 -1
-1 -1 -1 -1 -1
-1 -1 -1 -1 -1 -1
-1 -1 -1 -1 -1 -1 -1
-1 -1 -1 -1
-1 -1 -1 -1 -1 -1 -1
-1 -1 -1 -1 -1
-1 -1 698 -1 -1
-1 -1 693 -1 -1
-1 -1 679 679 -1 -1 -1 -1 -1 -1
-1 -1 -1 -1 -1 -1 -1 -1
-1 -1 338 338 338 -1 -1 -1 -1
-1 -1 689 -1 -1 -1 -1 -1 -1
-1 -1 680 -1 -1
-1 -1 698 698 698
-1 -1 683 683 683
-1 -1 692 -1 -1
-1 -1 -1 -1 -1
-1 -1 691 -1 -1 -1 -1
-1 -1 679 -1 -1 -1 -1 -1 -1
-1 -1 696 -1 -1 -1 -1
-1 -1 691 -1 -1 -1 -1
-1 -1 688 -1 -1 -1 -1 -1 -1
-1 -1 705 705 -1 -1
-1 -1 705 705 -1 -1 -1 -1 -1 -1 -1 -1
-1 -1 705 705 -1 -1
-1 -1 705 705 -1 -1
-1 -1 546 -1 -1
-1 -1 603 603 603 -1 -1
-1 -1 603 603 603 -1 -1
-1 -1 56 56 -1 -1
-1 -1 56 56
-1 -1 563 563 563 563
-1 -1 690 690 -1 -1
-1 -1 -1 -1 -1 -1 -1
-1 -1 -1 -1 -1 -1 -1
-1 -1 691 691 -1 -1
-1 -1 696 696 696 -1 -1
-1 -1 562 562 562
-1 -1 680 680 -1 -1
-1 -1 -1 -1 -1 -1 -1
-1 -1 563 563 563 563 -1 -1 -1 -1 -1 -1 -1 -1 -1 -1
-1 -1 -1 -1 -1 -1 -1 -1 -1 -1 -1 -1 -1 -1 -1 -1 -1 -1
-1 -1 683 683
-1 -1 679 679
-1 -1 -1 -1 -1 -1
-1 -1 -1 -1
-1 -1 562 562 562
-1 -1 683 683 683 -1 -1 -1 -1
-1 -1 688 688 688 -1 -1
-1 -1 237 237 237 -1 -1
-1 -1 693 -1 -1 -1 -1 -1 -1 -1 -1 -1 -1 -1 -1 -1 -1
-1 -1 689 -1 -1 -1 -1 -1 -1 -1 -1 -1 -1 -1 -1 -1 -1
-1 -1 695 -1 -1 -1 -1
-1 -1 698 698 -1 -1
-1 -1 705 705 -1 -1 -1 -1 -1 -1
-1 -1 705 705 -1 -1
-1 -1 427 427 427 -1 -1 -1 -1
-1 -1 427 427 427 -1 -1 -1 -1 -1 -1
-1 -1 705 705 705 -1 -1 -1 -1
-1 -1 705 705 -1 -1
-1 -1 -1 -1 -1 -1
-1 -1 705 705 -1 -1 -1 -1 -1 -1 -1 -1
-1 -1 201 201 -1 -1 -1 -1 -1 -1
-1 -1 -1 -1 -1 -1
-1 -1 201 201 -1 -1 -1 -1 -1 -1
-1 -1 690 -1 -1
-1 -1 382 382 -1 -1 -1 -1 -1 -1
-1 -1 636 636 636 -1 -1 -1 -1
-1 -1 636 636 636 -1 -1 -1 -1 -1 -1 -1 -1 -1 -1
-1 -1 636 636 636 -1 -1 -1 -1 -1 -1 -1 -1 -1 -1
-1 -1 638 -1 -1
-1 -1 638 -1 -1
-1 -1 679 679 -1 -1
-1 -1 533 533 -1 -1 -1 -1 -1 -1
-1 -1 697 697 697 -1 -1
-1 -1 679 679 -1 -1
-1 -1 549 549 -1 -1 -1 -1 -1 -1
-1 -1 693 693 693 -1 -1 -1 -1
-1 -1 689 689 689 -1 -1 -1 -1 -1 -1 -1 -1
-1 -1 695 695 -1 -1 -1 -1 -1 -1
-1 -1 681 681 681 -1 -1 -1 -1 -1 -1
-1 -1 691 691 -1 -1 -1 -1 -1 -1
-1 -1 683 683 683 -1 -1
-1 -1 689 689 -1 -1 -1 -1
-1 -1 679 679 -1 -1 -1 -1 -1 -1
-1 -1 -1 -1 -1 -1 -1 -1 -1 -1 -1 -1
-1 -1 689 689 -1 -1 -1 -1 -1 -1 -1 -1 -1 -1 -1 -1
-1 -1 690 690 -1 -1 -1 -1 -1 -1 -1 -1 -1 -1
-1 -1 683 683 -1 -1 -1 -1 -1 -1 -1 -1
-1 -1 690 690 -1 -1 -1 -1 -1 -1 -1 -1 -1 -1 -1 -1
-1 -1 698 698 698 -1 -1
-1 -1 569 569 569 -1 -1
-1 -1 690 690 690 -1 -1 -1 -1 -1 -1 -1 -1
-1 -1 -1 -1 -1 -1 -1 -1
-1 -1 680 680 -1 -1
-1 -1 690 690 -1 -1 -1 -1 -1 -1
-1 -1 691 -1 -1 -1 -1
-1 -1 382 -1 -1
-1 -1 -1 -1 -1 -1 -1
-1 -1 -1 -1 -1
-1 -1 697 -1 -1 -1 -1 -1 -1
-1 -1 679 -1 -1 -1 -1 -1 -1
-1 -1 680 -1 -1 -1 -1
-1 -1 -1 -1 -1 -1
-1 -1 662 662 -1 -1
-1 -1 -1 -1 -1 -1 -1 -1 -1 -1
-1 -1 -1 -1 -1 -1 -1
-1 -1 702 702 702 -1 -1
-1 -1 662 662 -1 -1 -1 -1 -1 -1
-1 -1 662 662 662 -1 -1
-1 -1 -1
-1 -1 -1 -1
-1 -1 -1 -1
-1 -1 702 702 702 702 -1 -1
-1 -1 702 702 702 702 -1 -1
-1 -1 507 -1 -1
-1 -1 161 -1 -1
-1 -1 690 -1 -1 -1 -1
-1 -1 692 -1 -1
-1 -1 680 680 -1 -1 -1 -1 -1 -1 -1 -1
-1 -1 545 545 -1 -1 -1 -1 -1 -1 -1 -1
-1 -1 691 691 -1 -1 -1 -1 -1 -1 -1 -1
-1 -1 -1 -1 -1 -1 -1 -1
-1 -1 692 692 -1 -1 -1 -1 -1 -1 -1 -1
-1 -1 -1 -1 -1 -1
-1 -1 681 681 -1 -1 -1 -1
-1 -1 690 690 690 -1 -1 -1 -1 -1 -1
-1 -1 695 -1 -1 -1 -1
-1 -1 680 -1 -1 -1 -1
-1 -1 89 -1 -1 -1 -1 -1 -1 -1 -1
-1 -1 549 549 -1 -1 -1 -1
-1 -1 680 -1 -1
-1 -1 697 -1 -1 -1 -1 -1 -1
-1 -1 698 -1 -1
-1 -1 698 -1 -1 -1 -1 -1 -1
-1 -1 683 -1 -1
-1 -1 658 -1 -1 -1 -1
-1 -1 680 -1 -1 -1 -1
-1 -1 696 -1 -1 -1 -1 -1 -1
-1 -1 690 -1 -1 -1 -1 -1 -1
-1 -1 698 -1 -1 -1 -1
-1 -1 692 -1 -1 -1 -1 -1 -1
-1 -1 680 -1 -1 -1 -1
-1 -1 -1 -1 -1
-1 -1 690 -1 -1 -1 -1 -1 -1
-1 -1 689 -1 -1 -1 -1 -1 -1
-1 -1 89 -1 -1 -1 -1 -1 -1 -1 -1
-1 -1 689 -1 -1 -1 -1 -1 -1
-1 -1 680 -1 -1 -1 -1
-1 -1 689 -1 -1
-1 -1 679 -1 -1
-1 -1 680 -1 -1 -1 -1 -1 -1
-1 -1 680 680 -1 -1 -1 -1 -1 -1 -1 -1 -1 -1
-1 -1 679 679 -1 -1 -1 -1 -1 -1 -1 -1
-1 -1 690 690 -1 -1 -1 -1 -1 -1 -1 -1
-1 -1 680 -1 -1 -1 -1 -1 -1
-1 -1 683 -1 -1 -1 -1
-1 -1 -1 -1
-1 -1 440 -1 -1 -1 -1
-1 -1 679 -1 -1 -1 -1
-1 -1 638 -1 -1
-1 -1 638 -1 -1
-1 -1 695 -1 -1 -1 -1
-1 -1 -1 -1 -1
-1 -1 237 237 -1 -1 -1 -1
-1 -1 237 237 237 -1 -1
-1 -1 683
-1 -1 680
-1 -1 189 189 189 -1 -1
-1 -1 189 189 -1 -1
-1 -1 -1 -1 -1 -1 -1 -1 -1
-1 -1 696 696 -1 -1 -1 -1
-1 -1 683 -1 -1 -1 -1
-1 -1 295 -1 -1 -1 -1
-1 -1 695 -1 -1
-1 -1 695 -1 -1 -1 -1
-1 -1 -1 -1 -1 -1 -1
-1 -1 -1 -1 -1 -1 -1 -1
-1 -1 -1 -1 -1 -1 -1
-1 -1 -1 -1 -1 -1 -1 -1
-1 -1 -1 -1 -1 -1 -1 -1 -1 -1 -1 -1
-1 -1 295 -1 -1 -1 -1
-1 -1 -1 -1 -1
-1 -1 -1 -1 -1 -1 -1
-1 -1 594 -1 -1
-1 -1 683 -1 -1 -1 -1
-1 -1 697 -1 -1 -1 -1
-1 -1 667 -1 -1
-1 -1 628 -1 -1
-1 -1 697 -1 -1
-1 -1 680 680 680 680 -1 -1
-1 -1 237 -1 -1
-1 -1 295 -1 -1 -1 -1
-1 -1 315 315 -1 -1
-1 -1 315 315 -1 -1
-1 -1 683 683 -1 -1 -1 -1 -1 -1
-1 -1 690 -1 -1 -1 -1 -1 -1
-1 -1 697 -1 -1
-1 -1 691 -1 -1 -1 -1
-1 -1 415 -1 -1 -1 -1
-1 -1 696 -1 -1 -1 -1 -1 -1 -1 -1
-1 -1 68 68 -1 -1 -1 -1 -1 -1
-1 -1 698 698 698
-1 -1 -1 -1 -1
-1 -1 691 691
-1 -1 506 506 -1 -1
-1 -1 506 506 506 -1 -1
-1 -1 506 506 506 -1 -1
-1 -1 506 506 506 -1 -1
-1 -1 506 506 506 -1 -1
-1 -1 506 506 506 -1 -1
-1 -1 506 506 506 -1 -1 -1 -1 -1 -1
-1 -1 506 506 506 -1 -1 -1 -1
-1 -1 506 506 -1 -1
-1 -1 506 506 -1 -1
-1 -1 457 457 -1 -1 -1 -1
-1 -1 457 457 -1 -1 -1 -1 -1 -1
-1 -1 -1 -1 -1 -1
-1 -1 -1 -1 -1 -1 -1 -1 -1 -1 -1 -1
-1 -1 604
-1 -1 604
-1 -1 604
-1 -1 604
-1 -1 604
-1 -1 -1 -1
-1 -1 -1 -1
-1 -1 692 692 692 -1 -1
-1 -1 693 693 693 -1 -1
-1 -1 640 -1 -1
-1 -1 546
-1 -1 546 -1 -1
-1 -1 -1 -1 -1 -1 -1
-1 -1 -1 -1 -1 -1 -1 -1 -1 -1 -1 -1 -1 -1
-1 -1 249 249
-1 -1 350 350 350
-1 -1 350 350 350 350
-1 -1 350 350 350
-1 -1 350 350 350 350
-1 -1 231 231
-1 -1 -1 -1 -1 -1 -1 -1
-1 -1 -1 -1 -1 -1
-1 -1 -1 -1 -1 -1 -1
-1 -1 231 231 -1 -1 -1 -1 -1 -1 -1 -1 -1 -1
-1 -1 -1 -1 -1 -1 -1 -1
-1 -1 249 249 -1 -1
-1 -1 231 -1 -1 -1 -1 -1 -1 -1 -1 -1 -1
-1 -1 249 249
-1 -1 249 -1 -1
-1 -1 249 249 -1 -1 -1 -1
-1 -1 249 249 -1 -1
-1 -1 231 231 -1 -1 -1 -1 -1 -1 -1 -1 -1 -1 -1 -1
-1 -1 -1 -1 -1 -1 -1
-1 -1 671 671 671
-1 -1 -1
-1 -1 -1
-1 -1 -1 -1 -1 -1 -1 -1 -1
-1 -1 -1 -1 -1 -1 -1 -1 -1 -1 -1 -1
-1 -1 -1 -1 -1 -1 -1 -1 -1 -1
-1 -1 -1 -1 -1 -1
-1 -1 -1 -1 -1
-1 -1 -1 -1 -1
-1 -1 -1 -1 -1
-1 -1 -1 -1 -1 -1
-1 -1 -1 -1 -1 -1
-1 -1 -1 -1 -1 -1 -1 -1 -1
-1 -1 -1 -1 -1
-1 -1 -1 -1 -1
-1 -1 -1 -1 -1 -1 -1 -1 -1 -1 -1
-1 -1 -1 -1 -1 -1 -1 -1 -1 -1
-1 -1 -1 -1
-1 -1 -1 -1 -1
-1 -1 -1 -1 -1 -1 -1 -1 -1 -1 -1 -1
-1 -1 94
-1 -1 -1 -1 -1
-1 -1 250 250 -1 -1
-1 -1 250 250 250 -1 -1
-1 -1 250 250 250 -1 -1 -1 -1
-1 -1 -1 -1 -1 -1 -1
-1 -1 389 389
-1 -1 -1 -1 -1 -1
-1 -1 616 616 616 -1 -1
-1 -1 616 616 616
-1 -1 616 616 616 616
-1 -1 616 616 616 616
-1 -1 616 -1 -1
-1 -1 94 -1 -1 -1 -1 -1 -1
-1 -1 616
-1 -1 388 388 388
-1 -1 388 388 388
-1 -1 388 388
-1 -1 -1 -1 -1 -1 -1 -1 -1
-1 -1 389 389 389 -1 -1
-1 -1 389 389 389 389 -1 -1
-1 -1 389 389 -1 -1
-1 -1 -1 -1 -1 -1 -1 -1 -1
-1 -1 481 481 -1 -1 -1 -1
-1 -1 -1 -1 -1
-1 -1 -1 -1 -1
-1 -1 -1 -1 -1 -1
-1 -1 -1 -1 -1 -1
-1 -1 481 481 -1 -1 -1 -1
-1 -1 481 481 -1 -1 -1 -1 -1 -1
-1 -1 -1 -1 -1 -1
-1 -1 -1 -1 -1 -1 -1
-1 -1 349 349 349 -1 -1
-1 -1 -1 -1 -1 -1 -1 -1 -1
-1 -1 349 349 349 -1 -1
-1 -1 -1 -1 -1 -1 -1
-1 -1 -1 -1 -1 -1 -1 -1 -1 -1 -1 -1
-1 -1 -1 -1 -1 -1 -1 -1 -1
-1 -1 -1
-1 -1 -1 -1 -1 -1
-1 -1 -1 -1 -1 -1
-1 -1 -1 -1 -1 -1 -1 -1
-1 -1 -1 -1 -1 -1 -1
-1 -1 -1 -1 -1 -1 -1 -1 -1
-1 -1 -1 -1 -1 -1 -1 -1 -1
-1 -1 625 625 625 -1 -1 -1 -1 -1 -1
-1 -1 625 625 625 -1 -1 -1 -1 -1 -1
-1 -1 -1 -1 -1 -1 -1 -1 -1
-1 -1 -1 -1 -1
-1 -1 -1 -1 -1 -1
-1 -1 -1 -1 -1 -1 -1 -1
-1 -1 -1 -1 -1 -1 -1
-1 -1 -1 -1 -1 -1 -1 -1
-1 -1 -1 -1 -1 -1 -1 -1
-1 -1 -1 -1 -1 -1 -1
-1 -1 -1 -1 -1 -1 -1 -1 -1
-1 -1 -1 -1 -1 -1 -1 -1 -1
-1 -1 -1 -1 -1 -1 -1 -1
-1 -1 -1 -1 -1 -1 -1 -1
-1 -1 -1 -1
-1 -1 -1 -1
-1 -1 -1 -1 -1 -1
-1 -1 -1 -1 -1 -1
