1540
6554
1863
905
6284
464
815
3304
1954
119
1859
5058
4981
3733
891
1110
6575
5975
4516
3398
6757
3006
1444
1991
793
6362
6928
5608
6187
6397
3866
313
2269
6485
1725
123
1267
2898
1429
553
5995
3424
4028
1391
1544
3581
4966
5081
369
2311
1687
5830
3026
1124
3710
468
3122
6172
2511
4729
2233
3129
1432
5783
3639
3914
4784
855
6273
1549
7004
1266
5096
4568
607
4778
4122
925
6140
6629
6566
2844
6082
6060
4517
3382
7058
3106
297
1770
3587
4666
5318
6544
5637
5479
5851
6808
3958
1180
169
3169
4157
2723
1288
6965
523
1513
3471
2813
2439
2681
5794
2922
316
1431
3165
2472
5527
2566
1069
289
4082
2992
6875
6303
2687
6700
5448
3128
1065
2335
5383
5789
6881
4353
2717
6449
2371
822
6525
3355
4303
5190
1593
6710
6038
6476
914
6056
2830
4247
2969
3182
3413
7043
1883
5652
1584
2771
5068
2585
4311
5368
6551
6818
2890
618
3970
425
6120
4368
5405
4345
6304
7142
3221
4541
4974
2520
2097
6916
3035
4804
1199
4450
5708
1668
6865
6713
2142
4394
6777
2737
2008
3240
6931
2525
195
6792
2982
5707
5240
2815
4308
3920
411
2911
5495
481
2996
817
5125
4567
2305
4750
5662
6770
6143
4865
292
5242
1777
5760
3044
1856
5353
4110
7161
3130
2250
4626
6816
946
5803
1814
4774
2912
6530
2635
4571
6741
4209
3180
2685
223
1259
3046
2392
499
3944
5355
2715
4259
7129
1901
6716
4438
7029
6330
3648
6150
4069
1789
3040
6406
3497
272
4976
6701
5254
2011
835
3391
1718
5997
3697
1902
5511
5698
1601
6846
6750
4324
4274
2973
2548
5493
724
5304
3598
1796
6409
2833
2994
834
1283
1801
4680
3860
3962
5299
4841
4870
3810
1874
4657
2991
3924
2360
4615
244
3202
3971
2476
5738
786
5260
5244
3829
7052
3163
222
1162
6282
6118
5904
2868
6463
2337
3680
40
5378
6653
3591
5003
4463
4244
2485
5850
4802
4240
6673
7106
5849
5073
3455
2675
4504
4620
5398
234
6682
1699
5034
1248
5325
3706
4424
868
1511
7055
5036
5816
550
5216
6095
2441
3126
6670
1236
2887
674
4675
1090
3288
3296
1610
5955
665
2076
4530
6848
3250
3059
1408
6772
2899
4484
6429
5045
2891
4147
3936
5827
2157
4794
6431
1664
987
2906
5097
3491
1970
5082
7003
6196
621
4881
5986
4043
2105
723
4279
3779
9
997
6414
6514
1390
5255
5629
5167
5345
1984
1897
3412
585
1461
48
4742
3551
5193
5564
2054
6001
2198
1223
2284
4510
265
6191
4262
3998
7109
5127
2882
2038
4286
6500
3394
3927
4351
5230
5152
6652
4869
121
6926
1692
586
5802
6516
3980
3968
2875
4380
4795
913
4973
3485
4595
6478
1879
6428
1402
1685
5212
2759
5864
6049
2565
1791
2963
6030
2001
5024
6108
761
444
4299
6532
1755
5937
245
3811
4115
7124
5737
1388
3054
4583
1469
2764
5961
1421
5661
5139
990
5103
5751
2659
6686
6159
67
3039
3580
2785
4404
1759
6186
2714
6168
2207
7057
2618
977
4104
6798
2609
5965
2866
3645
5807
3280
5041
936
3422
5582
1567
2212
4847
2095
923
4610
3226
3569
1996
2173
4608
1590
3244
2753
2340
44
5671
466
4591
3117
220
6861
6614
6773
3113
382
2161
1931
1697
4837
4106
554
3452
2512
4067
6320
4185
3746
4523
6371
1363
6061
2037
5765
287
6162
3976
3610
6491
6565
5209
2750
1912
2338
1758
6147
6622
4206
2538
2215
511
7031
2179
1206
2120
2084
6593
1007
3444
5262
7169
3482
3428
726
1043
4908
6703
5375
5823
3719
6341
3646
981
1982
3768
6838
3402
4014
852
5177
6668
1410
2786
5233
2508
5934
2970
2919
6235
5334
965
1083
5407
2517
5381
4537
2746
5087
4848
5611
1885
3662
3072
5056
4427
2057
448
4769
6882
1690
6535
191
3782
270
6265
6355
3711
764
1364
2473
1119
1292
3285
5343
2918
4006
4895
4389
3900
3537
625
6676
3351
1528
746
1837
6511
3566
2829
5969
4012
4725
4647
2093
629
6522
6897
5784
1761
156
4922
662
4471
6291
1952
3985
1763
3325
4363
184
6458
5952
6331
565
489
6384
4860
3174
2951
3456
1872
3216
1104
6843
2053
6353
6776
1302
4819
6755
19
5571
4734
6031
5576
4801
6124
5064
2341
606
1964
3156
1178
4092
6527
3762
6182
1228
5506
304
2401
660
958
1464
1403
2351
5288
1265
1003
4789
5804
3621
4955
1899
6338
3899
4454
3947
5915
4378
5361
6988
6015
4358
6536
2275
7021
5282
4113
5761
5306
3486
4576
4195
6052
1967
6305
5621
1203
6492
5065
6450
3633
5137
4231
6524
818
6576
2325
2535
188
599
4934
1416
4063
4648
3064
1451
3683
2559
6175
2019
6218
4446
5606
5384
2315
4697
1943
3121
1623
539
6806
5248
1608
7167
1355
2708
2072
4272
403
6009
4242
2949
7028
670
3666
2730
133
3690
2106
5643
7007
2177
5119
207
2718
996
4364
7081
1152
549
701
1167
4360
55
1420
4079
3554
4929
5930
4163
2987
4293
1694
3785
5695
5145
2679
4369
6718
816
1105
5612
3538
1261
505
3047
4445
3111
6993
7105
399
3766
4210
1342
6266
4008
907
268
3220
1285
4616
6050
4782
2968
1809
84
3493
82
2492
4563
5245
6203
951
260
989
2529
3219
6508
5134
6963
3447
1158
5600
4994
5450
6059
619
3619
1024
6308
359
6494
2394
975
644
2301
3410
3429
2128
3198
5607
3334
6435
6830
3315
2751
5846
1333
232
5824
2231
336
3058
3747
2658
1941
5485
2004
331
1806
4813
26
5829
2716
2849
3940
1099
474
3472
7178
1677
5790
551
6084
4926
5776
5472
472
3806
2334
4694
4161
1309
838
543
6888
6121
368
4178
2395
1050
3161
4100
1346
4509
848
3842
258
6914
1027
2551
6829
6408
5317
76
96
620
152
1913
4997
2639
2861
68
53
100
3743
633
5668
3883
2034
4213
6317
491
5168
4948
6526
6937
3576
5449
5519
5508
1242
3545
6263
2068
5721
3918
4599
5455
1247
2027
1466
6821
105
2310
3692
5825
2646
3742
1262
2576
1742
2218
6697
4975
6309
7148
2504
4127
1810
3005
4721
4224
1238
4916
2116
5987
3999
6490
43
5509
4632
5690
144
3103
2561
4148
4935
4264
3643
5946
5213
6689
1336
3755
634
4191
3784
6018
5559
6420
1054
4072
2102
5017
2649
6800
4160
3830
108
4765
4713
2995
548
4406
3528
1041
1035
5150
99
4888
6373
3146
2801
2683
1515
836
6849
6351
2195
132
4460
6608
6804
5458
5029
3201
3839
4751
4719
775
3893
3458
141
1153
3397
966
4297
4904
6290
4268
2956
5719
3438
1010
2855
7111
3826
5515
3333
935
87
3326
2454
3925
4422
3010
3393
6938
5292
6711
217
5159
178
2264
6727
394
4836
3790
4662
14
6464
3523
6354
6828
5246
4589
6648
2342
4396
637
6823
1484
4859
901
6157
4949
624
5044
2905
4835
1522
322
2936
5999
6791
6528
69
4559
2255
1272
1921
2550
829
2249
6287
1766
678
4596
895
3283
1367
5979
143
5294
830
3877
1232
1080
6561
4109
4824
4108
4218
6761
32
5897
3232
370
6961
1009
5296
3275
1978
7115
168
6065
4565
5630
3323
4811
3062
3932
933
5476
6066
1942
1074
4407
6749
6177
729
1938
4722
4962
5469
1570
4403
5974
3852
1923
1971
2041
5530
5026
2052
358
5843
3321
4194
186
2251
2656
2376
1625
3789
6942
5281
1957
6259
566
7131
4434
6244
1193
5417
3237
820
5475
4840
2393
4414
515
6625
2013
5985
4977
2933
4135
2282
1171
730
5144
3479
2647
3153
6812
615
2895
5841
3184
2044
6552
1315
5818
4844
3236
529
6424
3218
2261
2863
490
1924
2689
3230
6319
6337
343
167
2856
2791
1354
4165
3089
2240
3013
1293
4277
1596
1230
5638
4808
3682
63
2940
2411
3467
2464
4355
3268
1526
6091
2568
6579
4637
3060
2946
1352
3396
556
3930
2058
314
5160
85
395
6877
7122
4866
2505
6779
4154
400
5088
3982
2070
2653
3901
378
150
3832
2778
4932
110
2362
1229
90
1956
5309
6419
4088
4314
2765
4791
4284
2839
3713
6344
4037
2877
88
386
4805
4757
2509
5178
4401
5192
6797
5981
6391
1674
6057
3350
1452
288
6983
2028
788
3408
4469
3953
5567
4048
1439
1816
2740
77
3864
4892
2747
5548
5617
5631
6396
3375
4846
2446
5349
2140
101
1233
2190
666
2957
1135
3577
1258
1112
4912
4674
4785
1239
3327
441
6587
4495
6611
2724
1594
6738
1064
3869
2862
350
2889
6591
1165
2636
2584
5346
5550
689
4505
7035
6395
4333
7062
6438
6103
2425
482
3773
6360
1979
2610
1237
875
6517
5837
2317
6441
4631
1441
4986
4219
5326
5963
900
1322
4641
3178
1506
1274
204
4073
3505
7170
5258
5914
6032
5976
4884
583
5539
1399
5948
1344
3772
712
2522
6257
5083
1118
4603
4281
1183
3511
5460
302
1753
3780
1100
1365
3186
3388
6370
269
4116
3411
4826
6489
6729
513
4761
438
5330
4942
3836
271
3284
4145
2619
1696
5196
3949
6501
2885
5109
6267
3520
3771
5421
6617
1756
4752
7
5703
1730
2902
2997
4708
6856
58
956
1689
2280
4940
2518
4103
6195
5187
6548
6759
2966
5327
2293
2880
3776
5165
6276
6730
970
2141
5574
64
5957
3622
880
4223
2582
3442
192
535
4886
4587
5657
1722
219
922
5183
3867
5811
1577
1304
3242
1960
2571
2430
2422
1757
2217
954
1823
7049
1284
3808
80
1724
5743
5039
74
6285
5251
6416
3108
6210
5788
944
2440
6817
4121
749
4027
4702
193
70
3954
6343
4987
1636
2377
6503
878
4839
4392
1719
6736
5055
3267
319
231
1216
3200
3276
3952
4200
2842
2608
3536
5477
1847
1911
1824
1277
4967
134
1672
4546
1834
3314
5040
3361
3475
6589
6851
2107
1733
4251
6243
4192
909
3507
1316
5252
1914
5771
4683
1871
3865
4096
1185
2016
1127
1928
2081
5978
1775
4129
4972
2302
2519
2932
3640
5614
7132
6874
6760
1934
842
305
2100
3074
4022
2383
7160
6398
3088
4842
2064
5117
2531
5467
558
3387
1561
4506
5264
1886
1106
5512
2503
439
5568
3320
3696
984
1565
2126
3357
2220
209
6347
3763
6811
1460
2185
4964
5223
41
6950
4141
4577
783
182
5079
1787
3732
1184
6690
7018
4643
4720
344
3579
1298
3494
1368
3312
3132
5201
473
5146
4126
1631
4366
3385
3095
2101
73
7125
5410
3277
5089
6982
21
5651
4112
849
1264
680
4526
4062
3435
3499
2711
301
6634
1360
6774
3519
6383
380
3571
4651
6969
1393
1798
898
2482
1693
5615
1976
3011
4630
6217
882
2874
475
4456
4490
2474
2073
318
203
2823
1569
6078
5632
509
4766
7113
3460
5354
6795
3069
3151
4346
311
871
2938
1039
3311
2892
1704
65
534
6692
6563
5950
5869
6799
2780
3814
1445
2133
4529
2710
1485
3950
3856
1790
2020
2611
6767
4550
2049
869
2230
5474
1842
1370
3550
1994
903
212
3984
3021
2169
4379
5335
2893
945
3791
1597
6919
1142
351
4472
6595
1045
964
5925
5867
1146
4760
6796
2399
2322
4594
5752
831
6908
5536
2540
2145
2170
4239
4947
3846
6621
5544
5956
4877
2007
2756
1046
732
5778
4635
4830
4382
7053
2935
2295
5372
3840
1357
102
6932
713
568
246
782
6448
15
173
4237
4985
844
6058
6442
3262
6392
616
5122
5696
2631
3701
3390
291
5141
2832
3644
1767
3688
6302
5834
1294
2961
6113
2419
3279
7045
6854
2590
2931
6054
5561
912
7100
6092
1134
4125
153
6412
3608
6964
2417
862
1555
6176
6044
2413
762
6647
5895
3578
823
2803
5019
1580
2437
650
1591
1633
2369
6340
5084
3272
342
924
704
953
2495
2063
4276
4186
4958
1407
5158
1838
5128
4731
6753
467
939
1434
5393
5597
4891
3905
3674
6339
3127
2838
1975
4622
1362
1448
7137
635
3477
2353
5090
5793
4005
365
4592
5669
216
2194
962
6133
6158
693
4451
5300
6930
581
2363
6318
3367
7136
5092
1057
1282
31
6138
3188
242
4383
2594
3553
6348
2988
2507
4636
1196
647
1366
7063
95
2705
3222
1234
1428
4527
8
6764
5832
3033
1510
3542
5268
1958
4166
5885
5572
1622
1095
3298
5594
2574
7066
3812
5886
931
4945
4235
4703
236
5491
5854
4385
5840
3823
6062
2272
2762
2158
7037
1589
6323
1260
2914
4498
3041
3618
2449
6512
595
4821
4570
4990
3708
5754
443
1141
5984
3468
2491
1782
1586
3420
5899
716
1149
1909
2238
5758
3599
2668
1966
4946
6667
6606
377
62
1325
1559
735
1477
13
6540
5490
5301
1706
608
434
5501
1379
1213
722
5947
4793
4649
1840
256
3093
4533
4639
2760
3329
6655
391
6151
1377
5554
1227
5702
6519
4686
3139
5649
1332
628
2159
5887
1509
4430
3673
2323
7134
5730
1345
3727
2349
2592
604
1530
2252
6905
2421
2387
5951
3736
5870
2896
3038
3017
1281
1008
393
1745
1319
3181
1356
6180
6645
926
5440
5042
2450
6209
4993
3694
4914
1457
330
109
3112
1246
6714
4039
2359
4728
5272
6293
1066
1320
3882
5877
12
1221
3517
1031
5464
6803
5890
6604
7145
4624
1006
1734
3134
2289
6229
3957
3300
3589
1493
1280
6470
5782
863
4362
2155
4189
4090
6233
2466
6011
3344
3001
2380
2510
5905
6911
1578
570
1038
4482
3247
4638
6975
6756
6377
2738
1595
6080
4031
6454
5819
7098
2304
6887
1189
125
1411
4706
4323
4425
702
2607
3068
113
7091
3102
3155
2719
4174
2617
2306
98
5929
3548
3167
3983
2033
4143
1380
4861
3695
4336
4768
1712
2573
2570
575
6534
758
3800
2025
2303
6581
5809
1773
4285
6390
2603
632
2974
1793
5154
4217
2799
6329
2003
5247
1675
1423
3020
1122
5278
6596
4918
6780
3596
4551
630
4573
3508
437
3948
3223
2783
2211
6876
2214
1051
3974
6264
4263
6585
3371
5755
2734
7174
2259
6694
3787
2187
2226
6468
3235
6016
323
6288
4234
4036
6223
1916
4499
5557
3844
1300
790
2184
6661
367
5038
546
1505
6920
3168
6471
2645
4078
3602
5639
676
3748
71
6487
6959
5352
1514
6292
6556
2370
572
1516
6683
6200
5699
955
2797
4097
4710
5113
5664
3661
6915
454
3362
5108
3480
3330
3556
4428
564
3282
2580
5070
4828
4487
6112
6910
952
2819
5351
4952
3521
1939
6616
5057
4139
5943
2754
3527
4628
4168
1799
6578
4018
2660
2697
3125
4089
2581
4197
3212
1717
34
5918
2153
2298
6299
4365
4704
2644
5172
4329
496
6256
6163
6644
4152
2467
1536
2463
6567
5308
5992
801
5592
3868
6786
4646
2313
809
6557
7181
617
2942
1545
4822
2670
3255
6901
6134
2733
3888
5967
214
7084
3185
3022
208
3664
3786
731
560
4476
3939
5433
993
3087
4332
4342
1273
4930
3734
104
5635
6657
4814
4767
1531
3653
4642
5716
5075
1060
7000
6603
3634
3817
200
1471
6020
3593
4700
4747
2642
6388
4676
442
6135
5977
2699
2354
3797
6615
6762
5445
1496
5917
355
915
97
3793
5016
6280
2984
5718
4086
2121
56
5173
5896
4843
780
6192
5465
2852
2545
5043
3828
5923
2494
659
5898
6114
4255
1463
1581
5970
1120
6145
2971
845
4727
3337
918
1155
4878
5739
6422
5273
5958
436
6224
1740
1200
2696
1673
3071
1088
5232
4153
1641
6631
5463
6171
1397
2881
4758
4331
5875
800
5555
7068
700
6272
6051
974
1098
2478
3843
160
5438
211
2355
3524
552
4050
187
1606
3712
4179
5932
4101
1748
2222
6813
262
3898
4502
2326
345
2225
3496
4058
3403
6945
4316
1637
1473
4212
3042
1036
3211
1762
1930
3607
2977
2297
50
7017
3535
6775
1
4150
6447
795
417
4391
2789
5136
4459
4915
5149
6971
503
6034
1882
796
3273
1311
2429
364
6699
4681
3084
4902
2182
3439
2729
3207
4602
341
4712
6980
1751
162
1700
2712
6894
1684
3977
3583
243
1012
1626
1297
3707
3546
6892
2156
7141
755
457
4118
1732
5054
3541
5663
2433
6380
5427
5599
3339
2575
115
5415
888
858
6482
2768
7087
1435
6440
6012
6545
6421
4493
3258
687
4080
5938
2290
2260
2328
531
1301
4477
5302
6216
2638
2339
916
4524
1287
3453
2221
5333
5855
5541
6459
648
4919
6003
5434
285
6884
3964
5329
3853
5202
6457
6643
4177
1781
4328
3636
2389
1156
4350
6268
798
6721
3582
2554
4984
672
1186
7154
7042
6090
2074
4423
3473
7027
4668
4421
20
3992
4140
3938
3443
6768
2676
3635
23
3395
4705
5588
2309
4397
5581
4633
1037
3703
6236
1532
985
879
1817
3401
5310
6261
6543
1701
5842
3916
5224
4578
6166
4909
2782
4698
4956
2458
1896
4041
6862
4266
1792
813
3912
5210
4071
1877
445
3788
238
2196
1140
5560
1576
4781
183
296
480
230
2018
3265
6893
2098
6584
530
4696
2787
1695
1049
4249
1286
6559
1864
774
843
917
661
6413
3278
5787
4737
5701
6230
4307
4417
420
6924
5892
1108
5913
4889
1419
1961
1034
4295
508
1893
3937
580
3368
4349
354
6083
4278
3959
1639
4010
6345
1317
6252
3043
6873
5844
2026
4685
4057
1651
881
6188
2118
5342
2498
6987
6515
4201
5682
440
2827
430
1123
6820
696
3142
7108
3724
1702
387
532
827
3946
1102
6620
4412
6496
1084
4433
4395
703
1628
5007
1820
5140
3650
626
6106
5403
3532
6432
4426
5188
4387
3756
1498
1613
1427
6850
6840
4669
7156
4939
5839
3048
6691
6096
3687
4806
1475
5688
1446
3224
1624
4581
3474
6477
3431
6099
6064
469
3660
3028
4606
5297
5289
5884
5683
1504
4575
3148
2859
5001
2701
1068
6254
2816
229
5911
2039
281
6742
2521
29
3249
6346
3847
697
5546
5271
4899
5706
6985
83
4959
6845
3603
4787
3441
2346
5625
5591
2117
1754
4102
2674
2921
6393
2894
899
5860
5274
1245
6472
3484
2847
6783
4464
847
2954
1067
2808
4691
3319
5781
3884
2265
3585
1802
4928
7143
5714
4190
4081
3665
3306
111
522
714
1592
3227
7010
5534
3500
5810
3512
1358
6521
6402
2928
1850
2205
1615
7130
4170
1192
117
5487
6999
199
1353
5319
3246
283
3338
6123
5423
5237
5673
1716
5959
3777
6136
5114
3294
6101
5880
2060
2672
4539
5507
1077
959
794
1737
4429
3667
2457
5766
2368
6073
3677
6104
6903
3588
6364
5013
3616
1139
6296
2165
6929
22
371
6899
4226
2236
596
1289
6369
894
2713
5388
4410
423
4999
2204
2410
2347
7101
4137
5991
4872
727
3253
7056
6912
4996
6784
2461
6326
2630
1919
5613
6411
4409
7179
2496
5989
5640
1517
6274
477
1339
6301
5488
646
5858
4176
734
3873
5725
1096
2318
846
2112
3803
5945
2547
6946
2663
547
2784
3187
3738
3685
911
3466
2314
5060
1813
4612
3085
6733
6947
5337
5940
126
2030
519
1851
139
72
6160
521
3631
1548
3859
2330
2625
4162
383
3575
1173
6109
6366
4306
5163
6956
451
6627
1963
4171
1582
2821
1147
3965
5882
1225
5099
4313
5873
1190
2131
6089
1776
859
2725
2709
5429
4282
1059
3206
5679
6367
1537
1182
2972
677
4807
4327
206
1599
6640
5881
3807
2416
3601
2166
3118
589
1467
5586
6665
4132
6425
6822
5207
6967
1308
1683
1533
960
2420
7120
4232
4318
3913
1560
3302
5480
3670
5727
3343
4046
1927
5444
6666
61
250
5198
2941
6949
1788
465
4538
6976
3380
584
5516
3739
1194
6087
4398
4978
447
2800
1454
2468
5387
821
16
4906
1056
5416
1890
7119
1022
3693
1508
4644
5941
5624
6531
2197
4291
5422
6948
2435
5675
226
5411
6723
1550
3342
3135
2864
2867
2691
6155
654
7054
744
4033
1728
2178
1392
5293
5176
6189
1029
4491
6385
2017
7144
416
1878
4466
6989
7012
5063
2694
3450
2296
4797
3257
1852
5324
3419
463
5533
5603
2246
1343
4682
4736
294
1026
2680
361
4507
247
2390
1997
2579
2110
5658
6720
5876
57
5656
2154
1327
884
779
1968
5746
2720
3681
299
6553
1574
5983
4468
3225
3632
2662
6115
2414
1848
357
5323
7152
3783
2307
225
4961
6316
5431
577
3269
5376
664
4119
4053
7009
5566
3835
5285
5779
978
7044
3764
3270
6510
1111
2364
3322
2152
6297
4207
7023
2321
5791
4083
2860
3462
4901
5191
759
1254
5341
5182
769
320
1870
4825
4753
5250
3841
5857
1109
6712
4017
4337
5741
2312
5166
3259
177
5194
7165
541
4315
1157
6853
3652
5936
1951
5424
1323
5373
610
5982
4733
7175
1033
6978
2728
2122
5425
5047
4478
5231
7074
6139
3066
2752
2188
886
4756
5520
6685
3445
4665
5806
3274
2348
1017
2825
5813
4816
1986
4441
3063
3955
5234
363
2886
114
5954
4196
2451
4709
889
4334
4500
3564
710
2384
517
89
1860
6533
3874
6878
2998
7146
1488
4320
2036
6870
4531
6077
1151
2480
5944
3426
6423
3510
2405
1235
1040
2235
6752
2266
3352
2552
3086
3798
6659
6734
5027
5542
5371
5303
4458
4890
983
4142
3295
6394
1384
1815
3737
2163
3993
4645
2634
2086
7085
5482
1835
1743
4621
3379
175
4123
5641
5408
3889
2382
7116
5489
2132
3034
3358
6167
5763
3934
5711
1658
1426
3377
5972
2219
4167
2622
2606
510
5822
5243
2555
1900
1063
3513
3024
1244
808
2769
415
2612
2398
1727
2263
5853
1660
814
198
1328
3476
3870
757
1861
4812
2267
2213
5942
0
6962
1512
4130
2397
1825
5110
1642
4965
4917
6886
1688
864
3886
6315
819
3813
3573
5796
1811
275
3205
3141
5928
7083
3997
201
6074
2062
4094
4780
2500
1278
6314
2448
4117
2593
6612
1253
2481
5685
2094
2138
3753
2515
2614
1166
971
6639
4667
419
5181
485
4105
6529
2546
107
5418
1414
6630
2527
2990
6586
1551
4687
5471
218
5484
6164
5275
2424
6028
3179
4604
1016
5037
1499
7041
4920
3903
3290
2329
5470
1340
639
4335
5595
172
2846
356
3875
6754
4634
6053
148
4770
375
1747
1114
5138
870
4925
3911
2727
1929
339
562
6592
3794
3423
6732
10
1249
4503
785
6208
5667
7001
2661
6262
1980
995
4026
6739
402
5279
7015
2726
4372
5456
6981
4829
1025
4849
2514
1144
2396
4763
6941
5596
2082
1447
6598
2627
4545
2490
5654
3792
4338
2040
976
3345
142
2484
1400
7094
2253
5584
501
5031
5964
1543
5218
3630
4388
1376
3454
1313
3816
3405
1295
2288
6465
4052
4732
3164
641
2262
1474
5436
1324
5740
6193
2412
2605
733
4613
1241
6913
4339
768
5461
5406
3725
6636
2445
2373
340
6992
6495
5102
651
2944
6205
5221
6361
6921
2443
6204
3018
6111
1226
1774
3516
5713
1588
5100
533
3317
210
4629
1483
3372
1946
5724
6365
3675
2271
3373
1832
4024
5861
6410
6071
3073
1197
5390
4399
348
5093
2654
715
4023
3159
1011
500
6298
708
4439
7177
4773
1987
6635
6277
5831
2096
872
2850
7002
2245
4574
138
1525
1644
5604
5399
2577
2836
5059
6430
2361
5863
6970
3543
3015
6462
1177
4738
6656
1030
3399
5535
3902
252
427
1179
2406
2558
1479
5095
2620
2024
5503
1572
4820
2682
6972
998
1382
1492
1680
4818
3837
1212
5532
1002
5062
4931
4481
3623
4447
3052
3104
79
1629
5505
2698
2578
3414
6986
4169
4755
1541
1137
5189
2989
3570
652
7162
2344
3478
4172
6997
6547
122
5644
2542
2022
3297
6250
2822
3678
1829
1000
3356
6225
7064
116
3529
5228
544
2035
5123
638
5735
3301
5185
3055
2981
5386
851
756
2600
1679
4371
4228
1786
5161
542
6725
396
2810
1985
1132
1224
3303
5204
4283
4199
3016
961
1341
6572
157
4786
2465
582
1116
151
4873
1969
4370
1667
4512
2174
6076
4416
2286
5462
3819
3083
2391
6202
1686
5443
5538
6922
3203
3558
7040
4348
5868
4352
1583
6017
3730
3717
1052
3406
2562
6810
1779
4040
1731
516
5420
3978
5878
4138
5949
6763
2541
2776
3281
3691
6039
2930
3704
324
1955
6541
1950
3561
4832
6131
3364
3457
2276
2426
3994
2228
7034
352
2749
3099
6896
1107
4296
1917
1086
5118
1524
4855
763
6805
376
5518
7182
4411
4322
5094
5435
1207
707
106
826
2486
5321
1220
6602
1495
6895
3483
2372
205
4655
1168
1101
3032
3000
2897
5270
854
4408
7060
3702
686
3923
6664
2010
2556
2475
388
7086
6094
5785
1566
709
5808
3973
6161
1231
4347
308
7006
5107
2722
3614
5691
424
2285
4243
5684
3705
4060
5265
1617
7128
453
1076
284
6726
7159
1875
3723
5939
2979
5014
3721
705
4131
1001
6832
591
3943
2381
6093
4076
5077
2539
136
4070
4193
4711
5900
5312
3077
537
2908
1296
741
6075
943
3328
4305
6126
4099
737
4513
4415
3354
4019
667
578
1279
428
1678
6538
1585
4077
3654
3595
3289
3897
2493
5753
6212
3590
4257
6927
4823
6045
3908
6788
6444
5226
991
6002
2091
5315
2099
3761
7110
803
2404
5459
4047
7089
120
5960
2983
3448
6207
753
4562
5653
1519
7072
3626
5428
4270
239
6260
3501
4483
6708
429
4181
5111
3293
2274
4260
5732
4511
3851
942
5331
773
6128
2162
5968
2087
2345
1547
5364
4265
3427
3459
2721
2268
3818
5171
592
1208
263
2379
1780
1275
1062
2677
149
3822
1211
5291
5453
748
5514
127
1711
3562
2488
728
1999
6179
1438
3600
3929
559
1926
3921
280
5805
3533
1125
4701
2805
2743
1620
5071
7138
4280
4377
52
4609
3504
5468
6213
3263
5859
4607
6654
4326
1136
5374
2243
1554
1085
398
1433
4715
176
3050
3617
3004
5990
525
1161
6504
910
4229
2350
1783
2045
721
682
2567
6035
5478
328
1195
6590
3233
3081
5980
6891
1148
5419
4245
1915
2501
5305
3613
6445
421
374
4298
5833
4882
2294
3961
4068
410
3144
4405
264
6294
1053
2343
459
5672
5441
2909
6
4211
3885
6789
6010
1032
5227
28
1087
3374
3996
6206
5452
2191
2628
5891
2767
1350
6600
892
35
6125
5826
3760
1256
5370
4544
4250
6328
4540
6153
5579
2239
5797
347
1210
6580
1858
1437
1873
5577
4084
2471
3833
5660
671
1713
2111
6954
3863
5677
2279
1023
6469
2572
5320
5731
6562
5814
2241
7024
6790
346
6022
3199
286
1222
6122
6169
6024
6070
1209
3515
6599
5049
3245
3526
2356
5215
738
3162
5759
538
6758
3346
1395
5820
2046
1962
5902
261
3825
3299
3158
5080
5131
4995
6751
1768
2428
3658
920
2316
1404
5356
5061
2432
373
5454
1884
2273
5430
2300
3584
274
6953
1191
306
75
3502
6456
5307
3107
6624
2587
3919
6067
4254
6637
4979
2407
5757
6228
514
2257
6037
4098
249
1349
3415
2327
2365
1378
3009
4907
3157
3563
2779
6325
2532
385
1268
5549
1440
4413
1760
4679
3449
4950
6958
7147
6137
1889
694
2884
3318
5729
2986
38
4772
4957
6809
4617
5143
3559
631
4056
1442
471
3366
5432
326
609
6787
4557
3769
6537
42
3138
1044
5267
2202
5
3251
7050
1082
3234
6672
1833
765
4796
1721
1159
5762
1269
5035
736
3012
6574
6605
6837
4444
3
2048
3981
576
2134
6368
6479
224
3172
1598
2256
2633
2688
4963
3855
1250
4910
2000
1014
5286
295
1669
3096
2137
4905
3418
5749
6814
1527
4436
5366
4373
6041
7157
435
6387
2962
6238
1937
4792
2702
2291
3166
3565
3880
3332
1169
4059
594
4065
4654
4309
6475
4518
446
3189
4627
5241
6836
1359
3309
1521
2533
6839
1650
279
6523
972
655
5628
5585
3348
1652
2770
5903
1117
6174
4854
6638
4982
1645
2123
5492
1406
5589
3922
5620
4678
5392
6735
196
3891
5552
3896
3669
6857
5540
2604
6940
6542
2167
5798
6702
1303
1385
4800
146
6211
2320
5206
7180
5666
2352
5259
4582
6923
649
45
1708
255
2146
1497
5133
2332
6974
4764
4971
3305
3030
885
1830
657
1995
4883
3310
874
1458
6253
5777
5558
2937
1422
5578
3892
2953
6883
5845
2809
6434
