-1 -1
-1 -1 -1 -1 -1 -1
39 -1 -1
-1 -1 -1 -1 -1 -1 -1 -1
-1 -1 -1 -1 -1 -1 -1
39 -1
-1 51 -1 -1 -1 -1
41 41 -1 -1 -1 -1 -1
-1 51 -1 -1 -1 -1
-1 -1
19 19 -1 -1 -1 -1 -1
-1 -1
-1 -1 -1 -1 -1 -1 -1
32 -1 -1 -1
6 -1 -1
32 -1 -1 -1
-1 -1 -1 -1 -1 -1
35 -1 -1
32 -1
17 17 17 17 -1 -1 -1
-1 -1 -1 -1
30 30 -1 -1
49 49 -1
29 29 -1 -1 -1 -1
5 5 -1 -1 -1 -1 -1 -1 -1 -1 -1 -1
-1 -1 -1 -1 -1
-1 -1 -1 -1 -1 -1 -1 -1 -1 -1
4
-1 -1
-1 -1 -1 -1 -1 -1
-1 -1 -1 -1 -1 -1
41 41 -1 -1 -1 -1 -1
49 49 -1 -1 -1 -1 -1
11 -1
32 -1 -1 -1
-1 -1 -1 -1 -1
32 -1 -1
-1 -1
-1 38 -1 -1 -1 -1
35 -1 -1 -1 -1 -1
34 -1 -1 -1 -1
-1 -1 -1 -1
53 -1 -1
32 -1 -1 -1
7 -1 -1
-1 -1 -1 -1
40 -1 -1 -1 -1 -1 -1 -1 -1 -1 -1 -1 -1 -1 -1 -1 -1
32 -1 -1 -1 -1 -1 -1 -1 -1 -1 -1
7 -1 -1
32 -1 -1 -1
2 2 -1 -1 -1
-1 -1 -1
-1 -1 -1 -1
-1
16 -1 -1 -1 -1 -1
26 26 -1 -1 -1
32 -1 -1 -1 -1 -1 -1
40 -1 -1
39 -1
16 -1 -1 -1 -1 -1
35 -1 -1 -1 -1
19 19 -1 -1 -1 -1 -1
-1 -1 -1 -1 -1 -1 -1 -1 -1 -1 -1 -1 -1 -1
41 41 -1 -1 -1 -1 -1 -1 -1
44 -1 -1 -1
-1 -1 -1
7 -1 -1
25 -1 -1 -1
-1 51 -1 -1 -1 -1 -1 -1
-1 -1 -1 -1 -1 -1
16 -1 -1
-1 -1 -1 -1
-1 -1 -1 -1 -1 -1
-1 -1 -1 -1 -1 -1 -1
40 -1 -1 -1
40 -1 -1 -1 -1 -1
15 -1
32 -1 -1 -1 -1 -1
-1 -1 -1
32 -1 -1 -1
35 -1 -1
32 -1 -1 -1 -1 -1 -1 -1
31 -1 -1 -1
-1 -1 -1
-1 -1 -1 -1 -1 -1 -1
36 36 -1 -1 -1 -1 -1
-1 -1 -1 -1 -1 -1
32 -1
-1 -1 -1 -1 -1
-1 -1 -1 -1 -1 -1 -1 -1
45 -1 -1 -1
-1 -1 -1
7 -1 -1 -1
16 -1 -1 -1
40 -1 -1
32 -1 -1 -1 -1 -1 -1 -1 -1 -1 -1 -1 -1
16 -1 -1 -1
-1
31 -1
-1 -1 -1 -1 -1 -1
31 -1
-1 -1 -1
-1 -1 -1 -1 -1 -1 -1 -1 -1
18 18 -1 -1
32 -1
13 13 -1 -1 -1
-1 -1
-1 -1 -1
35 -1 -1 -1 -1 -1
48 -1 -1
-1 -1 -1
33 -1 -1 -1 -1 -1 -1 -1
-1 -1 -1
-1 -1 -1 -1
-1 -1 -1 -1 -1
-1 -1 -1
-1 -1
40 -1 -1 -1 -1 -1 -1 -1 -1 -1 -1 -1 -1
41 41 -1 -1 -1 -1
-1
-1 -1 -1 -1 -1 -1 -1 -1
32 -1 -1
32 -1
-1 51 -1 -1 -1 -1 -1 -1
32 -1 -1 -1 -1
25 -1 -1 -1 -1 -1 -1 -1
33 33 -1 -1 -1
32 -1 -1 -1 -1 -1 -1 -1 -1 -1
33 33 -1 -1 -1 -1 -1 -1
7 -1 -1
-1 -1 -1 -1 -1 -1
32 -1 -1 -1
-1 -1 -1
30 30 -1 -1
2 2 -1 -1 -1 -1
-1 -1 -1 -1 -1
44 -1 -1
14 -1
48 -1
50 50
32 -1 -1 -1
25 -1 -1 -1 -1 -1 -1 -1 -1 -1 -1 -1 -1 -1 -1 -1
30 30 -1 -1
-1 -1 -1 -1 -1 -1 -1
-1 -1 -1
-1 -1 -1 -1
44 -1 -1 -1 -1 -1
-1 -1 -1 -1 -1 -1 -1 -1 -1 -1
4
15 -1 -1 -1
52 52 -1 -1 -1 -1 -1 -1
35 -1 -1
8 -1
-1 -1 -1 -1 -1 -1
-1 -1 -1
46 -1 -1 -1 -1 -1 -1
9 -1 -1 -1
43 43 -1 -1 -1 -1 -1 -1 -1
32 -1
32 -1 -1 -1
-1 -1 -1 -1 -1
35 -1 -1 -1
-1 38 -1 -1 -1 -1 -1 -1 -1
-1 -1 -1 -1
36 36 -1 -1 -1 -1
-1 38 -1 -1 -1
-1 -1 -1 -1 -1 -1
-1 -1 -1 -1 -1
48
29 29 -1 -1 -1 -1 -1 -1 -1
-1 -1 -1 -1 -1 -1
6 -1 -1 -1
-1 -1 -1 -1 -1 -1 -1 -1 -1
4
-1 -1 -1 -1 -1
32 -1 -1
35 -1
35 -1
-1 -1 -1 -1 -1 -1 -1 -1 -1 -1
25 -1 -1 -1 -1 -1 -1
-1 -1 -1 -1 -1
-1 -1
-1 -1 -1
-1 -1 -1 -1 -1 -1
45 -1 -1
9 -1
-1 -1 -1 -1 -1 -1 -1 -1 -1 -1
-1 -1 -1
23 -1 -1 -1 -1 -1 -1 -1 -1 -1 -1 -1 -1 -1 -1 -1 -1
-1 -1 -1 -1 -1 -1 -1 -1
-1 -1
19 19 -1 -1 -1 -1 -1
-1 -1 -1 -1
20 -1
4
-1 -1 -1 -1 -1 -1 -1 -1
13 13 -1 -1
-1 -1 -1 -1 -1 -1 -1 -1 -1 -1 -1 -1 -1 -1
0 0 -1 -1 -1 -1
17 17 17 17 -1
7
0 0 -1 -1 -1 -1 -1
-1 -1 -1
-1 -1 -1
35 -1
32 -1 -1 -1
-1 51 -1 -1 -1 -1 -1 -1
-1 -1 -1
28 28 -1
-1 -1 -1
-1 38 -1 -1 -1 -1 -1 -1 -1
-1 -1 -1 -1
14 -1 -1 -1
-1 -1 -1
32 -1
-1 -1 -1 -1 -1 -1 -1 -1
1 1 -1 -1 -1
54 54 -1 -1 -1 -1
-1 -1 -1
-1 -1 -1 -1 -1 -1 -1 -1 -1 -1 -1 -1
50 50 -1
8 -1 -1 -1 -1
32 -1 -1
-1 -1 -1 -1 -1
-1
32 -1 -1 -1 -1 -1
21 21 -1 -1 -1 -1
36 36 -1 -1 -1 -1 -1
-1 -1 -1
-1 -1 -1 -1
-1 38 -1 -1 -1 -1 -1
32 -1 -1
-1 -1 -1 -1 -1 -1
-1 38 -1 -1 -1 -1 -1
32 -1 -1 -1 -1 -1 -1 -1 -1 -1 -1 -1
14 -1 -1
32 -1 -1
4 4 4 -1 -1
-1 -1 -1 -1
34 -1 -1 -1
32 -1 -1
-1 -1 -1 -1 -1 -1 -1 -1 -1 -1 -1 -1 -1
0 0 -1 -1 -1 -1 -1 -1 -1
-1 -1 -1 -1
32 -1 -1
-1 -1 -1 -1 -1 -1
8 -1 -1 -1
15 -1 -1 -1 -1
41 41 -1 -1 -1 -1 -1
-1 -1 -1
-1 -1 -1
-1 38 -1 -1 -1 -1 -1 -1 -1
39 -1 -1
-1 -1 -1 -1 -1 -1
-1 -1 -1
32 -1
53 -1 -1
32 -1 -1
48 -1 -1 -1
-1 51 -1 -1 -1 -1 -1 -1 -1 -1
-1 -1 -1
5 5 -1 -1 -1 -1 -1
-1 -1 -1 -1 -1
28 28 -1 -1 -1 -1
-1 -1 -1
12 -1 -1 -1
21 21 -1 -1 -1 -1 -1 -1 -1
-1 -1 -1 -1 -1
32 -1 -1 -1 -1 -1
1 1 -1
-1 -1 -1 -1 -1 -1 -1 -1 -1
-1 -1 -1 -1
9 -1 -1
48 -1 -1 -1 -1 -1
35 -1 -1
30 30
35 -1 -1 -1 -1
35 -1 -1 -1 -1 -1 -1 -1 -1
-1 -1 -1 -1
-1 -1
43 43 -1 -1 -1 -1
32 -1 -1 -1 -1 -1 -1 -1 -1
-1 -1 -1
32 -1 -1 -1
32 -1 -1 -1
-1 38 -1 -1 -1 -1
-1 -1 -1 -1 -1
-1 -1 -1
-1 -1 -1 -1
-1 -1
35 -1 -1 -1
-1 -1
7 -1 -1
32 -1 -1
-1 -1 -1
32 -1 -1 -1
32 -1 -1
47 -1 -1 -1 -1 -1
15 -1 -1 -1 -1 -1 -1 -1
6 -1 -1 -1
-1 -1 -1 -1
-1 -1 -1 -1
32 -1 -1 -1 -1 -1 -1
-1 -1 -1
8 -1 -1 -1 -1 -1 -1 -1
30 30 -1
-1 -1 -1 -1 -1 -1
-1 -1
28 28 -1 -1 -1 -1
32 -1 -1 -1 -1
14 -1 -1
27 27 27 -1 -1 -1 -1 -1 -1 -1
9 -1 -1 -1 -1 -1 -1 -1 -1
-1 38 -1 -1 -1 -1 -1 -1 -1
39 -1
7 -1 -1 -1 -1
14 -1
-1 -1 -1 -1
-1 -1 -1
34 -1 -1
13 13 -1 -1
20 -1
32 -1 -1
36 36 -1 -1 -1 -1 -1 -1 -1 -1
21 21 -1 -1 -1
31 -1 -1 -1 -1 -1 -1 -1
35 -1 -1 -1
-1 -1 -1 -1 -1 -1 -1 -1 -1 -1
-1 38 -1 -1 -1 -1 -1
35 -1 -1 -1 -1 -1 -1 -1 -1 -1
41 41 -1 -1 -1 -1 -1 -1 -1
-1 -1 -1
14 -1 -1
18 18 -1 -1 -1
32 -1 -1 -1 -1 -1 -1
-1 -1 -1 -1 -1 -1 -1 -1
37 37 -1
-1 -1 -1 -1 -1
32 -1 -1 -1 -1
-1 -1 -1 -1 -1
6
32 -1 -1 -1 -1 -1
-1 -1
2 -1 -1
32 -1 -1 -1 -1 -1 -1 -1 -1
-1 -1
22 -1 -1 -1 -1 -1 -1 -1
32 -1 -1 -1
13 13 -1 -1 -1
32 -1 -1
48 -1 -1 -1 -1 -1
-1 -1 -1 -1 -1 -1 -1 -1 -1
32 -1 -1 -1 -1 -1
36 36 -1 -1 -1 -1 -1 -1
28 28 -1 -1 -1 -1 -1
44 -1 -1
32 -1
39 -1 -1
-1 -1 -1 -1 -1
-1 -1
-1 -1 -1 -1
42 -1 -1 -1
6 -1 -1
19 19 -1
48 -1
35 -1 -1
-1 -1 -1 -1 -1 -1 -1 -1 -1 -1
-1 -1 -1 -1 -1
33 -1
35 -1 -1
31 -1 -1 -1 -1 -1 -1 -1 -1 -1
-1 -1 -1 -1
9 -1 -1
-1 -1 -1 -1
-1 -1
5 5 -1 -1 -1 -1 -1
-1 -1 -1 -1 -1 -1 -1 -1 -1
4
35 -1 -1 -1
40 -1 -1 -1 -1
30 30 -1 -1
-1 -1 -1 -1 -1
46 -1 -1 -1 -1 -1 -1 -1
30 30 -1
39 -1 -1
44 -1 -1 -1
-1 38 -1 -1 -1 -1 -1
32 -1 -1 -1 -1 -1 -1
-1 -1 -1
41 41 -1 -1
-1 -1 -1 -1 -1 -1 -1
14 -1 -1 -1
35 -1 -1 -1
-1 -1 -1
-1 -1 -1 -1 -1
-1 -1 -1 -1 -1
-1 -1 -1 -1
20 -1 -1 -1 -1 -1 -1 -1
-1 38 -1 -1 -1 -1 -1
-1 -1 -1 -1 -1 -1 -1
42 -1
6 -1 -1 -1
-1 -1 -1 -1 -1
32 -1 -1 -1 -1
48 -1 -1 -1 -1
33 33 -1 -1 -1 -1
-1 -1 -1 -1 -1
-1 38 -1 -1 -1 -1 -1 -1
7 -1 -1
-1 -1
25 -1 -1 -1 -1 -1 -1 -1 -1 -1 -1
6 -1
32 -1 -1 -1 -1
-1 -1 -1 -1 -1
6 -1
12 -1 -1
-1 -1 -1 -1 -1
35 -1 -1 -1 -1 -1 -1 -1
26 26 -1 -1 -1 -1 -1
-1 -1
36 36 -1
39 -1 -1
-1 -1 -1 -1 -1 -1 -1 -1
-1 -1 -1 -1
-1 -1 -1 -1 -1 -1
30 30 -1
35 -1 -1 -1
40 -1 -1 -1 -1 -1
50 50 -1 -1
-1 -1
8 -1
36 -1
35 -1 -1
31 -1 -1 -1 -1 -1
-1 -1 -1 -1 -1 -1 -1 -1 -1 -1 -1 -1 -1 -1 -1
-1 -1 -1 -1
10
32 -1 -1 -1
32 -1 -1
-1 51 -1 -1 -1 -1 -1 -1 -1 -1 -1
30 30 -1 -1 -1
46 -1 -1
-1 -1 -1 -1 -1 -1
33 33 -1 -1 -1 -1
48 -1 -1 -1 -1
-1 -1 -1 -1 -1 -1
-1 -1 -1 -1 -1 -1 -1
-1 -1 -1 -1 -1
33 33 -1 -1 -1 -1 -1 -1
32 -1 -1 -1 -1 -1 -1 -1 -1 -1
-1 -1 -1
-1 -1 -1 -1 -1
10 -1 -1 -1
-1 -1 -1 -1 -1 -1
9 -1 -1 -1
-1 -1 -1
32 -1 -1 -1 -1 -1 -1 -1 -1
25 -1 -1 -1 -1
6 -1
-1 38 -1 -1 -1 -1
-1 -1 -1 -1 -1
39 -1 -1
-1 38 -1 -1 -1 -1
-1 -1
-1 -1 -1
-1 -1 -1 -1 -1 -1 -1 -1 -1 -1
-1 -1 -1
-1 -1
-1 38 -1 -1 -1 -1 -1
-1 38 -1 -1 -1 -1 -1 -1
-1
25 -1 -1 -1 -1 -1
-1 -1 -1 -1
7 -1 -1 -1
36 -1 -1
-1 -1 -1 -1 -1 -1 -1 -1
-1 -1 -1 -1
-1 -1 -1 -1 -1 -1 -1
-1 -1 -1
7 -1 -1 -1 -1 -1 -1 -1 -1
14 -1 -1 -1 -1
24 -1 -1
6 -1 -1
-1 51 -1 -1 -1 -1
11 -1
-1 -1 -1 -1
8 -1
48 -1 -1
35 -1 -1 -1
-1 -1 -1
6 -1 -1 -1
36 36 -1 -1 -1
35 -1 -1 -1 -1 -1
32 -1 -1
-1 -1 -1
33 33 -1 -1 -1 -1 -1 -1
29 29 -1 -1
-1 -1 -1 -1 -1 -1
32 -1 -1
11 -1
-1 -1 -1
-1 -1 -1 -1 -1 -1 -1
47 -1
5 5 -1
-1 38 -1 -1 -1 -1
-1 -1 -1
32 -1 -1 -1 -1 -1
32 -1 -1 -1
32 -1
-1 -1
-1
48 -1 -1
-1 -1 -1
46 -1 -1 -1 -1
-1 -1
6
-1 -1 -1 -1
9 -1 -1 -1
-1 -1 -1 -1 -1
-1 -1 -1 -1
41 41 -1 -1 -1 -1 -1 -1
-1 38 -1 -1 -1 -1 -1 -1
9 -1 -1
30 30 -1 -1 -1
2 -1 -1 -1 -1 -1 -1 -1 -1
32 -1 -1 -1 -1
40 -1 -1 -1 -1
-1 -1 -1 -1 -1 -1
11
-1 -1 -1 -1 -1 -1 -1 -1
-1 51 -1 -1 -1 -1 -1 -1 -1
-1 -1 -1 -1 -1 -1
-1 51 -1 -1 -1 -1
9 -1
-1 -1 -1 -1
22 -1 -1
9 -1
-1 -1 -1 -1 -1 -1
23 -1 -1 -1 -1 -1
24 -1
32 -1 -1
15 -1 -1
15 -1 -1 -1 -1 -1 -1 -1
26 26 -1 -1 -1 -1 -1
30 30 -1 -1 -1 -1 -1
-1 -1 -1 -1 -1
-1 -1 -1 -1 -1 -1 -1 -1 -1 -1
11 -1 -1
-1 -1 -1
-1 38 -1 -1 -1 -1 -1 -1 -1
-1 51 -1 -1 -1 -1 -1 -1 -1
-1 38 -1 -1 -1 -1
-1 -1 -1
7 -1 -1 -1 -1
34 -1 -1 -1 -1
32 -1
7 -1 -1 -1 -1
21 21 -1 -1 -1 -1 -1
-1 -1 -1
-1 -1
45 -1 -1 -1
32 -1 -1 -1 -1
-1 -1 -1
43 43 -1 -1 -1 -1 -1 -1 -1 -1 -1
-1 38 -1 -1 -1 -1 -1 -1 -1
17 17 17 17 -1
32 -1 -1 -1 -1
36 36 -1 -1 -1 -1 -1 -1
52 52 -1 -1
40 -1 -1 -1 -1 -1
-1 -1 -1 -1 -1
35 -1 -1 -1 -1 -1 -1
47
53 -1 -1
-1 38 -1 -1 -1 -1
-1 -1 -1 -1
-1 -1 -1 -1
22 22 -1 -1 -1 -1 -1
32 -1 -1 -1 -1 -1 -1 -1 -1
-1 -1 -1 -1 -1 -1 -1
-1 -1 -1 -1 -1 -1 -1 -1 -1
41 41 -1 -1 -1 -1 -1
40 -1 -1 -1 -1 -1 -1
30 30 -1
6 -1
33 33 -1
-1 -1 -1 -1 -1 -1 -1
24 -1 -1
30 30
32 -1 -1 -1
26 26 -1
-1 -1 -1 -1 -1 -1 -1
-1 -1 -1 -1 -1
32 -1 -1
53 -1 -1
35 -1 -1
-1 -1 -1 -1
-1 -1 -1
-1 -1 -1 -1 -1 -1 -1 -1 -1
9 -1 -1 -1 -1 -1
-1 -1
-1 -1 -1 -1 -1
13 -1 -1 -1
-1 -1 -1
39 -1 -1
9 -1
34 -1 -1 -1 -1 -1
31 -1 -1 -1
6
35 35 -1 -1
16 -1 -1 -1
-1 38 -1 -1 -1 -1
-1 -1 -1 -1
-1 -1 -1 -1
32 -1 -1 -1
40 40 -1 -1 -1 -1
32 -1 -1
45 -1 -1 -1
32 -1 -1
-1 -1
-1 -1 -1
-1 -1
7 -1
-1 -1 -1 -1 -1 -1 -1 -1
-1 -1 -1 -1 -1
-1 -1
-1 -1 -1 -1
32 -1 -1 -1
-1 -1 -1
-1
16 -1
53 -1
-1 -1 -1 -1
32 -1 -1 -1
35 -1 -1 -1 -1
32 -1 -1 -1
-1 51 -1 -1 -1 -1 -1
35 -1 -1 -1 -1
-1 -1 -1 -1
-1 51 -1 -1 -1 -1 -1 -1
39 -1 -1
-1 38 -1 -1 -1 -1 -1 -1 -1
-1 -1 -1
53 -1 -1
11 -1 -1 -1 -1 -1
-1 -1 -1
11 -1 -1 -1
18 18 -1 -1
30 30 30 30 -1 -1 -1
32 -1
3 -1 -1
53 -1
-1 -1 -1
32 -1 -1
-1 38 -1 -1 -1 -1
37 -1 -1
32 -1 -1 -1
-1 -1 -1
30 30 -1 -1 -1
-1 -1 -1 -1 -1 -1 -1 -1 -1
27 27 27 -1 -1 -1 -1 -1 -1 -1
0 0 -1 -1
-1 -1 -1 -1 -1 -1 -1
-1 -1 -1
24 -1 -1 -1 -1 -1 -1
-1 -1 -1 -1 -1
2 -1 -1 -1
-1 -1 -1 -1 -1
50 50 -1 -1
41 41 -1 -1 -1 -1 -1 -1 -1
50 50 -1
11 -1 -1 -1
-1 -1 -1 -1 -1 -1 -1
-1
52 52 -1 -1 -1 -1 -1 -1
30 30 -1 -1 -1
39 -1 -1
-1 -1
12
-1 51 -1 -1 -1 -1
2 -1 -1
-1 -1 -1
-1 -1 -1 -1 -1 -1
-1 -1 -1 -1 -1 -1
-1 -1 -1 -1 -1
-1 -1 -1 -1
33 33 -1 -1 -1
33 33 -1 -1 -1 -1
-1 -1
13 13 -1
-1
-1 -1 -1 -1 -1 -1 -1 -1 -1 -1 -1 -1 -1 -1
-1 -1 -1 -1
-1 -1 -1 -1
50 50 -1 -1 -1
28 28 -1 -1 -1 -1 -1
-1 -1 -1 -1 -1 -1 -1
35 -1 -1 -1 -1 -1
25 -1 -1 -1 -1
-1 -1 -1 -1 -1 -1
-1 -1 -1 -1 -1
-1 -1 -1 -1
-1 38 -1 -1 -1 -1 -1
8 -1 -1 -1 -1 -1 -1
47 -1 -1
13 13 -1 -1
-1 -1 -1
9 -1 -1
-1 -1 -1 -1 -1 -1 -1
-1 -1 -1 -1 -1 -1 -1 -1 -1
41 41 -1 -1 -1 -1 -1 -1 -1 -1 -1 -1 -1 -1
-1 -1 -1 -1
32 -1 -1 -1 -1 -1 -1
32 -1 -1 -1 -1 -1 -1
32 -1 -1 -1 -1 -1
30 30 -1 -1
32 -1
-1 -1 -1 -1 -1 -1 -1 -1
32 -1 -1 -1 -1 -1 -1 -1 -1 -1 -1
36 -1 -1 -1 -1 -1
36 -1 -1
32 -1 -1
14 -1 -1
9 -1
28 28 -1 -1 -1 -1 -1
-1 -1 -1 -1 -1 -1 -1 -1
22 22 -1 -1
24 -1 -1
32 -1 -1 -1 -1
-1 -1 -1 -1 -1 -1
17 17 17 17 -1 -1 -1 -1 -1 -1 -1
-1 51 -1 -1 -1 -1 -1
-1 -1 -1 -1 -1 -1 -1 -1 -1
20 -1 -1 -1 -1 -1 -1 -1 -1
33 -1
-1 -1 -1 -1 -1
35 -1 -1 -1 -1
41 41 -1 -1 -1 -1 -1 -1 -1 -1
-1 -1 -1
-1 38 -1 -1 -1 -1 -1
-1 -1
-1 -1 -1 -1
-1 -1 -1 -1 -1 -1 -1 -1 -1 -1 -1 -1
-1 38 -1 -1 -1 -1
30 30 -1 -1
-1 -1 -1 -1 -1 -1 -1
-1 -1 -1
-1 -1 -1 -1 -1 -1 -1 -1 -1 -1 -1 -1 -1
-1 51 -1 -1 -1 -1 -1 -1
-1 -1 -1 -1 -1 -1
32 -1 -1 -1 -1
25 -1 -1 -1 -1 -1 -1
7 -1 -1 -1
32 -1 -1 -1 -1
14 -1 -1
32 -1 -1 -1 -1 -1 -1 -1
44 -1 -1
-1 38 -1 -1 -1 -1 -1 -1 -1
40 -1 -1 -1 -1
44 -1 -1
37 -1 -1
15 -1
35 -1 -1
32 -1
35 -1 -1 -1 -1 -1 -1 -1 -1
-1 -1 -1 -1 -1 -1 -1 -1
-1 -1 -1
-1 -1 -1 -1
16 -1 -1 -1
7 -1 -1 -1
-1 -1
35 -1 -1
-1 -1 -1 -1 -1 -1 -1
-1 -1 -1 -1 -1 -1
-1 -1 -1 -1 -1 -1
32 -1 -1 -1 -1 -1 -1 -1 -1 -1 -1
32 -1 -1 -1 -1
35 -1 -1 -1 -1 -1 -1 -1
50 50 -1 -1 -1
11 -1 -1 -1
25 -1 -1 -1
-1
-1
-1
9 -1
-1 -1 -1 -1 -1 -1 -1 -1 -1 -1 -1 -1
32 -1 -1 -1 -1
10 -1 -1
-1 -1 -1 -1 -1 -1
-1 -1 -1 -1 -1 -1
-1 -1 -1 -1 -1 -1
41 41 -1 -1 -1 -1 -1
36 36 -1 -1 -1 -1 -1
-1 -1 -1 -1
-1 -1 -1 -1 -1 -1 -1 -1 -1 -1 -1
-1 -1 -1 -1 -1 -1 -1 -1 -1 -1 -1 -1
32 -1 -1
33 -1 -1 -1 -1 -1 -1 -1 -1 -1
32 -1 -1 -1 -1 -1 -1
-1 -1 -1
-1 -1 -1 -1
-1 -1 -1
30 30 -1
-1 -1 -1 -1 -1
32 -1 -1 -1 -1 -1 -1 -1 -1 -1 -1 -1 -1 -1 -1
4 4 -1 -1
-1 -1
53 -1 -1
10 -1
39 -1 -1
32 -1 -1 -1 -1 -1 -1 -1
54 54 -1 -1 -1 -1 -1 -1 -1 -1
-1 38 -1 -1 -1 -1 -1 -1 -1
48 -1 -1 -1
-1 -1 -1 -1 -1 -1 -1 -1 -1
-1 7 -1
15 -1 -1 -1
35 -1 -1 -1 -1 -1 -1
24 -1 -1 -1 -1 -1 -1 -1 -1
-1 -1 -1
25 -1 -1 -1 -1 -1 -1
52 52 -1 -1 -1 -1 -1 -1
7 -1 -1
-1 38 -1 -1 -1 -1 -1
21 21 -1 -1 -1 -1 -1 -1 -1 -1 -1
21 21 -1 -1
35 -1 -1 -1
-1 -1 -1 -1 -1 -1 -1
7 -1 -1
6
-1 -1 -1
-1 -1
16 -1 -1 -1 -1 -1
-1 38 -1 -1 -1 -1 -1
9 -1 -1
-1 -1
26 26 -1 -1 -1 -1 -1
35 -1 -1
1 1 -1 -1 -1 -1
44 -1 -1 -1
-1 -1 -1 -1 -1 -1 -1 -1 -1 -1 -1 -1
15
44 -1 -1 -1 -1
-1 38 -1 -1 -1 -1 -1 -1 -1
26 26 -1 -1 -1
32 -1 -1 -1 -1
32 -1 -1
35 -1 -1 -1 -1 -1 -1 -1 -1 -1
-1 -1
-1 -1
-1 -1 -1
36 36 -1 -1 -1 -1 -1
41 41 -1 -1 -1 -1 -1
47 -1 -1 -1
-1 -1 -1 -1 -1 -1
