-1 -1 -1 -1 -1
-1 -1 604
-1 -1 346 346 346
-1 -1 346 346 346
-1 -1 346 346 346
-1 -1 604
-1 -1 604
-1 -1 604
-1 -1 604
-1 -1 -1 -1 -1 -1
-1 -1 -1 -1 -1 -1
-1 -1 -1 -1 -1 -1 -1 -1
-1 -1 -1 -1 -1 -1
-1 -1 -1 -1 -1
-1 -1 689
-1 -1 342 -1 -1 -1 -1
-1 -1 138
-1 -1 -1
-1 -1 342 342 342
-1 -1 138 138
-1 -1 -1
-1 -1 696
-1 -1 689
-1 -1 698
-1 -1 -1
-1 -1 342 342 -1 -1
-1 -1 112 112 -1 -1
-1 -1 112 112 -1 -1 -1 -1
-1 -1 112 112 -1 -1
-1 -1 -1
-1 -1 -1
-1 -1 138 138 -1 -1
-1 -1 295 -1 -1
-1 -1 295 -1 -1
-1 -1 -1
-1 -1 290 -1 -1
-1 -1 606
-1 -1 -1
-1 -1 -1 -1 -1 -1
-1 -1 -1 -1 -1
-1 -1 -1 -1
-1 -1 -1 -1
-1 -1 -1 -1 -1
-1 -1 606
-1 -1 606
-1 -1 606
-1 -1 290 290 -1 -1 -1 -1
-1 -1 -1 -1 -1 -1
-1 -1 546
-1 -1 -1 -1 -1 -1
-1 -1 -1 -1 -1 -1 -1
-1 -1 606 -1 -1
-1 -1 606 -1 -1
-1 -1 546 -1 -1
-1 -1 -1 -1
-1 -1 -1 -1
-1 -1 -1
-1 -1 264 -1 -1 -1 -1 -1 -1
-1 -1 264 264 -1 -1 -1 -1
-1 679
-1 -1 -1
-1 -1 -1 -1 -1 -1 -1 -1
-1 -1 -1 -1 -1
-1 -1 -1 -1 -1
-1 -1 -1 -1 -1
-1 -1 -1 -1 -1
-1 -1 -1 -1 -1 -1
-1 -1 -1 -1 -1 -1 -1 -1 -1 -1
-1 -1 -1 -1 -1 -1 -1 -1 -1 -1
-1 -1 -1 -1 -1 -1 -1 -1 -1 -1
-1 -1 -1 -1 -1 -1
-1 -1 -1 -1 -1 -1
-1 -1 -1 -1 -1
-1 -1 604
-1 -1 695 695
-1 -1 690 690 -1 -1
-1 -1 680 680
-1 -1 691 691
-1 -1 690 690
-1 -1 691 691
-1 -1 697 697
-1 -1 695 695
-1 -1 691 691
-1 -1 690 690
-1 -1 628 628
-1 -1 695 695
-1 -1 690 690
-1 -1 646 646
-1 -1 646 646
-1 -1 646 646
-1 -1 688 688
-1 -1 646 646
-1 -1 646 646
-1 -1 688 688
-1 -1 407 407
-1 -1 604
-1 -1 604
-1 -1 604
-1 -1 604 -1 -1
-1 -1 -1 -1
-1 -1 604
-1 -1 486 -1 -1 -1 -1
-1 -1 -1 -1
-1 -1 663 663 -1 -1
-1 -1 663 663 -1 -1 -1 -1
-1 -1 663 663 -1 -1 -1 -1
-1 -1 663 663 -1 -1 -1 -1 -1 -1
-1 -1 663 663 -1 -1 -1 -1
-1 -1 486 -1 -1
-1 -1 449 -1 -1 -1 -1
-1 -1 486 486 -1 -1
-1 -1 486 486 486 -1 -1 -1 -1
-1 -1 486 486 -1 -1
-1 -1 486 486 -1 -1
-1 -1 486 486 486
-1 -1 486 486 -1 -1 -1 -1
-1 -1 486 486 486 -1 -1 -1 -1 -1 -1
-1 -1 486 486 486 -1 -1
-1 -1 486 486 486 -1 -1 -1 -1
-1 -1 486 486 486 -1 -1
-1 -1 499 499 499 499 -1 -1
-1 -1 499 499 499 499 499 -1 -1
-1 -1 499 499 499 499 499 499 -1 -1 -1 -1
-1 -1 -1 -1 -1 -1 -1 -1
-1 -1 686 -1 -1 -1 -1
-1 -1 220 220 -1 -1 -1 -1
-1 -1 220 220 -1 -1 -1 -1
-1 -1 686 686 -1 -1 -1 -1
-1 -1 216 216
-1 -1 -1 -1 -1 -1 -1 -1 -1
-1 -1 147 147 -1 -1
-1 -1 147 147 147 -1 -1
-1 -1 686 -1 -1 -1 -1
-1 -1 220 220 -1 -1
-1 -1 220 220 -1 -1
-1 -1 686 686 -1 -1 -1 -1
-1 -1 147 147 -1 -1 -1 -1
-1 -1 147 147 147 -1 -1 -1 -1
-1 -1 147
-1 -1 -1 -1 -1
-1 -1 -1 -1 -1 -1
-1 -1 486 -1 -1 -1 -1 -1 -1
-1 -1 547 547 -1 -1
-1 -1 547 547 547 -1 -1
-1 -1 547 547 547 547 -1 -1 -1 -1
-1 -1 547 547 547 -1 -1 -1 -1
-1 -1 40 40 40 40 40 -1 -1
-1 -1 40 40 40 40 40 40 -1 -1 -1 -1
-1 -1 547 547 -1 -1
-1 -1 547 547 547 -1 -1 -1 -1
-1 -1 547 547 -1 -1
-1 -1 547 547 547 -1 -1
-1 -1 547 547 547 -1 -1 -1 -1
-1 -1 547 547 -1 -1 -1 -1
-1 -1 547 547 547 -1 -1
-1 -1 547 547 547 547 -1 -1
-1 -1 547 547 547 -1 -1 -1 -1 -1 -1
-1 -1 499 499 499 -1 -1 -1 -1
-1 -1 499 499 499 499 -1 -1 -1 -1
-1 -1 499 499 499 499 -1 -1 -1 -1 -1 -1
-1 -1 486 -1 -1
-1 -1
-1 -1 449 449 -1 -1 -1 -1 -1 -1
-1 -1 449 449 449 -1 -1 -1 -1 -1 -1
-1 -1 24 24 -1 -1 -1 -1
-1 -1 609 609 609 -1 -1
-1 -1 609 609 609 609 -1 -1 -1 -1
-1 -1 -1 -1 -1
-1 -1 486 486 -1 -1
-1 -1 -1 -1 -1 -1
-1 -1 -1 -1 -1
-1 -1 -1 -1 -1
-1 -1 398 398
-1 -1 398 398 398
-1 -1 486 486 -1 -1 -1 -1
-1 -1 -1 -1 -1 -1 -1
-1 -1 -1 -1 -1 -1 -1
-1 -1 24 24 -1 -1 -1 -1
-1 -1 601 601 601 -1 -1
-1 -1 601 601 -1 -1
-1 -1 216
-1 -1 486 486 -1 -1
-1 -1 486 486 -1 -1 -1 -1
-1 -1 -1 -1 -1
-1 -1 486 -1 -1 -1 -1
-1 -1 -1 -1 -1 -1 -1
-1 -1 -1 -1 -1 -1
-1 -1 -1 -1 -1
-1 -1 421 -1 -1 -1 -1 -1 -1
-1 -1 421 -1 -1 -1 -1 -1 -1
-1 -1 -1 -1 -1 -1 -1 -1
-1 -1 421 421 421 -1 -1
-1 -1 -1
-1 -1 -1
-1 -1 -1
-1 -1 -1
-1 -1 -1
-1 -1 -1 -1
-1 -1 -1
-1 -1 50 50
-1 -1 402 402
-1 -1 673 673
-1 -1 230 230
-1 -1 267 267
-1 -1 493 493
-1 -1 143 143 143 143
-1 -1 508 508
-1 -1 644 -1 -1 -1 -1
-1 -1 604
-1 -1 644 644
-1 -1 604
-1 -1 604
-1 -1 644 644 -1 -1
-1 -1 -1
-1 -1 604 -1 -1
-1 -1 -1 -1 -1 -1 -1 -1 -1
-1 -1 -1 -1 -1 -1 -1 -1 -1
-1 -1 -1 -1 -1 -1
-1 -1 596 -1 -1
-1 -1 638 -1 -1
-1 -1 638 -1 -1
-1 -1 698 -1 -1 -1 -1
-1 -1 689 -1 -1
-1 -1 338 338 338
-1 -1 -1 -1 -1
-1 -1 698 698 698
-1 -1 374 374 -1 -1 -1 -1
-1 -1 -1 -1 -1 -1 -1
-1 -1 689 689 -1 -1 -1 -1
-1 -1 688 688 688
-1 -1 237 237 237
-1 -1 683 683 683
-1 -1 374 374 -1 -1 -1 -1 -1 -1
-1 -1 -1 -1 -1 -1
-1 -1 -1 -1
-1 -1 -1 -1 -1 -1 -1 -1
-1 -1 -1 -1 -1 -1 -1 -1 -1 -1
-1 -1 699 699 -1 -1 -1 -1 -1 -1
-1 -1 691 691 -1 -1 -1 -1
-1 -1 695 695 695 -1 -1
-1 -1 529 529 529 -1 -1 -1 -1
-1 -1 529 529 529 -1 -1 -1 -1
-1 -1 529 529 529 -1 -1 -1 -1 -1 -1
-1 -1 529 529 529 -1 -1 -1 -1 -1 -1
-1 -1 529 529 -1 -1 -1 -1
-1 -1 679 679 679 -1 -1 -1 -1
-1 -1 683 683 -1 -1 -1 -1 -1 -1
-1 -1 689 689 -1 -1 -1 -1 -1 -1
-1 -1 691 691 -1 -1
-1 -1 529 529 529 -1 -1 -1 -1
-1 -1 529 529 529 -1 -1 -1 -1 -1 -1
-1 -1 529 529 529 -1 -1 -1 -1 -1 -1
-1 -1 529 529 -1 -1 -1 -1
-1 -1 683 683 683 -1 -1 -1 -1
-1 -1 688 688 -1 -1 -1 -1 -1 -1
-1 -1 680 680 -1 -1 -1 -1
-1 -1 696 696 696 -1 -1
-1 -1 679 679 -1 -1
-1 -1 295 295 -1 -1 -1 -1 -1 -1
-1 -1 689 689 -1 -1 -1 -1 -1 -1
-1 -1 618 618 -1 -1
-1 -1 -1 -1 -1 -1
-1 -1 618 618 -1 -1 -1 -1
-1 -1 679 679 -1 -1 -1 -1
-1 -1 688 688 -1 -1 -1 -1 -1 -1
-1 -1 697 697 697 -1 -1 -1 -1
-1 -1 688 688 -1 -1 -1 -1
-1 -1 689 689 -1 -1 -1 -1
-1 -1 -1 -1 -1 -1 -1 -1 -1 -1
-1 -1 618 618 -1 -1
-1 -1 680 680 -1 -1 -1 -1 -1 -1 -1 -1
-1 -1 697 697 -1 -1 -1 -1 -1 -1 -1 -1
-1 -1 -1 -1 -1 -1
-1 -1 529 529 529 -1 -1 -1 -1 -1 -1
-1 -1 529 529 529 -1 -1 -1 -1 -1 -1 -1 -1
-1 -1 529 529 -1 -1 -1 -1 -1 -1
-1 -1 529 529 529 -1 -1 -1 -1 -1 -1
-1 -1 529 529 529 -1 -1 -1 -1 -1 -1 -1 -1
-1 -1 529 529 -1 -1 -1 -1 -1 -1
-1 -1 -1 -1 -1 -1 -1 -1
-1 -1 618 618 -1 -1 -1 -1
-1 -1 683 683 -1 -1
-1 -1 697 697 697 -1 -1 -1 -1 -1 -1
-1 -1 679
-1 -1 688 -1 -1 -1 -1
-1 -1 638 -1 -1
-1 -1 638 -1 -1
-1 -1 695 -1 -1 -1 -1
-1 -1 103 103 -1 -1 -1 -1
-1 -1 638 -1 -1
-1 -1 638 -1 -1
-1 -1 691 691 -1 -1 -1 -1 -1 -1
-1 -1 697 697 -1 -1 -1 -1
-1 -1 697 697 -1 -1
-1 -1 693 -1 -1 -1 -1
-1 -1 -1 -1 -1 -1 -1 -1 -1 -1 -1
-1 -1 -1 -1 -1 -1 -1 -1 -1 -1 -1
-1 -1 -1 -1 -1 -1
-1 -1 -1 -1 -1 -1 -1 -1
-1 -1 -1 -1 -1 -1 -1 -1 -1 -1
-1 -1 -1 -1 -1 -1 -1 -1 -1 -1 -1
-1 -1 -1 -1 -1 -1 -1 -1 -1
-1 -1 -1 -1 -1 -1 -1 -1 -1
-1 -1 507 -1 -1 -1 -1 -1 -1
-1 -1 507 -1 -1 -1 -1
-1 -1 507 -1 -1 -1 -1 -1 -1
-1 -1 507 -1 -1 -1 -1 -1 -1
-1 -1 507 -1 -1 -1 -1 -1 -1 -1 -1
-1 -1 -1 -1 -1
-1 -1 507 -1 -1 -1 -1
-1 -1 -1 -1 -1 -1 -1 -1 -1
-1 -1 683 -1 -1
-1 -1 -1 -1 -1 -1 -1 -1 -1
-1 -1 680 -1 -1
-1 -1 -1 -1 -1 -1 -1
-1 -1 -1 -1 -1 -1
-1 -1 -1 -1 -1 -1
-1 -1 691 -1 -1
-1 -1 567 -1 -1 -1 -1 -1 -1
-1 -1 567 -1 -1 -1 -1
-1 -1 285 -1 -1
-1 -1 285 -1 -1
-1 -1 285 -1 -1
-1 -1 695 -1 -1
-1 -1 690 -1 -1 -1 -1
-1 -1 689 -1 -1 -1 -1
-1 -1 692 -1 -1 -1 -1 -1 -1
-1 -1 -1 -1 -1 -1 -1 -1 -1 -1 -1 -1
-1 -1 594 594 594 -1 -1 -1 -1
-1 -1 -1 -1 -1 -1
-1 -1 594 594 594 -1 -1 -1 -1 -1 -1 -1 -1
-1 -1 683 683 683 683 -1 -1 -1 -1
-1 -1 698 698 698 -1 -1 -1 -1
-1 -1 696 -1 -1
-1 -1 691 -1 -1 -1 -1 -1 -1
-1 -1 680 -1 -1 -1 -1
-1 -1 691 -1 -1 -1 -1
-1 -1 698 -1 -1 -1 -1
-1 -1 697 -1 -1 -1 -1
-1 -1 698 -1 -1
-1 -1 -1 -1 -1
-1 -1 693 693 -1 -1 -1 -1 -1 -1
-1 -1 698 698 -1 -1 -1 -1 -1 -1
-1 -1 697 697 -1 -1 -1 -1
-1 -1 696 696 -1 -1 -1 -1
-1 -1 695 695 -1 -1 -1 -1
-1 -1 691 691 -1 -1 -1 -1
-1 -1 -1 -1 -1 -1 -1
-1 -1 696 -1 -1
-1 -1 440
-1 -1 696 -1 -1
-1 -1 237 237
-1 -1 237 237
-1 -1 -1 -1 -1 -1 -1 -1 -1 -1 -1
-1 -1 691 691 -1 -1
-1 -1 691 691 -1 -1
-1 -1 688 -1 -1 -1 -1 -1 -1
-1 -1 638 -1 -1
-1 -1 638 -1 -1
-1 -1 639 639 -1 -1 -1 -1
-1 -1 689 -1 -1 -1 -1
-1 -1 -1 -1 -1 -1 -1 -1
-1 -1 314 314 -1 -1
-1 -1 -1 -1
-1 -1 314 314 -1 -1
-1 -1 697 -1 -1
-1 -1 693 693 -1 -1 -1 -1
-1 -1 691 -1 -1 -1 -1
-1 -1 698 698 -1 -1
-1 -1 697 697 -1 -1
-1 -1 689 689 -1 -1
-1 -1 614 614 -1 -1
-1 -1 695 695 -1 -1
-1 -1 549 549 -1 -1
-1 -1 697 697 -1 -1
-1 -1 696 696 -1 -1
-1 -1 690 690 -1 -1
-1 -1 689 689 -1 -1
-1 -1 689 689 -1 -1
-1 -1 271 271 -1 -1
-1 -1 -1 -1 -1 -1 -1
-1 -1 254 254 -1 -1
-1 -1 254 254 -1 -1
-1 -1 271 271 -1 -1
-1 -1 -1 -1 -1 -1 -1 -1
-1 -1 271 271 -1 -1
-1 -1 271 271 271 271 -1 -1 -1 -1
-1 -1 271 271 271 -1 -1
-1 -1 271 271 271 -1 -1 -1 -1
-1 -1 271 271 271 -1 -1
-1 -1 271 271 271 271 -1 -1 -1 -1
-1 -1 271 271 271
-1 -1 271 271 271 271 -1 -1 -1 -1
-1 -1 271 271 271 -1 -1 -1 -1
-1 -1 591 591 591 -1 -1 -1 -1
-1 -1 591 591 -1 -1 -1 -1 -1 -1
-1 -1 -1 -1 -1 -1
-1 -1 679 -1 -1
-1 -1 -1 -1 -1 -1 -1 -1
-1 -1 -1 -1 -1 -1
-1 -1 -1 -1 -1 -1 -1 -1 -1 -1
-1 -1 -1 -1 -1 -1 -1 -1
-1 -1 667 667 667 667
-1 -1 693 693 693 693 -1 -1
-1 -1 697 697 697 697 -1 -1 -1 -1
-1 -1 227 227 -1 -1 -1 -1 -1 -1 -1 -1 -1 -1 -1 -1
-1 -1 227 227 -1 -1 -1 -1 -1 -1 -1 -1 -1 -1 -1 -1
-1 -1 680 -1 -1 -1 -1
-1 -1 244 244 244 -1 -1 -1 -1
-1 -1 626 626 -1 -1
-1 -1 626 626 -1 -1 -1 -1
-1 -1 244 244 244 -1 -1 -1 -1
-1 -1 -1 -1 -1 -1 -1 -1
-1 -1 408 408 408 408 408 -1 -1 -1 -1
-1 -1 408 408 408 -1 -1 -1 -1
-1 -1 35 35 -1 -1
-1 -1 35 35 -1 -1
-1 -1 626 626 -1 -1 -1 -1
-1 -1 244 244 -1 -1
-1 -1 244 244 244 -1 -1 -1 -1 -1 -1
-1 -1 256 -1 -1 -1 -1 -1 -1
-1 -1 452 -1 -1 -1 -1 -1 -1 -1 -1 -1 -1
-1 -1 693 693 -1 -1 -1 -1
-1 -1 691 691 691 -1 -1 -1 -1
-1 -1 698 698 698 -1 -1
-1 -1 569 -1 -1
-1 -1 696 -1 -1
-1 -1 680 -1 -1
-1 -1 440 440 440
-1 -1 683 -1 -1 -1 -1 -1 -1
-1 -1 697 -1 -1
-1 -1 638 -1 -1
-1 -1 256 -1 -1 -1 -1
-1 -1 -1 -1 -1 -1 -1
-1 -1 693 -1 -1
-1 -1 90 90 90 -1 -1
-1 -1 90 90 90 -1 -1
-1 -1 680 -1 -1
-1 -1 452 -1 -1 -1 -1 -1 -1 -1 -1
-1 -1 695 695 695 -1 -1 -1 -1 -1 -1 -1 -1 -1 -1
-1 -1 636 636 636 -1 -1
-1 -1 695 -1 -1
-1 -1 278 278 -1 -1
-1 -1 278 278 -1 -1 -1 -1
-1 -1 -1 -1 -1 -1 -1 -1 -1 -1 -1 -1
-1 -1 -1 -1 -1 -1
-1 -1 -1 -1 -1 -1 -1 -1 -1 -1 -1 -1 -1 -1
-1 -1 -1 -1 -1 -1 -1 -1 -1 -1 -1 -1 -1 -1 -1 -1
-1 -1 -1 -1 -1 -1 -1 -1 -1 -1 -1 -1
-1 -1 -1 -1 -1 -1 -1 -1 -1 -1 -1 -1
-1 -1 -1 -1 -1 -1 -1 -1 -1 -1 -1 -1 -1 -1
-1 -1 -1 -1 -1
-1 -1 -1 -1 -1 -1 -1 -1 -1 -1 -1 -1 -1 -1 -1 -1 -1 -1
-1 -1 -1 -1 -1 -1 -1 -1 -1 -1 -1 -1 -1 -1
-1 -1 -1 -1 -1 -1 -1 -1 -1 -1 -1 -1 -1 -1 -1 -1
-1 -1 -1 -1 -1 -1 -1 -1 -1 -1 -1 -1
-1 -1 -1 -1 -1 -1 -1 -1 -1 -1 -1 -1
-1 -1 -1 -1 -1 -1 -1 -1 -1 -1 -1 -1
-1 -1 -1 -1 -1 -1 -1 -1 -1 -1 -1 -1
-1 -1 -1 -1 -1 -1 -1 -1 -1 -1 -1 -1 -1 -1
-1 -1 -1 -1 -1 -1 -1 -1 -1 -1 -1 -1 -1 -1 -1 -1
-1 -1 -1 -1 -1 -1
-1 -1 -1 -1 -1 -1 -1 -1
-1 -1 -1 -1 -1 -1 -1 -1 -1
-1 -1 -1 -1 -1 -1 -1
-1 -1 -1 -1 -1 -1 -1 -1 -1
-1 -1 -1 -1 -1 -1 -1 -1
-1 -1 -1 -1
-1 -1 -1 -1 -1 -1 -1 -1 -1 -1 -1 -1 -1 -1
-1 -1 -1 -1 -1 -1 -1 -1 -1 -1 -1 -1
-1 -1 -1 -1 -1 -1 -1 -1 -1 -1 -1 -1 -1 -1
-1 -1 -1 -1 -1 -1 -1 -1 -1 -1 -1 -1 -1 -1 -1 -1
-1 -1 -1 -1 -1 -1 -1 -1 -1 -1
-1 -1 -1 -1
-1 -1 -1 -1
-1 -1 -1 -1 -1 -1 -1 -1 -1 -1 -1 -1 -1 -1 -1 -1
-1 -1 -1 -1
-1 -1 -1 -1 -1 -1 -1 -1 -1 -1 -1 -1 -1 -1 -1 -1
-1 -1 -1 -1 -1 -1 -1 -1 -1 -1 -1 -1 -1 -1 -1 -1
-1 -1 -1 -1 -1 -1 -1 -1 -1 -1 -1 -1 -1 -1
-1 -1 -1 -1 -1 -1 -1 -1 -1 -1 -1 -1
-1 -1 -1 -1 -1 -1 -1 -1 -1 -1 -1 -1 -1 -1
-1 -1 -1 -1 -1 -1 -1 -1 -1 -1 -1 -1
-1 -1 -1 -1 -1 -1 -1 -1 -1 -1 -1 -1 -1 -1 -1 -1
-1 -1 -1 -1 -1 -1 -1 -1 -1 -1 -1 -1 -1 -1 -1 -1 -1 -1
-1 -1 -1 -1 -1 -1 -1 -1 -1
-1 -1 -1 -1 -1 -1 -1 -1 -1 -1 -1 -1
-1 -1 -1 -1 -1 -1 -1 -1 -1 -1 -1 -1
-1 -1 -1 -1 -1 -1 -1 -1 -1 -1 -1 -1 -1 -1
-1 -1 -1 -1 -1 -1 -1 -1 -1 -1 -1 -1 -1 -1
-1 -1 -1 -1 -1 -1 -1 -1 -1 -1 -1 -1
-1 -1 -1 -1 -1 -1 -1 -1 -1 -1 -1 -1 -1 -1 -1 -1 -1 -1
-1 -1 407 -1 -1
-1 -1 688 -1 -1
-1 -1 679 679 -1 -1 -1 -1 -1 -1
-1 -1 691 -1 -1 -1 -1 -1 -1
-1 -1 -1 -1 -1
-1 -1 -1 -1 -1 -1 -1 -1 -1 -1 -1 -1
-1 -1 696 696 -1 -1
-1 -1 688 -1 -1
-1 -1 679 -1 -1
-1 -1 688 -1 -1
-1 -1 698 -1 -1 -1 -1 -1 -1
-1 -1 650 650 -1 -1
-1 -1 650 650 650 -1 -1 -1 -1 -1 -1 -1 -1
-1 -1 650 650 -1 -1 -1 -1 -1 -1 -1 -1
-1 -1 338 -1 -1
-1 -1 507 -1 -1
-1 -1 689 -1 -1 -1 -1 -1 -1
-1 -1 -1 -1 -1
-1 -1 698 698 -1 -1
-1 -1 692 -1 -1 -1 -1 -1 -1
-1 -1 669 669 669 -1 -1 -1 -1
-1 -1 633 633 633 -1 -1
-1 -1 690 -1 -1
-1 -1 707 707 -1 -1
-1 -1 -1 -1 -1 -1 -1
-1 -1 217 217 217 -1 -1
-1 -1 348 348 348 -1 -1
-1 -1 679 -1 -1
-1 -1 330 -1 -1
-1 -1 689 -1 -1
-1 -1 696 -1 -1 -1 -1 -1 -1 -1 -1 -1 -1
-1 -1 693 -1 -1 -1 -1
-1 -1 683 -1 -1 -1 -1 -1 -1
-1 -1 679 679 -1 -1
-1 -1 693 693 693 -1 -1 -1 -1 -1 -1 -1 -1 -1 -1
-1 -1 696 696 696 -1 -1 -1 -1 -1 -1 -1 -1
-1 -1 695 -1 -1 -1 -1 -1 -1
-1 -1 693 -1 -1
-1 -1 697 -1 -1
-1 -1 690 -1 -1
-1 -1 679 -1 -1
-1 -1 695 -1 -1
-1 -1 -1 -1 -1
-1 -1 693 -1 -1
-1 -1 592 -1 -1
-1 -1 602 602 602 -1 -1 -1 -1 -1 -1
-1 -1 602 602 602 -1 -1 -1 -1 -1 -1
-1 -1 -1 -1 -1 -1
-1 -1 -1 -1 -1 -1 -1 -1
-1 -1 697 -1 -1
-1 -1 164 -1 -1 -1 -1 -1 -1
-1 -1 697
-1 -1 -1 -1 -1 -1 -1
-1 -1 679 -1 -1 -1 -1 -1 -1
-1 -1 639 -1 -1 -1 -1 -1 -1 -1 -1
-1 -1 680 -1 -1
-1 -1 689 -1 -1 -1 -1 -1 -1
-1 -1 695 -1 -1 -1 -1 -1 -1 -1 -1 -1 -1
-1 -1 679 -1 -1 -1 -1
-1 -1 594 -1 -1 -1 -1 -1 -1
-1 -1 696 -1 -1 -1 -1
-1 -1 683 -1 -1 -1 -1 -1 -1
-1 -1 549 -1 -1 -1 -1 -1 -1 -1 -1 -1 -1
-1 -1 -1 -1 -1
-1 -1 699 -1 -1
-1 -1 502 502 -1 -1 -1 -1 -1 -1
-1 -1 31 31 -1 -1
-1 -1 31 31 -1 -1 -1 -1
-1 -1 336 336 -1 -1 -1 -1 -1 -1
-1 -1 375 375 -1 -1
-1 -1 375 375 -1 -1 -1 -1 -1 -1
-1 -1 -1 -1 -1 -1 -1 -1
-1 -1 291 291 -1 -1 -1 -1
-1 -1 502 502 -1 -1 -1 -1 -1 -1 -1 -1 -1 -1
-1 -1 502 502 -1 -1 -1 -1 -1 -1 -1 -1 -1 -1
-1 -1 136 136 136 -1 -1 -1 -1
-1 -1 502 502 -1 -1 -1 -1 -1 -1 -1 -1 -1 -1
-1 -1 -1 -1 -1 -1 -1 -1 -1 -1
-1 -1 -1 -1 -1 -1 -1 -1
-1 -1 131 131 -1 -1 -1 -1
-1 -1 -1 -1 -1 -1 -1
-1 -1 502 502 502 -1 -1 -1 -1 -1 -1 -1 -1 -1 -1
-1 -1 502 502 502 -1 -1 -1 -1 -1 -1 -1 -1 -1 -1
-1 -1 502 502 502 -1 -1 -1 -1 -1 -1 -1 -1 -1 -1
-1 -1 502 502 502 -1 -1 -1 -1 -1 -1 -1 -1 -1 -1
-1 -1 -1 -1 -1 -1 -1 -1
-1 -1 502 502 -1 -1 -1 -1 -1 -1 -1 -1 -1 -1
-1 -1 291 291 -1 -1 -1 -1
-1 -1 615 615 -1 -1 -1 -1 -1 -1
-1 -1 -1 -1 -1 -1 -1 -1 -1 -1
-1 -1 131 131 -1 -1 -1 -1
-1 -1 136 136 136 -1 -1 -1 -1 -1 -1
-1 -1 291 291 -1 -1 -1 -1
-1 -1 615 615 -1 -1 -1 -1
-1 -1 375 375 375 -1 -1 -1 -1 -1 -1
-1 -1 -1 -1 -1 -1
-1 -1 656 -1 -1 -1 -1
-1 -1 693 693 693 -1 -1
-1 -1 691 691 691
-1 -1 693 693 693
-1 -1 695 695 -1 -1
-1 -1 465 465 465
-1 -1 465 465
-1 -1 -1 -1
-1 -1 232 232
-1 -1 471 471
-1 -1 140 140 140 140 140 -1 -1
-1 -1 140 140 140 140 140 -1 -1
-1 -1 140 140 140 140 140 -1 -1
-1 -1 140 140 140 140 140 -1 -1
-1 -1 -1 -1 -1 -1 -1
-1 -1 -1 -1 -1 -1 -1
-1 -1 -1 -1 -1 -1 -1
-1 -1 -1 -1 -1 -1 -1
-1 -1 -1 -1 -1 -1 -1 -1
-1 -1 -1 -1 -1 -1 -1 -1
-1 -1 -1 -1 -1 -1 -1 -1
-1 -1 -1 -1 -1 -1 -1 -1
-1 -1 -1 -1 -1 -1 -1 -1
-1 -1 -1 -1 -1 -1 -1 -1 -1 -1 -1
-1 -1 -1 -1 -1 -1 -1 -1 -1 -1 -1 -1 -1
-1 -1 -1 -1 -1 -1 -1 -1
-1 -1 690 690 690
-1 -1 690 690 690 -1 -1
-1 -1 696 696 696 -1 -1
-1 -1 695 695 695 -1 -1
-1 -1 695 695 -1 -1
-1 -1 681 681 681
-1 -1 692 692 692
-1 -1 679 679 679 -1 -1
-1 -1 689 689 689
-1 -1 697 697 697
-1 -1 695 695 695 -1 -1
-1 -1 683 683 -1 -1 -1 -1
-1 -1 696 696 696 696 -1 -1 -1 -1 -1 -1
-1 -1 698 698 698
-1 -1 698 698 698 -1 -1
-1 -1 689 689 689 689
-1 -1 697 697 697 -1 -1 -1 -1
-1 -1 689 689 689 -1 -1
-1 -1 695 695 695 -1 -1
-1 -1 -1 -1 -1 -1 -1
-1 -1 697
-1 -1 696
-1 -1 690 -1 -1
-1 -1 374 -1 -1
-1 -1 697 -1 -1
-1 -1 683 -1 -1
-1 -1 691 -1 -1
-1 -1 698
-1 -1 -1 -1 -1 -1 -1
-1 -1 650 -1 -1 -1 -1
-1 -1 689
-1 -1 697 -1 -1 -1 -1 -1 -1
-1 -1 690
-1 -1 691
-1 -1 -1 -1 -1 -1 -1
-1 -1 621 -1 -1
-1 -1 621 -1 -1
-1 -1 -1 -1 -1
-1 -1 86 -1 -1 -1 -1
-1 -1 86 -1 -1 -1 -1
-1 -1 256 -1 -1
-1 -1 -1 -1 -1
-1 -1 695 -1 -1
-1 -1 698 -1 -1 -1 -1
-1 -1 691 -1 -1 -1 -1
-1 -1 699 -1 -1 -1 -1 -1 -1 -1 -1 -1 -1 -1 -1 -1 -1
-1 -1 -1 -1 -1 -1
-1 -1 -1 -1 -1 -1 -1 -1
-1 -1 -1 -1 -1 -1 -1 -1
-1 -1 347 347 -1 -1 -1 -1
-1 -1 -1 -1 -1 -1 -1 -1
-1 -1 -1 -1 -1 -1
-1 -1 240 240 240 -1 -1 -1 -1 -1 -1
-1 -1 240 240 240 -1 -1 -1 -1 -1 -1
-1 -1 240 240 240 -1 -1 -1 -1 -1 -1
-1 -1 -1 -1 -1 -1 -1 -1
-1 -1 -1 -1 -1 -1
-1 -1 -1 -1 -1 -1 -1 -1
-1 -1 -1 -1 -1 -1 -1 -1
-1 -1 -1 -1 -1 -1 -1 -1
-1 -1 468 468 -1 -1 -1 -1
-1 -1 -1 -1 -1 -1
-1 -1 -1 -1 -1 -1 -1 -1
-1 -1 -1 -1 -1 -1 -1 -1
-1 -1 -1 -1 -1 -1 -1 -1
-1 -1 -1 -1 -1 -1 -1 -1
-1 -1 -1 -1 -1 -1 -1 -1
-1 -1 -1 -1 -1 -1
-1 -1 -1 -1 -1 -1
-1 -1 -1 -1 -1 -1 -1 -1
-1 -1 -1 -1 -1 -1 -1
-1 -1 -1 -1 -1 -1
-1 -1 -1 -1 -1 -1 -1 -1
-1 -1 -1 -1 -1 -1 -1 -1 -1 -1
-1 -1 -1 -1 -1 -1 -1 -1 -1
-1 -1 102 102 -1 -1
-1 -1 -1 -1 -1 -1 -1 -1
-1 -1 -1 -1 -1 -1 -1 -1
-1 -1 347 347 -1 -1 -1 -1 -1 -1
-1 -1 596 596 -1 -1
-1 -1 -1 -1 -1 -1
-1 -1 -1 -1 -1 -1
-1 -1 -1 -1 -1 -1 -1 -1
-1 -1 -1 -1 -1 -1 -1 -1
-1 -1 347 347 -1 -1 -1 -1
-1 -1 -1 -1 -1 -1 -1 -1
-1 -1 691 -1 -1 -1 -1
-1 -1 -1 -1 -1 -1 -1 -1
-1 -1 -1 -1 -1 -1 -1 -1 -1 -1
-1 -1 -1 -1 -1 -1 -1 -1
-1 -1 -1 -1 -1 -1 -1 -1
-1 -1 -1 -1 -1 -1 -1 -1
-1 -1 -1 -1 -1 -1 -1 -1
-1 -1 -1 -1 -1 -1 -1 -1
-1 -1 -1 -1 -1 -1 -1 -1
-1 -1 -1 -1 -1 -1 -1 -1 -1 -1 -1 -1
-1 -1 594 -1 -1 -1 -1 -1 -1
-1 -1 696 -1 -1
-1 -1 213 -1 -1 -1 -1 -1 -1
-1 -1 213 -1 -1 -1 -1
-1 -1 213 -1 -1 -1 -1 -1 -1
-1 -1 213 -1 -1 -1 -1 -1 -1
-1 -1 -1 -1 -1
-1 -1 680 -1 -1 -1 -1
-1 -1 689 -1 -1
-1 -1 689 -1 -1 -1 -1
-1 -1 690 -1 -1 -1 -1 -1 -1
-1 -1 213 -1 -1 -1 -1
-1 -1 696 -1 -1 -1 -1 -1 -1
-1 -1 -1 -1 -1
-1 -1 696 -1 -1 -1 -1
-1 -1 688 -1 -1
-1 -1 689 -1 -1 -1 -1 -1 -1
-1 -1 549 -1 -1
-1 -1 213 -1 -1 -1 -1
-1 -1 680 -1 -1 -1 -1 -1 -1
-1 -1 -1 -1
-1 -1 688 688 688 -1 -1
-1 -1 690 690 -1 -1
-1 -1 690 -1 -1 -1 -1 -1 -1
-1 -1 693 693
-1 -1 697 697 -1 -1 -1 -1
-1 -1 152 -1 -1 -1 -1
-1 -1 152 -1 -1 -1 -1
-1 -1 679 -1 -1
-1 -1 683 -1 -1
-1 -1 -1 -1 -1 -1 -1 -1
-1 -1 -1 -1 -1 -1 -1 -1 -1 -1 -1
-1 -1 698 -1 -1 -1 -1 -1 -1 -1 -1
-1 -1 -1 -1 -1 -1 -1 -1
-1 -1 680 -1 -1 -1 -1 -1 -1 -1 -1
-1 -1 679 679 679 -1 -1 -1 -1 -1 -1 -1 -1
-1 -1 693 693 693 -1 -1
-1 -1 -1 -1 -1 -1 -1
-1 -1 667 667 667 -1 -1
-1 -1 680 680 680 680 -1 -1 -1 -1 -1 -1
-1 -1 692 692 692 -1 -1 -1 -1 -1 -1
-1 -1 693 693 693 -1 -1 -1 -1 -1 -1
-1 -1 696 696 696 -1 -1 -1 -1
-1 -1 -1 -1 -1 -1 -1 -1
-1 -1 690 690 -1 -1 -1 -1 -1 -1 -1 -1
-1 -1 679 679 -1 -1 -1 -1 -1 -1
-1 -1 699 699 -1 -1 -1 -1 -1 -1 -1 -1
-1 -1 -1 -1 -1 -1 -1 -1 -1
-1 -1 198 198 198 198 198 -1 -1
-1 -1 198 198 198 198 198 -1 -1
-1 -1 514 514 514 514 -1 -1
-1 -1 514 514 514 514
-1 -1 514 514 514 514 -1 -1
-1 -1 277 277 277 -1 -1 -1 -1
-1 -1 277 277 277 -1 -1
-1 -1 277 277 277 -1 -1 -1 -1
-1 -1 277 277 277 -1 -1 -1 -1 -1 -1
-1 -1 688 -1 -1 -1 -1
-1 -1 237 237 237 -1 -1
-1 -1 -1 -1 -1 -1 -1 -1 -1 -1
-1 -1 650 650 650 650 650 -1 -1
-1 -1 471 -1 -1 -1 -1 -1 -1
-1 -1 -1 -1 -1 -1 -1
-1 -1 650 -1 -1 -1 -1
-1 -1 300 -1 -1 -1 -1 -1 -1 -1 -1 -1 -1 -1 -1 -1 -1 -1 -1
-1 -1 404 -1 -1 -1 -1 -1 -1 -1 -1 -1 -1 -1 -1
-1 -1 404 -1 -1 -1 -1 -1 -1 -1 -1 -1 -1 -1 -1
-1 -1 650 -1 -1 -1 -1 -1 -1 -1 -1
-1 -1 650 -1 -1 -1 -1 -1 -1 -1 -1 -1 -1
-1 -1 650 -1 -1 -1 -1 -1 -1
-1 -1 650 -1 -1 -1 -1 -1 -1 -1 -1
-1 -1 650 -1 -1 -1 -1 -1 -1 -1 -1 -1 -1
-1 -1 650 -1 -1 -1 -1 -1 -1 -1 -1
-1 -1 650 -1 -1 -1 -1
-1 -1 650 -1 -1 -1 -1 -1 -1 -1 -1
-1 -1 650 -1 -1 -1 -1 -1 -1 -1 -1 -1 -1
-1 -1 650 -1 -1 -1 -1
-1 -1 650 -1 -1 -1 -1 -1 -1 -1 -1
-1 -1 650 -1 -1 -1 -1 -1 -1 -1 -1 -1 -1
-1 -1 650 -1 -1 -1 -1 -1 -1 -1 -1 -1 -1 -1 -1
-1 -1 650 -1 -1 -1 -1
-1 -1 650 -1 -1
-1 -1 -1 -1 -1 -1 -1
-1 -1 561 -1 -1 -1 -1 -1 -1 -1 -1
-1 -1 -1 -1 -1 -1 -1 -1 -1 -1 -1 -1 -1 -1 -1 -1 -1 -1 -1
-1 -1 650 -1 -1 -1 -1
-1 -1 -1 -1 -1
-1 -1 -1 -1 -1
-1 -1 -1 -1 -1 -1 -1 -1 -1 -1 -1 -1 -1
-1 -1 -1 -1 -1
-1 -1 -1 -1 -1
-1 -1 -1 -1 -1
-1 -1 650 -1 -1
-1 -1 -1 -1 -1
-1 -1 -1 -1 -1
-1 -1 -1 -1 -1
-1 -1 650 -1 -1 -1 -1
-1 -1 650 -1 -1 -1 -1 -1 -1 -1 -1 -1 -1 -1 -1
-1 -1 -1 -1 -1
-1 -1 300 -1 -1 -1 -1 -1 -1 -1 -1 -1 -1 -1 -1
-1 -1 650 -1 -1 -1 -1 -1 -1 -1 -1
-1 -1 300 -1 -1 -1 -1 -1 -1 -1 -1 -1 -1 -1 -1
-1 -1 -1 -1 -1 -1 -1 -1 -1 -1 -1
-1 -1 -1 -1 -1 -1 -1 -1 -1 -1 -1 -1 -1 -1 -1
-1 -1 -1 -1 -1 -1 -1 -1 -1 -1 -1 -1 -1
-1 -1 561 -1 -1 -1 -1 -1 -1 -1 -1 -1 -1 -1 -1
-1 -1 404 -1 -1
-1 -1 404 -1 -1
-1 -1 -1 -1 -1 -1 -1 -1 -1 -1 -1 -1 -1
-1 -1 -1 -1 -1 -1 -1 -1 -1
-1 -1 333 -1 -1 -1 -1
-1 -1 333 -1 -1 -1 -1 -1 -1 -1 -1
-1 -1 471 -1 -1 -1 -1
-1 -1 362
-1 -1 362 -1 -1 -1 -1
-1 -1 -1 -1 -1 -1 -1
-1 -1 650 -1 -1
-1 -1 471 -1 -1 -1 -1 -1 -1
-1 -1 -1 -1 -1 -1 -1
-1 -1 650 -1 -1 -1 -1 -1 -1 -1 -1 -1 -1 -1 -1
-1 -1 404 -1 -1
-1 -1 -1 -1 -1 -1 -1
-1 -1 471 -1 -1 -1 -1 -1 -1 -1 -1
-1 -1 650 -1 -1 -1 -1 -1 -1 -1 -1
-1 -1 -1 -1 -1 -1 -1 -1 -1
-1 -1 -1 -1 -1 -1 -1
-1 -1 -1 -1 -1 -1 -1
-1 -1 668 -1 -1
-1 -1 668 -1 -1
-1 -1 -1 -1 -1 -1 -1
-1 -1 -1 -1 -1 -1 -1 -1 -1 -1 -1 -1 -1 -1 -1
-1 -1 -1 -1 -1 -1 -1 -1 -1 -1 -1
-1 -1 471 -1 -1 -1 -1
-1 -1 -1 -1 -1 -1 -1
-1 -1 650 -1 -1 -1 -1 -1 -1 -1 -1
-1 -1 650 -1 -1 -1 -1
-1 -1 -1 -1 -1 -1 -1
-1 -1 -1 -1 -1 -1 -1
-1 -1 404 -1 -1 -1 -1 -1 -1 -1 -1 -1 -1 -1 -1
-1 -1 404 -1 -1 -1 -1 -1 -1 -1 -1 -1 -1 -1 -1
-1 -1 650 -1 -1
-1 -1 650 -1 -1
-1 -1 -1 -1 -1 -1 -1 -1 -1
-1 -1 404 -1 -1 -1 -1 -1 -1 -1 -1
-1 -1 404 -1 -1 -1 -1 -1 -1 -1 -1 -1 -1 -1 -1 -1 -1 -1 -1
-1 -1 -1
-1 -1 471 -1 -1 -1 -1 -1 -1
-1 -1 -1 -1 -1 -1 -1 -1 -1
-1 -1 696 696 -1 -1
-1 -1 -1 -1 -1 -1 -1 -1 -1 -1 -1 -1 -1 -1
-1 -1 696 -1 -1 -1 -1
-1 -1 696 696 696 -1 -1 -1 -1
-1 -1 592 592 -1 -1 -1 -1 -1 -1
-1 -1 698 698 -1 -1
-1 -1 693 693 693 -1 -1 -1 -1
-1 -1 694 694 -1 -1
-1 -1 689 689 -1 -1
-1 -1 696 696 -1 -1 -1 -1
-1 -1 692 692 -1 -1 -1 -1
-1 -1 698 -1 -1 -1 -1
-1 -1 695 -1 -1
-1 -1 -1 -1 -1 -1 -1 -1 -1
-1 -1 -1 -1 -1
-1 -1 -1 -1 -1 -1 -1 -1 -1 -1
-1 -1 697 697 -1 -1
-1 -1 692 692 -1 -1
-1 -1 688 688 -1 -1 -1 -1 -1 -1
-1 -1 695 695 -1 -1
-1 -1 695 695 -1 -1
-1 -1 693 693 -1 -1
-1 -1 435 435 -1 -1
-1 -1 698 698 -1 -1
-1 -1 435 435 -1 -1
-1 -1 688 688 -1 -1
-1 -1 683 683 -1 -1
-1 -1 435 435 -1 -1
-1 -1 693 693 -1 -1
-1 -1 693 693 -1 -1
-1 -1 692 692 -1 -1
-1 -1 679 679 -1 -1
-1 -1 692 692 -1 -1
-1 -1 679 679 -1 -1
-1 -1 231 231 231 -1 -1
-1 -1 692 692 -1 -1
-1 -1 680 680 680 -1 -1 -1 -1 -1 -1
-1 -1 695 695 695 -1 -1
-1 -1 683 683 -1 -1
-1 -1 691 -1 -1
-1 -1 696 696 -1 -1 -1 -1 -1 -1
-1 -1 -1 -1 -1 -1
-1 -1 -1 -1 -1 -1 -1 -1 -1
-1 -1 -1 -1 -1 -1 -1
-1 -1 -1 -1 -1 -1 -1
-1 -1 594 -1 -1
-1 -1 594 -1 -1
-1 -1 594 -1 -1 -1 -1 -1 -1
-1 -1 594 -1 -1
-1 -1 594 -1 -1
-1 -1 594 -1 -1 -1 -1 -1 -1
-1 -1 42 -1 -1 -1 -1 -1 -1 -1 -1 -1 -1
-1 -1 546 546 -1 -1 -1 -1 -1 -1 -1 -1
-1 -1 546 546 -1 -1 -1 -1 -1 -1
-1 -1 546 546 546
-1 -1 594 -1 -1 -1 -1 -1 -1
-1 -1 691 -1 -1
-1 -1 688 -1 -1 -1 -1
-1 -1 695 -1 -1 -1 -1
-1 -1 683 -1 -1
-1 -1 161 161
-1 -1 698 -1 -1 -1 -1
-1 -1 688 -1 -1 -1 -1
-1 -1 -1 -1 -1 -1 -1 -1
-1 -1 501 501 -1 -1 -1 -1 -1 -1
-1 -1 542 542 -1 -1 -1 -1 -1 -1
-1 -1 -1 -1 -1 -1 -1 -1 -1 -1 -1 -1
-1 -1 542 542 -1 -1 -1 -1
-1 -1 -1 -1 -1 -1 -1 -1 -1
-1 -1 501 501 -1 -1 -1 -1
-1 -1 -1 -1 -1 -1
-1 -1 168 168 -1 -1
-1 -1 168 168 -1 -1
-1 -1 168 168 -1 -1
-1 -1 -1 -1 -1 -1 -1 -1 -1
-1 -1 659 659 659 -1 -1 -1 -1
-1 -1 475 475 475 -1 -1 -1 -1
-1 -1 -1 -1 -1 -1 -1
-1 -1 659 659 659 -1 -1 -1 -1
-1 -1 -1 -1 -1 -1 -1 -1 -1
-1 -1 475 475 475 -1 -1 -1 -1
-1 -1 371 371 371 -1 -1 -1 -1 -1 -1
-1 -1 55 55 55 55 -1 -1 -1 -1 -1 -1
-1 -1 55 55 55 -1 -1 -1 -1 -1 -1
-1 -1 455 455 455 -1 -1 -1 -1 -1 -1
-1 -1 455 455 455 -1 -1 -1 -1 -1 -1
-1 -1 455 455 455 -1 -1 -1 -1 -1 -1
-1 -1 332 332 -1 -1 -1 -1 -1 -1
-1 -1 659 659 659 -1 -1 -1 -1
-1 -1 475 475 475 -1 -1 -1 -1
-1 -1 -1 -1 -1 -1 -1 -1 -1 -1 -1 -1 -1 -1 -1 -1 -1
-1 -1 332 332 -1 -1 -1 -1 -1 -1 -1 -1 -1 -1
-1 -1 371 371 371 -1 -1 -1 -1 -1 -1
-1 -1 -1 -1 -1 -1 -1 -1 -1 -1
-1 -1 542 542 -1 -1
-1 -1 382 -1 -1 -1 -1
-1 -1 636 636 636
-1 -1 636 636 636 636 -1 -1
-1 -1 636 636 636
-1 -1 636 636 636 636
-1 -1 691 691 691 691 -1 -1
-1 -1 636 636 636 636 -1 -1
-1 -1 680 -1 -1 -1 -1
-1 -1 691 -1 -1
-1 -1 690 -1 -1
-1 -1 549
-1 -1 690 -1 -1 -1 -1
-1 -1 507 -1 -1 -1 -1
-1 -1 507 -1 -1
-1 -1 507 -1 -1
-1 -1 683 -1 -1
-1 -1 690 -1 -1
-1 -1 694 -1 -1 -1 -1
-1 -1 679 -1 -1 -1 -1 -1 -1 -1 -1 -1 -1
-1 -1 -1 -1 -1
-1 -1 -1 -1 -1 -1 -1 -1 -1
-1 -1 692 692 692 -1 -1 -1 -1 -1 -1
-1 -1 -1 -1 -1 -1 -1 -1 -1 -1 -1
-1 -1 -1 -1 -1 -1 -1 -1 -1 -1 -1
-1 -1 -1 -1 -1 -1 -1 -1 -1 -1 -1
-1 -1 690 690 690 -1 -1
-1 -1 555 555 555 -1 -1 -1 -1 -1 -1
-1 -1 679 679 679 -1 -1 -1 -1 -1 -1
-1 -1 680 680 680 -1 -1
-1 -1 689 689 689 -1 -1 -1 -1 -1 -1 -1 -1 -1 -1
-1 -1 555 555 555 -1 -1 -1 -1 -1 -1 -1 -1
-1 -1 -1 -1 -1 -1 -1
-1 -1 690 690 690 -1 -1 -1 -1 -1 -1
-1 -1 680 680 680 680 -1 -1 -1 -1 -1 -1
-1 -1 693 693 693 693 -1 -1 -1 -1
-1 -1 680 680 680 680 -1 -1 -1 -1
-1 -1 693 693 693 -1 -1 -1 -1
-1 -1 689 689 689 -1 -1
-1 -1 693 693 693 -1 -1
-1 -1 695 695 -1 -1
-1 -1 -1 -1 -1
-1 -1 690 690 690 -1 -1 -1 -1
-1 -1 690 690 690 -1 -1 -1 -1
-1 -1 -1 -1 -1 -1 -1 -1
-1 -1 697 697 697 -1 -1
-1 -1 688 688 688 -1 -1 -1 -1 -1 -1 -1 -1 -1 -1
-1 -1 689 689 -1 -1 -1 -1 -1 -1 -1 -1
-1 -1 696 696 -1 -1 -1 -1 -1 -1 -1 -1 -1 -1
-1 -1 698 698 -1 -1 -1 -1 -1 -1 -1 -1
-1 -1 689 689 -1 -1 -1 -1 -1 -1 -1 -1
-1 -1 695 695 -1 -1 -1 -1
-1 -1 698 698 -1 -1 -1 -1 -1 -1 -1 -1
-1 -1 697 697 -1 -1 -1 -1 -1 -1 -1 -1
-1 -1 697 697 -1 -1 -1 -1 -1 -1 -1 -1
-1 -1 698 698 -1 -1 -1 -1 -1 -1 -1 -1
-1 -1 679 679 -1 -1 -1 -1 -1 -1 -1 -1
-1 -1 688 688 -1 -1 -1 -1 -1 -1 -1 -1
-1 -1 679 679 -1 -1 -1 -1
-1 -1 690 690 -1 -1 -1 -1
-1 -1 680 680 -1 -1 -1 -1
-1 -1 -1 -1 -1 -1 -1
-1 -1 -1 -1 -1 -1 -1 -1 -1 -1 -1
-1 -1 683 683 -1 -1 -1 -1 -1 -1 -1 -1
-1 -1 -1 -1 -1 -1 -1 -1 -1 -1 -1 -1 -1 -1
-1 -1 -1 -1 -1 -1 -1
-1 -1 692 692 -1 -1 -1 -1
-1 -1 683 -1 -1 -1 -1
-1 -1 -1 -1 -1 -1
-1 -1 366 366 366 366 -1 -1
-1 -1 366 366 366 -1 -1
-1 -1 -1 -1 -1 -1 -1
-1 -1 691 691 -1 -1 -1 -1
-1 -1 696 -1 -1
-1 -1 695 695 695 -1 -1
-1 -1 688 -1 -1
-1 -1 437 -1 -1 -1 -1 -1 -1 -1 -1
-1 -1 699 -1 -1 -1 -1 -1 -1 -1 -1 -1 -1 -1 -1 -1 -1
-1 -1 688 688 -1 -1 -1 -1
-1 -1 692 692 692 -1 -1 -1 -1
-1 -1 161 161 -1 -1
-1 -1 692 692 692 -1 -1
-1 -1 695 695 695 -1 -1
-1 -1 697 697 -1 -1
-1 -1 697 697 -1 -1 -1 -1 -1 -1 -1 -1 -1 -1
-1 -1 697 697 697 -1 -1 -1 -1
-1 -1 683 683 683 -1 -1 -1 -1
-1 -1 693 693 693 -1 -1 -1 -1 -1 -1
-1 -1 690 690 690 -1 -1 -1 -1 -1 -1
-1 -1 693 693 693 -1 -1 -1 -1
-1 -1 697 697 -1 -1
-1 -1 614 614 -1 -1
-1 -1 689 689 689 -1 -1
-1 -1 689 689 689 -1 -1 -1 -1
-1 -1 694 694 694 -1 -1
-1 -1 696 696 696 -1 -1 -1 -1
-1 -1 693 693 693 -1 -1
-1 -1 680 680 680 -1 -1 -1 -1 -1 -1
-1 -1 698 698 698 -1 -1
-1 -1 699 699 699 -1 -1 -1 -1
-1 -1 691 691 691 -1 -1 -1 -1
-1 -1 689 689 689 -1 -1 -1 -1
-1 -1 683 683 683 -1 -1 -1 -1
-1 -1 683 683 683 -1 -1 -1 -1
-1 -1 691 691 691 -1 -1 -1 -1
-1 -1 689 689 689 -1 -1
-1 -1 698 698 698 698
-1 -1 695 695 695 695 -1 -1
-1 -1 680 680 680 680 -1 -1
-1 -1 683 683 683 683 -1 -1
-1 -1 693 693 -1 -1
-1 -1 699 699 699 -1 -1
-1 -1 695 695 695 -1 -1
-1 -1 696 696 696 -1 -1 -1 -1 -1 -1
-1 -1 690 690 690 -1 -1
-1 -1 680 680 680 -1 -1 -1 -1
-1 -1 -1 -1 -1 -1 -1
-1 -1 688 688 688 -1 -1
-1 -1 693 693 -1 -1 -1 -1 -1 -1 -1 -1
-1 -1 699 699 -1 -1
-1 -1 683 683 -1 -1 -1 -1
-1 -1 696 696 696 696 -1 -1 -1 -1
-1 -1 694 694 -1 -1 -1 -1 -1 -1
-1 -1 688 688 688 -1 -1 -1 -1
-1 -1 691 691 691 -1 -1 -1 -1
-1 -1 691 691 -1 -1
-1 -1 699 699 -1 -1 -1 -1
-1 -1 -1 -1 -1 -1 -1
-1 -1 693 693 693 -1 -1 -1 -1
-1 -1 688 -1 -1
-1 -1 679 -1 -1
-1 -1 -1 -1 -1
-1 -1 -1 -1 -1 -1 -1 -1 -1
-1 -1 698 698 -1 -1
-1 -1 689 -1 -1 -1 -1
-1 -1 680 680 -1 -1 -1 -1
-1 -1 680 680
-1 -1 694 694 694
-1 -1 680 680 680
-1 -1 690 690
-1 -1 696 696 696
-1 -1 693 693 693
-1 -1 693 693 693
-1 -1 693 693 693
-1 -1 693 693 693
-1 -1 696 696 696 -1 -1
-1 -1 683 683 -1 -1 -1 -1
-1 -1 699 699 699 -1 -1 -1 -1
-1 -1 696 696 696 -1 -1
-1 -1 683 683 683
-1 -1 695 695 -1 -1 -1 -1 -1 -1
-1 -1 693 693 -1 -1 -1 -1
-1 -1 -1 -1 -1 -1 -1 -1 -1 -1 -1 -1 -1 -1 -1 -1 -1 -1 -1
-1 -1 700 700 700 700 -1 -1 -1 -1 -1 -1 -1 -1 -1 -1
-1 -1 -1 -1 -1 -1
-1 -1 180 180 180
-1 -1 321 321 -1 -1
-1 -1 700 700 -1 -1
-1 -1 321 321 -1 -1 -1 -1 -1 -1 -1 -1 -1 -1
-1 -1 700 700 700 700 -1 -1 -1 -1 -1 -1 -1 -1
-1 -1 -1 -1 -1 -1
-1 -1 700 700 -1 -1 -1 -1
-1 -1 700 700 700 -1 -1 -1 -1 -1 -1 -1 -1 -1 -1
-1 -1 700 700 700 -1 -1 -1 -1
-1 -1 700 700 700 -1 -1
-1 -1 700 700 700 -1 -1
-1 -1 700 700 700 -1 -1
-1 -1 700 700 -1 -1
-1 -1 -1 -1 -1 -1 -1 -1 -1 -1
-1 -1 238 238 238 -1 -1 -1 -1
-1 -1 238 238 238 -1 -1 -1 -1
-1 -1 238 238 238 -1 -1 -1 -1
-1 -1 238 238 238 -1 -1 -1 -1
-1 -1 -1 -1 -1 -1 -1 -1 -1 -1
-1 -1 238 238 238 -1 -1 -1 -1
-1 -1 -1 -1 -1 -1 -1
-1 -1 -1 -1 -1 -1 -1
-1 -1 -1 -1 -1 -1 -1
-1 -1 -1 -1 -1 -1 -1 -1 -1 -1 -1
-1 -1 -1 -1 -1 -1 -1 -1 -1 -1
-1 -1 -1 -1 -1 -1 -1 -1 -1 -1 -1
-1 -1 321 321 321 -1 -1 -1 -1 -1 -1 -1 -1 -1 -1
-1 -1 -1 -1 -1 -1 -1
-1 -1 700 700 700 -1 -1 -1 -1
-1 -1 -1 -1 -1 -1 -1
-1 -1 -1 -1 -1 -1 -1
-1 -1 700 700 -1 -1 -1 -1
-1 -1 -1 -1 -1 -1 -1 -1 -1 -1 -1 -1 -1
-1 -1 321 321 -1 -1 -1 -1 -1 -1 -1 -1 -1 -1
-1 -1 700 700 -1 -1 -1 -1
-1 -1 700 700 -1 -1
-1 -1 180 180 180 -1 -1
-1 -1 169 169 169 -1 -1 -1 -1
-1 -1 169 169 169 169 -1 -1 -1 -1
-1 -1 169 169 169 169 -1 -1 -1 -1
-1 -1 -1 -1 -1 -1 -1
-1 -1 169 169 169 169 -1 -1 -1 -1
-1 -1 700 700 700 -1 -1 -1 -1
-1 -1 -1 -1 -1 -1 -1
-1 -1 679 -1 -1
-1 -1 691 -1 -1 -1 -1
-1 -1 440 -1 -1 -1 -1 -1 -1
-1 -1 667 -1 -1
-1 -1 696 696 696 696 -1 -1 -1 -1
-1 -1 696 696 696 696
-1 -1 695 -1 -1 -1 -1
-1 -1 65 65 65 -1 -1 -1 -1 -1 -1
-1 -1 65 65 65 -1 -1 -1 -1 -1 -1
-1 -1 696 696 -1 -1 -1 -1
-1 -1 690 690 -1 -1 -1 -1
-1 -1 698 -1 -1 -1 -1
-1 -1 680 -1 -1 -1 -1
-1 -1 -1 -1 -1
-1 -1 -1 -1 -1 -1 -1 -1 -1 -1 -1 -1 -1 -1 -1 -1
-1 -1 -1 -1 -1 -1 -1 -1 -1 -1 -1 -1 -1 -1 -1 -1
-1 -1 -1 -1 -1 -1 -1 -1 -1 -1 -1 -1
-1 -1 -1 -1 -1 -1 -1 -1 -1
-1 -1 -1 -1 -1 -1
-1 -1 -1 -1 -1 -1 -1 -1 -1 -1 -1
-1 -1 -1 -1 -1 -1 -1 -1 -1 -1 -1
-1 -1 -1 -1 -1 -1 -1 -1 -1 -1 -1 -1 -1 -1 -1 -1 -1 -1 -1
-1 -1 -1 -1 -1 -1
-1 -1 -1 -1 -1 -1 -1
-1 -1 -1 -1 -1 -1 -1
-1 -1 -1 -1
-1 -1 -1 -1 -1 -1 -1 -1 -1
-1 -1 -1 -1 -1 -1 -1 -1 -1 -1 -1 -1 -1 -1
-1 -1 -1 -1 -1 -1 -1 -1
-1 -1 -1 -1 -1 -1 -1 -1 -1 -1
-1 -1 -1 -1 -1 -1 -1 -1 -1 -1 -1 -1
-1 -1 -1 -1 -1 -1 -1 -1
-1 -1 -1 -1 -1 -1 -1 -1 -1 -1
-1 -1 -1 -1 -1 -1 -1 -1 -1 -1 -1 -1
-1 -1 -1 -1 -1 -1 -1 -1 -1 -1 -1 -1
-1 -1 614 -1 -1 -1 -1 -1 -1 -1 -1 -1 -1
-1 -1 641 641 641 -1 -1
-1 -1 641 641 641 -1 -1
-1 -1 209 209 209 -1 -1
-1 -1 641 641 -1 -1
-1 -1 641 641 -1 -1 -1 -1
-1 -1 641 641 641 -1 -1
-1 -1 641 641 641 -1 -1
-1 -1 641 641 641 -1 -1
-1 -1 263 263 -1 -1 -1 -1 -1 -1 -1 -1
-1 -1 585 585 585 -1 -1 -1 -1 -1 -1 -1 -1 -1 -1
-1 -1 585 585 585 -1 -1 -1 -1 -1 -1 -1 -1
-1 -1 -1 -1 -1 -1
-1 -1 263 263 -1 -1 -1 -1 -1 -1 -1 -1
-1 -1 181 181 181 -1 -1
-1 -1 373 373 373 -1 -1 -1 -1
-1 -1 373 373 373 -1 -1 -1 -1
-1 -1 641 641 -1 -1 -1 -1 -1 -1
-1 -1 641 641 641 641 -1 -1 -1 -1
-1 -1 641 641 641 -1 -1
-1 -1 641 641 641 -1 -1 -1 -1 -1 -1
-1 -1 641 641 641 -1 -1 -1 -1
-1 -1 641 641 641 -1 -1 -1 -1 -1 -1
-1 -1 641 641 641 -1 -1 -1 -1 -1 -1
-1 -1 641 641 641 -1 -1 -1 -1
-1 -1 -1 -1 -1 -1 -1 -1 -1 -1 -1 -1
-1 -1 612 612 612 -1 -1 -1 -1
-1 -1 612 612 612 -1 -1 -1 -1
-1 -1 612 612 612 -1 -1 -1 -1 -1 -1
-1 -1 612 612 612 -1 -1 -1 -1
-1 -1 612 612 612 -1 -1 -1 -1 -1 -1
-1 -1 612 612 612 612 -1 -1 -1 -1
-1 -1 612 612 612 -1 -1 -1 -1
-1 -1 641 641 641 -1 -1
-1 -1 234 234 234 -1 -1 -1 -1
-1 -1 234 234 234 -1 -1
-1 -1 641 641 641 -1 -1
-1 -1 641 641 -1 -1
-1 -1 263 263 -1 -1 -1 -1 -1 -1 -1 -1
-1 -1 641 641 641 -1 -1
-1 -1 641 641 641 -1 -1
-1 -1 641 641 641 -1 -1
-1 -1 229 229 229 -1 -1
-1 -1 -1 -1 -1 -1 -1 -1 -1
-1 -1 229 229 229 -1 -1 -1 -1 -1 -1
-1 -1 229 229 229 -1 -1 -1 -1 -1 -1
-1 -1 229 229 229 -1 -1 -1 -1 -1 -1
-1 -1 297 297 297 297 -1 -1
-1 -1 297 297 297 -1 -1 -1 -1
-1 -1 352 352 352 -1 -1 -1 -1 -1 -1
-1 -1 352 352 352 -1 -1
-1 -1 229 229 229 -1 -1 -1 -1
-1 -1 229 229 229 -1 -1 -1 -1 -1 -1
-1 -1 263 263 263 -1 -1 -1 -1 -1 -1
-1 -1 641 641 641 -1 -1
-1 -1 641 641 641 -1 -1
-1 -1 641 641 -1 -1
-1 -1 -1 -1 -1 -1 -1 -1 -1
-1 -1 641 641 -1 -1 -1 -1
-1 -1 641 641 -1 -1
-1 -1 -1 -1 -1 -1
-1 -1 641 641 -1 -1 -1 -1 -1 -1
-1 -1 181 181 181 -1 -1 -1 -1
-1 -1 641 641 641 -1 -1 -1 -1 -1 -1
-1 -1 641 641 641 641 -1 -1 -1 -1
-1 -1 641 641 641 -1 -1
-1 -1 641 641 641 -1 -1 -1 -1
-1 -1 641 641 641 -1 -1 -1 -1
-1 -1 263 263 -1 -1 -1 -1 -1 -1 -1 -1
-1 -1 641 641 641 -1 -1 -1 -1 -1 -1
-1 -1 641 641 641 -1 -1 -1 -1 -1 -1
-1 -1 641 641 641 641 -1 -1 -1 -1 -1 -1
-1 -1 641 641 641 -1 -1 -1 -1
-1 -1 209 209 209 209 -1 -1 -1 -1
-1 -1 641 641 641 641 -1 -1 -1 -1
-1 -1 690 690 -1 -1 -1 -1 -1 -1
-1 -1 -1 -1 -1 -1 -1
-1 -1 -1 -1 -1 -1
-1 -1 373 373 373 -1 -1
-1 -1 691 691 -1 -1
-1 -1 263 263 -1 -1 -1 -1 -1 -1 -1 -1 -1 -1
-1 -1 -1 -1 -1 -1
-1 -1 691 691 691 -1 -1 -1 -1
-1 -1 688 688 688 688
-1 -1 688 688 688 688
-1 -1 693 693 693
-1 -1 -1 -1 -1 -1 -1
-1 -1 696 696 -1 -1
-1 -1 600 -1 -1
-1 -1 694 -1 -1
-1 -1 693 -1 -1
-1 -1 42 -1 -1 -1 -1 -1 -1 -1 -1 -1 -1
-1 -1 688 -1 -1 -1 -1
-1 -1 637 637 -1 -1 -1 -1
-1 -1 637 637
-1 -1 637 637 637 637
-1 -1 -1 -1
-1 -1 692 692
-1 -1 688 688
-1 -1 680 680
-1 -1 679 679 -1 -1
-1 -1 690 690 -1 -1
-1 -1 693 693
-1 -1 690 690
-1 -1 708 708 -1 -1
-1 -1 -1 -1
-1 -1 -1 -1
-1 -1 -1 -1
-1 -1 696 696 -1 -1
-1 -1 698 698 -1 -1
-1 -1 47 47
-1 -1 708 708 -1 -1
-1 -1 688 688
-1 -1 -1 -1 -1 -1 -1 -1
-1 -1 637 637 -1 -1
-1 -1 -1 -1 -1 -1 -1 -1
-1 -1 -1 -1 -1 -1 -1 -1
-1 -1 -1 -1 -1 -1 -1 -1 -1 -1 -1 -1
-1 -1 680 680 -1 -1
-1 -1 694 694 -1 -1
-1 -1 693 693 -1 -1
-1 -1 -1 -1 -1 -1 -1 -1
-1 -1 -1 -1
-1 -1 692 692 -1 -1
-1 -1 637 637 -1 -1
-1 -1 -1 -1
-1 -1 -1 -1 -1 -1
-1 -1 -1 -1
-1 -1 507 -1 -1 -1 -1
-1 -1 679 679 -1 -1 -1 -1 -1 -1 -1 -1 -1 -1
-1 -1 683 683 -1 -1 -1 -1 -1 -1
-1 -1 -1 -1 -1
-1 -1 691 691 691 -1 -1 -1 -1 -1 -1 -1 -1 -1 -1
-1 -1 698 698 -1 -1 -1 -1 -1 -1 -1 -1 -1 -1
-1 -1 679 679 -1 -1 -1 -1
-1 -1 -1 -1 -1 -1 -1 -1 -1 -1 -1 -1 -1 -1 -1
-1 -1 688 688 -1 -1 -1 -1 -1 -1 -1 -1 -1 -1
-1 -1 695 695 -1 -1 -1 -1 -1 -1 -1 -1
-1 -1 533 -1 -1
-1 -1 697 697 -1 -1 -1 -1
-1 -1 -1 -1 -1
-1 -1 -1 -1 -1 -1
-1 -1 696 696 696 -1 -1
-1 -1 -1 -1 -1 -1
-1 -1 694 694 -1 -1 -1 -1 -1 -1 -1 -1 -1 -1 -1 -1
-1 -1 692 692 -1 -1 -1 -1
-1 -1 688 688 -1 -1 -1 -1
-1 -1 589 589 -1 -1 -1 -1 -1 -1 -1 -1 -1 -1 -1 -1 -1 -1
-1 -1 -1 -1 -1 -1 -1 -1 -1
-1 -1 -1 -1 -1 -1 -1 -1 -1
-1 -1 -1 -1 -1 -1 -1 -1 -1
-1 -1 -1 -1 -1 -1 -1 -1 -1 -1
-1 -1 -1 -1 -1 -1 -1 -1 -1 -1 -1 -1 -1 -1
-1 -1 374 -1 -1
-1 -1 697 697 697 -1 -1
-1 -1 697 697 697 -1 -1
-1 -1 679 -1 -1
-1 -1 638 -1 -1
-1 -1 683 -1 -1 -1 -1 -1 -1
-1 -1 697 -1 -1
-1 -1 690 -1 -1
-1 -1 693 -1 -1
-1 -1 683 -1 -1 -1 -1 -1 -1
-1 -1 697 -1 -1 -1 -1
-1 -1 698 -1 -1
-1 -1 176 176 176
-1 -1 176 176 176
-1 -1 693 -1 -1
-1 -1 338 338 338 -1 -1 -1 -1
-1 -1 689 -1 -1 -1 -1 -1 -1
-1 -1 680 -1 -1
-1 -1 698 698 698
-1 -1 683 683 683
-1 -1 692 -1 -1
-1 -1 -1 -1 -1
-1 -1 691 -1 -1 -1 -1
-1 -1 679 -1 -1 -1 -1 -1 -1
-1 -1 696 -1 -1 -1 -1
-1 -1 691 -1 -1 -1 -1
-1 -1 -1 -1 -1 -1 -1 -1
-1 -1 101 101 101 -1 -1
-1 -1 101 101 -1 -1
-1 -1 -1 -1 -1 -1 -1 -1 -1 -1
-1 -1 688 -1 -1 -1 -1 -1 -1
-1 -1 546 -1 -1
-1 -1 563 563 563 563
-1 -1 -1 -1 -1 -1 -1
-1 -1 -1 -1 -1 -1 -1
-1 -1 562 562 562
-1 -1 679 679
-1 -1 683 683 683 -1 -1 -1 -1
-1 -1 688 688 688 -1 -1
-1 -1 696 696 696 -1 -1
-1 -1 683 683 683 683 -1 -1
-1 -1 237 237 237 -1 -1
-1 -1 693 -1 -1 -1 -1 -1 -1 -1 -1 -1 -1 -1 -1 -1 -1
-1 -1 -1 -1 -1 -1 -1
-1 -1 689 -1 -1 -1 -1 -1 -1 -1 -1 -1 -1 -1 -1 -1 -1
-1 -1 695 -1 -1 -1 -1
-1 -1 698 698 -1 -1
-1 -1 705 705 -1 -1
-1 -1 -1 -1 -1 -1
-1 -1 705 705 -1 -1 -1 -1 -1 -1 -1 -1
-1 -1 201 201 -1 -1 -1 -1 -1 -1
-1 -1 -1 -1 -1 -1
-1 -1 201 201 -1 -1 -1 -1 -1 -1
-1 -1 690 -1 -1
-1 -1 382 382 -1 -1 -1 -1 -1 -1
-1 -1 636 636 636 -1 -1 -1 -1
-1 -1 636 636 636 -1 -1 -1 -1 -1 -1 -1 -1 -1 -1
-1 -1 636 636 636 -1 -1 -1 -1 -1 -1 -1 -1 -1 -1
-1 -1 638 -1 -1
-1 -1 638 -1 -1
-1 -1 -1 -1 -1 -1 -1 -1 -1
-1 -1 679 679 -1 -1
-1 -1 533 533 -1 -1 -1 -1 -1 -1
-1 -1 697 697 697 -1 -1
-1 -1 679 679 -1 -1
-1 -1 549 549 -1 -1 -1 -1 -1 -1
-1 -1 693 693 693 -1 -1 -1 -1
-1 -1 689 689 689 -1 -1 -1 -1 -1 -1 -1 -1
-1 -1 683 683 683 -1 -1
-1 -1 679 679 -1 -1 -1 -1 -1 -1
-1 -1 -1 -1 -1 -1 -1 -1 -1 -1 -1 -1
-1 -1 683 683 -1 -1 -1 -1 -1 -1 -1 -1
-1 -1 690 690 -1 -1 -1 -1 -1 -1 -1 -1 -1 -1 -1 -1
-1 -1 698 698 698 -1 -1
-1 -1 569 569 569 -1 -1
-1 -1 690 690 690 -1 -1 -1 -1 -1 -1 -1 -1
-1 -1 -1 -1 -1 -1 -1 -1
-1 -1 680 680 -1 -1
-1 -1 690 690 -1 -1 -1 -1 -1 -1
-1 -1 -1 -1 -1
-1 -1 691 -1 -1 -1 -1
-1 -1 382 -1 -1
-1 -1 -1 -1 -1 -1 -1
-1 -1 -1 -1 -1 -1 -1
-1 -1 -1 -1 -1
-1 -1 53 53 53 -1 -1 -1 -1 -1 -1
-1 -1 -1 -1 -1 -1 -1
-1 -1 -1 -1 -1 -1 -1 -1
-1 -1 -1 -1
-1 -1 -1 -1 -1 -1 -1
-1 -1 697 -1 -1 -1 -1 -1 -1
-1 -1 679 -1 -1 -1 -1 -1 -1
-1 -1 680 -1 -1 -1 -1
-1 -1 -1 -1 -1 -1
-1 -1 662 662 -1 -1
-1 -1 -1 -1 -1 -1 -1 -1 -1 -1
-1 -1 -1 -1 -1 -1 -1
-1 -1 702 702 702 -1 -1
-1 -1 662 662 -1 -1 -1 -1 -1 -1
-1 -1 662 662 662 -1 -1
-1 -1 -1
-1 -1 -1 -1
-1 -1 -1 -1
-1 -1 662 662 -1 -1 -1 -1 -1 -1
-1 -1 702 702 702 702 -1 -1
-1 -1 702 702 702 702 -1 -1
-1 -1 507 -1 -1
-1 -1 161 -1 -1
-1 -1 690 -1 -1 -1 -1
-1 -1 692 -1 -1
-1 -1 -1 -1 -1
-1 -1 -1 -1
-1 -1 680 680 -1 -1 -1 -1 -1 -1 -1 -1
-1 -1 545 545 -1 -1 -1 -1 -1 -1 -1 -1
-1 -1 691 691 -1 -1 -1 -1 -1 -1 -1 -1
-1 -1 -1 -1 -1 -1 -1 -1
-1 -1 692 692 -1 -1 -1 -1 -1 -1 -1 -1
-1 -1 -1 -1 -1 -1
-1 -1 681 681 -1 -1 -1 -1
-1 -1 690 690 690 -1 -1 -1 -1 -1 -1
-1 -1 695 -1 -1 -1 -1
-1 -1 680 -1 -1 -1 -1
-1 -1 89 -1 -1 -1 -1 -1 -1 -1 -1
-1 -1 -1 -1 -1 -1 -1 -1 -1
-1 -1 683 683 683 -1 -1 -1 -1
-1 -1 228 228 228 228 -1 -1
-1 -1 228 228 228 228 -1 -1 -1 -1
-1 -1 667 667 667 667 -1 -1 -1 -1 -1 -1 -1 -1
-1 -1 399 399 399 -1 -1 -1 -1 -1 -1 -1 -1
-1 -1 399 399 399 -1 -1 -1 -1 -1 -1 -1 -1
-1 -1 399 399 399 -1 -1 -1 -1
-1 -1 399 399 399 -1 -1
-1 -1 688 688 688 -1 -1 -1 -1 -1 -1
-1 -1 698 698 698 -1 -1 -1 -1 -1 -1
-1 -1 681 681 681 681 -1 -1
-1 -1 399 399 399
-1 -1 -1 -1 -1 -1 -1
-1 -1 228 228 228 -1 -1 -1 -1 -1 -1 -1 -1 -1 -1 -1 -1
-1 -1 -1 -1 -1 -1 -1 -1
-1 -1 695 695 -1 -1 -1 -1 -1 -1 -1 -1 -1 -1
-1 -1 696 696 696 -1 -1 -1 -1
-1 -1 -1 -1 -1 -1 -1 -1 -1 -1
-1 -1 698 698 698 698 -1 -1 -1 -1
-1 -1 695 695 695 -1 -1 -1 -1 -1 -1
-1 -1 697 697 697 697 -1 -1 -1 -1
-1 -1 688 688 688 -1 -1 -1 -1 -1 -1
-1 -1 698 698 698 -1 -1 -1 -1 -1 -1 -1 -1 -1 -1 -1 -1
-1 -1 -1 -1 -1 -1 -1 -1 -1 -1
-1 -1 -1 -1 -1 -1 -1 -1 -1 -1 -1
-1 -1 698 698 698 -1 -1 -1 -1 -1 -1 -1 -1
-1 -1 679 679 679 -1 -1 -1 -1 -1 -1 -1 -1
-1 -1 683 683 683 -1 -1 -1 -1 -1 -1 -1 -1 -1 -1
-1 -1 691 691 691 -1 -1 -1 -1
-1 -1 164 164 164 -1 -1
-1 -1 399 399 399 -1 -1 -1 -1 -1 -1
-1 -1 -1 -1 -1 -1 -1
-1 -1 -1 -1 -1 -1 -1
-1 -1 697 -1 -1 -1 -1
-1 -1 549 549 -1 -1 -1 -1
-1 -1 680 -1 -1
-1 -1 697 -1 -1 -1 -1 -1 -1
-1 -1 698 -1 -1
-1 -1 698 -1 -1 -1 -1 -1 -1
-1 -1 683 -1 -1
-1 -1 658 -1 -1 -1 -1
-1 -1 680 -1 -1 -1 -1
-1 -1 696 -1 -1 -1 -1 -1 -1
-1 -1 690 -1 -1 -1 -1 -1 -1
-1 -1 698 -1 -1 -1 -1
-1 -1 692 -1 -1 -1 -1 -1 -1
-1 -1 -1 -1 -1 -1 -1
-1 -1 680 -1 -1 -1 -1
-1 -1 -1 -1 -1
-1 -1 690 -1 -1 -1 -1 -1 -1
-1 -1 689 -1 -1 -1 -1 -1 -1
-1 -1 89 -1 -1 -1 -1 -1 -1 -1 -1
-1 -1 689 -1 -1 -1 -1 -1 -1
-1 -1 680 -1 -1 -1 -1
-1 -1 689 -1 -1
-1 -1 679 -1 -1
-1 -1 680 -1 -1 -1 -1 -1 -1
-1 -1 680 680 -1 -1 -1 -1 -1 -1 -1 -1 -1 -1
-1 -1 679 679 -1 -1 -1 -1 -1 -1 -1 -1
-1 -1 690 690 -1 -1 -1 -1 -1 -1 -1 -1
-1 -1 680 -1 -1 -1 -1 -1 -1
-1 -1 -1 -1 -1 -1 -1 -1 -1 -1
-1 -1 353 353 353 353 -1 -1
-1 -1 353 353 353 353 -1 -1 -1 -1
-1 -1 353 353 -1 -1 -1 -1
-1 -1 -1 -1 -1 -1 -1 -1
-1 -1 353 353 -1 -1 -1 -1 -1 -1 -1 -1
-1 -1 -1 -1 -1 -1
-1 -1 -1 -1 -1
-1 -1 353 353 -1 -1 -1 -1 -1 -1
-1 -1 -1 -1 -1 -1 -1 -1
-1 -1 -1 -1 -1 -1 -1 -1 -1 -1 -1 -1
-1 -1 282 282 -1 -1 -1 -1 -1 -1 -1 -1
-1 -1 282 282 -1 -1 -1 -1 -1 -1
-1 -1 -1 -1 -1 -1 -1 -1 -1 -1 -1 -1 -1 -1
-1 -1 -1 -1 -1 -1 -1 -1 -1 -1 -1 -1
-1 -1 353 353 -1 -1 -1 -1
-1 -1 282 282 -1 -1 -1 -1
-1 -1 353 353 -1 -1 -1 -1
-1 -1 353 353 -1 -1 -1 -1 -1 -1
-1 -1 683 -1 -1 -1 -1
-1 -1 683 683 683 683
-1 -1 -1 -1
-1 -1 440 -1 -1 -1 -1
-1 -1 679 -1 -1 -1 -1
-1 -1 638 -1 -1
-1 -1 638 -1 -1
-1 -1 695 -1 -1 -1 -1
-1 -1 -1 -1 -1
-1 -1 444 444 444 -1 -1
-1 -1 -1 -1 -1 -1 -1
-1 -1 444 444 444 -1 -1
-1 -1 -1 -1 -1 -1 -1
-1 -1 -1 -1 -1 -1 -1 -1 -1
-1 -1 383 383 383
-1 -1 383 383 383 -1 -1
-1 -1 -1 -1 -1 -1 -1
-1 -1 383 383 -1 -1 -1 -1
-1 -1 444 444 444 -1 -1
-1 -1 237 237 -1 -1 -1 -1
-1 -1 237 237 237 -1 -1
-1 -1 683
-1 -1 -1 -1 -1
-1 -1 680
-1 -1 189 189 189 -1 -1
-1 -1 189 189 -1 -1
-1 -1 -1 -1 -1 -1 -1 -1 -1
-1 -1 696 696 -1 -1 -1 -1
-1 -1 683 -1 -1 -1 -1
-1 -1 295 -1 -1 -1 -1
-1 -1 695 -1 -1
-1 -1 695 -1 -1
-1 -1 -1 -1 -1
-1 -1 -1 -1 -1 -1 -1 -1
-1 -1 -1 -1 -1 -1
-1 -1 -1 -1 -1 -1
-1 -1 -1 -1 -1 -1 -1
-1 -1 -1 -1 -1 -1 -1 -1
-1 -1 -1 -1 -1 -1 -1
-1 -1 -1 -1 -1 -1 -1 -1
-1 -1 62 62 -1 -1 -1 -1
-1 -1 -1 -1 -1 -1 -1 -1 -1 -1 -1 -1 -1 -1 -1 -1
-1 -1 295 -1 -1 -1 -1
-1 -1 -1 -1 -1
-1 -1 -1 -1 -1 -1 -1
-1 -1 594 -1 -1
-1 -1 683 -1 -1 -1 -1
-1 -1 697 -1 -1 -1 -1
-1 -1 667 -1 -1
-1 -1 628 -1 -1
-1 -1 697 -1 -1
-1 -1 680 680 680 680 -1 -1
-1 -1 237 -1 -1
-1 -1 295 -1 -1 -1 -1
-1 -1 315 315 -1 -1
-1 -1 315 315 -1 -1
-1 -1 683 683 -1 -1 -1 -1 -1 -1
-1 -1 690 -1 -1 -1 -1 -1 -1
-1 -1 697 -1 -1
-1 -1 691 -1 -1 -1 -1
-1 -1 415 -1 -1 -1 -1
-1 -1 651 651 651 -1 -1 -1 -1
-1 -1 386 386 386 386 386 -1 -1
-1 -1 651 651 651 -1 -1 -1 -1
-1 -1 651 651 651 -1 -1 -1 -1
-1 -1 696 -1 -1 -1 -1 -1 -1 -1 -1
-1 -1 446 446 -1 -1 -1 -1 -1 -1
-1 -1 446 446 -1 -1 -1 -1
-1 -1 446 446 -1 -1 -1 -1 -1 -1
-1 -1 446 446 -1 -1 -1 -1 -1 -1 -1 -1
-1 -1 446 446 -1 -1 -1 -1
-1 -1 82 82 82 -1 -1
-1 -1 410 410 410 410 410 -1 -1
-1 -1 410 410 410 410 410 -1 -1
-1 -1 410 410 410 410 410 -1 -1
-1 -1 82 82 82 82 -1 -1
-1 -1 -1 -1 -1 -1 -1 -1 -1 -1 -1 -1 -1 -1
-1 -1 -1 -1 -1 -1 -1 -1 -1 -1
-1 -1 363 363 363 363 -1 -1 -1 -1
-1 -1 363 363 363 -1 -1
-1 -1 -1 -1 -1 -1 -1
-1 -1 -1 -1 -1 -1 -1 -1 -1 -1
-1 -1 -1 -1 -1 -1 -1 -1 -1 -1 -1 -1
-1 -1 -1 -1 -1 -1 -1 -1 -1 -1 -1
-1 -1 -1 -1 -1 -1 -1 -1 -1 -1
-1 -1 -1 -1 -1 -1 -1 -1 -1 -1 -1 -1
-1 -1 279 279 279 279 279 279 -1 -1 -1 -1
-1 -1 -1 -1 -1 -1 -1 -1 -1 -1 -1 -1
-1 -1 -1 -1 -1 -1 -1 -1 -1 -1 -1
-1 -1 -1 -1 -1 -1 -1 -1 -1
-1 -1 -1 -1 -1 -1 -1 -1 -1 -1 -1
-1 -1 279 279 279 279 279 279 -1 -1 -1 -1
-1 -1 -1 -1 -1 -1 -1 -1 -1 -1 -1 -1
-1 -1 -1 -1 -1 -1 -1 -1 -1
-1 -1 326 326 326 -1 -1 -1 -1 -1 -1 -1 -1 -1 -1
-1 -1 135 135 -1 -1
-1 -1 -1 -1 -1 -1 -1 -1 -1
-1 -1 72 72 -1 -1
-1 -1 72 72 -1 -1 -1 -1
-1 -1 -1 -1 -1 -1 -1 -1
-1 -1 -1 -1 -1 -1 -1 -1
-1 -1 -1 -1 -1 -1
-1 -1 698 698 698
-1 -1 -1 -1 -1
-1 -1 691 691
-1 -1 506 506 -1 -1
-1 -1 506 506 506 -1 -1
-1 -1 506 506 506 -1 -1
-1 -1 506 506 506 -1 -1
-1 -1 506 506 506 -1 -1
-1 -1 506 506 506 -1 -1
-1 -1 506 506 506 -1 -1 -1 -1 -1 -1
-1 -1 506 506 506 -1 -1 -1 -1
-1 -1 506 506 -1 -1
-1 -1 506 506 -1 -1
-1 -1 457 457 -1 -1 -1 -1
-1 -1 457 457 -1 -1 -1 -1 -1 -1
-1 -1 -1 -1 -1 -1
-1 -1 -1 -1 -1 -1
-1 -1 122 122 -1 -1 -1 -1
-1 -1 122 122 -1 -1
-1 -1 634 634 -1 -1 -1 -1 -1 -1 -1 -1
-1 -1 634 634 634 -1 -1 -1 -1 -1 -1 -1 -1
-1 -1 634 634 634 -1 -1 -1 -1 -1 -1 -1 -1
-1 -1 634 634 634 634 -1 -1 -1 -1 -1 -1 -1 -1
-1 -1 634 634 634 -1 -1 -1 -1 -1 -1 -1 -1
-1 -1 634 634 634 634 -1 -1 -1 -1 -1 -1 -1 -1
-1 -1 578 578 578 -1 -1 -1 -1
-1 -1 578 578
-1 -1 -1
-1 -1
-1 -1 281
-1 -1 579
-1 -1 634 -1 -1 -1 -1 -1 -1
-1 -1 634 634 -1 -1 -1 -1 -1 -1
-1 -1 634 634 -1 -1 -1 -1 -1 -1
-1 -1 634 634 634 -1 -1 -1 -1 -1 -1
-1 -1 634 634 634
-1 -1 634 634 -1 -1 -1 -1 -1 -1
-1 -1 634 634 634 -1 -1 -1 -1 -1 -1
-1 -1 634 634 -1 -1 -1 -1 -1 -1
-1 -1 634 634
-1 -1 -1 -1 -1
-1 -1 9
-1 -1 9 9
-1 -1 634 634 -1 -1
-1 -1 -1 -1 -1
-1 -1 -1 -1 -1 -1
-1 -1 -1 -1
-1 -1 634 634
-1 -1 578 578 578 -1 -1
-1 -1 578 578 578 -1 -1
-1 -1 281 281 -1 -1
-1 -1 578 578 578 -1 -1
-1 -1 579 579 -1 -1
-1 -1 578 578 578 -1 -1
-1 -1 578 578 578 -1 -1
-1 -1 578 578 578 -1 -1
-1 -1 -1 -1 -1 -1
-1 -1 578 578 578 -1 -1
-1 -1 -1 -1 -1 -1
-1 -1 578 578 578 -1 -1
-1 -1 578 578 578 -1 -1
-1 -1 -1
-1 -1 634 -1 -1
-1 -1
-1 -1 634 -1 -1
-1 -1 634 -1 -1
-1 -1 634
-1 -1 -1 -1
-1 -1 634
-1 -1 613 613
-1 -1 634 634 -1 -1
-1 -1 634 634 -1 -1
-1 -1 634 634 -1 -1
-1 -1 634 634
-1 -1 634 634 -1 -1 -1 -1
-1 -1 634 634 -1 -1
-1 -1 -1 -1 -1 -1
-1 -1 634 -1 -1 -1 -1
-1 -1 634
-1 -1 634 -1 -1
-1 -1 634
-1 -1 634 634
-1 -1
-1 -1 -1
-1 -1 634
-1 -1 634 634
-1 -1 -1
-1 -1 -1 -1
-1 -1 -1 -1
-1 -1 -1 -1
-1 -1 634 634
-1 -1 613 613
-1 -1 634 634
-1 -1 634 634
-1 -1 634
-1 -1 634
-1 -1 634 634 -1 -1 -1 -1 -1 -1 -1 -1
-1 -1 184 184 -1 -1
-1 -1 276 276 -1 -1 -1 -1
-1 -1 276 276 -1 -1
-1 -1 -1
-1 -1
-1 -1 -1 -1 -1
-1 -1 571
-1 -1 571 571
-1 -1 184
-1 -1 473 -1 -1 -1 -1
-1 -1 184 184 -1 -1
-1 -1 571 571
-1 -1 -1 -1 -1 -1
-1 -1 184 184 -1 -1
-1 -1 221 221 -1 -1
-1 -1 221
-1 -1 473 -1 -1
-1 -1 473 473
-1 -1 634
-1 -1 634
-1 -1 679 -1 -1 -1 -1
-1 -1 679
-1 -1 272 272 272 -1 -1 -1 -1 -1 -1
-1 -1 153 153 153 -1 -1 -1 -1 -1 -1
-1 -1 -1 -1 -1 -1 -1 -1 -1 -1 -1
-1 -1 -1 -1 -1 -1 -1 -1 -1 -1 -1
-1 -1 -1 -1 -1 -1
-1 -1 -1 -1 -1 -1 -1 -1 -1
-1 -1 -1 -1 -1 -1 -1
-1 -1 645 645 -1 -1
-1 -1 -1 -1 -1 -1 -1 -1 -1 -1 -1 -1 -1 -1
-1 -1 -1 -1 -1 -1
-1 -1 -1 -1
-1 -1 -1 -1 -1 -1 -1
-1 -1 272 272 -1 -1 -1 -1 -1 -1
-1 -1 -1 -1 -1 -1 -1 -1 -1 -1
-1 -1 -1 -1 -1 -1 -1 -1
-1 -1 153 153 -1 -1 -1 -1 -1 -1 -1 -1
-1 -1 -1
-1 -1 -1 -1
-1 -1 -1 -1 -1 -1 -1 -1 -1
-1 -1 -1
-1 -1 272 272 -1 -1 -1 -1
-1 -1 -1 -1 -1 -1 -1 -1
-1 -1 -1 -1 -1
-1 -1 -1 -1 -1 -1 -1 -1 -1 -1 -1 -1
-1 -1 -1
-1 -1 -1
-1 -1 -1 -1 -1 -1
-1 -1 -1 -1 -1 -1
-1 -1 -1 -1 -1 -1
-1 -1 -1 -1
-1 -1 -1 -1
-1 -1 -1 -1
-1 -1 -1 -1
-1 -1 -1 -1 -1
-1 -1 -1 -1
-1 -1 -1 -1
-1 -1 329 329
-1 -1 -1 -1
-1 -1 -1 -1
-1 -1 -1 -1 -1
-1 -1 -1 -1
-1 -1 -1 -1 -1 -1
-1 -1 -1 -1 -1 -1
-1 -1 -1 -1 -1 -1
-1 -1 -1 -1 -1 -1 -1 -1 -1 -1 -1 -1
-1 -1 -1 -1 -1
-1 -1 -1 -1 -1
-1 -1 -1 -1 -1
-1 -1 -1 -1 -1
-1 -1 -1 -1 -1 -1
-1 -1 -1 -1 -1
-1 -1 -1 -1 -1
-1 -1 -1 -1 -1
-1 -1 -1 -1 -1
-1 -1 -1 -1 -1
-1 -1 -1 -1 -1
-1 -1 -1 -1 -1
-1 -1 -1 -1 -1
-1 -1 -1 -1 -1
-1 -1 -1 -1 -1 -1 -1 -1 -1 -1 -1 -1 -1 -1
-1 -1 205 205 205
-1 -1 -1 -1 -1
-1 -1 -1 -1 -1
-1 -1 -1 -1 -1
-1 -1 -1 -1 -1 -1
-1 -1 -1 -1 -1 -1 -1
-1 -1 -1 -1 -1
-1 -1 -1 -1
-1 -1 -1 -1 -1
-1 -1 -1 -1
-1 -1 -1 -1 -1 -1 -1 -1
-1 -1 -1 -1 -1 -1
-1 -1 -1 -1 -1 -1
-1 -1 -1 -1 -1 -1 -1
-1 -1 -1 -1
-1 -1 -1 -1 -1 -1 -1 -1 -1
-1 -1 -1 -1 -1 -1 -1 -1 -1 -1
-1 -1 195 -1 -1
-1 -1 195
-1 -1 -1 -1 -1 -1 -1 -1 -1 -1 -1 -1 -1 -1 -1
-1 -1 604
-1 -1 604
-1 -1 604
-1 -1 604
-1 -1 604
-1 -1 -1 -1
-1 -1 -1 -1 -1
-1 -1 317
-1 -1 604 604 604
-1 -1 317
-1 -1 317
-1 -1 317
-1 -1 317
-1 -1 -1 -1
-1 -1 604 -1 -1 -1 -1 -1 -1
-1 -1 657
-1 -1 604 604 604
-1 -1 657 657
-1 -1 657
-1 -1 657
-1 -1 657
-1 -1 657 -1 -1
-1 -1 657
-1 -1 515 -1 -1 -1 -1 -1 -1
-1 -1 515 515 515 -1 -1 -1 -1 -1 -1 -1 -1
-1 -1 215 215 -1 -1 -1 -1 -1 -1
-1 -1 215 215 -1 -1
-1 -1 504 -1 -1 -1 -1
-1 -1 504 504 504 -1 -1 -1 -1 -1 -1
-1 -1 340 -1 -1 -1 -1 -1 -1 -1 -1
-1 -1 340 340 340 -1 -1 -1 -1 -1 -1 -1 -1 -1 -1
-1 -1 597 -1 -1 -1 -1 -1 -1 -1 -1
-1 -1 597 597 597 -1 -1 -1 -1 -1 -1 -1 -1 -1 -1
-1 -1 155 -1 -1 -1 -1
-1 -1 155 155 155 -1 -1 -1 -1 -1 -1
-1 -1 155 155 -1 -1 -1 -1
-1 -1 155 155 155 155 -1 -1 -1 -1 -1 -1
-1 -1 351
-1 -1 351 351
-1 -1 -1 -1 -1
-1 -1 351 -1 -1 -1 -1 -1 -1
-1 -1 -1 -1 -1
-1 -1 351 351 351 -1 -1 -1 -1 -1 -1 -1 -1
-1 -1 351 351 -1 -1 -1 -1 -1 -1
-1 -1 351 351 351 351 -1 -1 -1 -1 -1 -1 -1 -1
-1 -1 351 351 -1 -1 -1 -1 -1 -1
-1 -1 351 351 351 351 -1 -1 -1 -1 -1 -1 -1 -1
-1 -1 510 510 -1 -1
-1 -1 -1 -1 -1
-1 -1 -1 -1 -1
-1 -1 -1 -1 -1 -1 -1 -1
-1 -1 -1 -1 -1
-1 -1 -1 -1
-1 -1 -1 -1
-1 -1 597 -1 -1 -1 -1 -1 -1 -1 -1
-1 -1 597 597 597 -1 -1 -1 -1 -1 -1 -1 -1 -1 -1
-1 -1 665 665
-1 -1 665 665
-1 -1 504 -1 -1 -1 -1
-1 -1 504 504 504 -1 -1 -1 -1 -1 -1
-1 -1 -1
-1 -1 515 -1 -1 -1 -1 -1 -1
-1 -1 515 515 515 -1 -1 -1 -1 -1 -1 -1 -1
-1 -1 215 215 215
-1 -1 515 -1 -1 -1 -1 -1 -1
-1 -1 515 515 515 -1 -1 -1 -1 -1 -1 -1 -1
-1 -1 515 515 -1 -1 -1 -1
-1 -1 515 515 515 515 -1 -1 -1 -1 -1 -1
-1 -1 510 510 -1 -1 -1 -1
-1 -1 510 510 -1 -1
-1 -1 -1 -1 -1 -1 -1 -1 -1 -1
-1 -1 160 -1 -1 -1 -1
-1 -1 160 160 160 -1 -1 -1 -1 -1 -1
-1 -1 -1 -1 -1 -1 -1
-1 -1 434 434 -1 -1 -1 -1
-1 -1 170 170 -1 -1
-1 -1 170 170
-1 -1 170
-1 -1 434 434 -1 -1
-1 -1 95 95
-1 -1 170
-1 -1 222
-1 -1 222
-1 -1 95 95 -1 -1
-1 -1 170
-1 -1 -1 -1 -1 -1
-1 -1 -1 -1 -1 -1 -1
-1 -1 -1 -1 -1 -1 -1
-1 -1 -1 -1 -1 -1 -1
-1 -1 693 693 693 -1 -1
-1 -1 -1 -1 -1 -1 -1 -1
-1 -1 257 257 257 -1 -1
-1 -1 -1 -1 -1 -1 -1 -1
-1 -1 257 257 257 -1 -1
-1 -1 -1 -1 -1 -1 -1 -1
-1 -1 -1 -1 -1 -1 -1 -1
-1 -1 -1 -1 -1 -1 -1
-1 -1 692 692 692 -1 -1
-1 -1 683 683 683 683 -1 -1
-1 -1 96 96 96
-1 -1 96 96 96
-1 -1 698 698 -1 -1
-1 -1 -1 -1 -1 -1 -1
-1 -1 336 336 -1 -1
-1 -1 -1 -1 -1 -1 -1
-1 -1 -1 -1 -1 -1
-1 -1 696 696 696 696 -1 -1
-1 -1 691 691 691 691 -1 -1
-1 -1 695 695 695 695 -1 -1
-1 -1 549 549 549 549 -1 -1
-1 -1 695 695 695 695 -1 -1
-1 -1 688 688 -1 -1
-1 -1 -1 -1 -1 -1 -1
-1 -1 -1 -1 -1 -1 -1 -1 -1
-1 -1 336 336 -1 -1
-1 -1 695 695 695 -1 -1
-1 -1 -1 -1 -1
-1 -1 693 693 693 -1 -1
-1 -1 488 -1 -1
-1 -1 239
-1 -1 488 488 488
-1 -1 239
-1 -1 239
-1 -1 -1
-1 -1 488
-1 -1 243 -1 -1
-1 -1 243 -1 -1
-1 -1 48 48 -1 -1 -1 -1
-1 -1 -1
-1 -1 48 48 -1 -1
-1 -1 491
-1 -1 491
-1 -1 491 -1 -1
-1 -1 323 -1 -1
-1 -1 88
-1 -1 252
-1 -1 463 -1 -1 -1 -1
-1 -1 450 -1 -1 -1 -1 -1 -1
-1 -1 323 -1 -1
-1 -1 -1
-1 -1 323 323
-1 -1 450 -1 -1
-1 -1 450
-1 -1 450 -1 -1
-1 -1 252
-1 -1 450 -1 -1 -1 -1
-1 -1 252 -1 -1 -1 -1
-1 -1 323 323 -1 -1
-1 -1 -1
-1 -1 252
-1 -1 463 -1 -1
-1 -1 450 -1 -1 -1 -1
-1 -1 88 88 -1 -1 -1 -1
-1 -1 -1 -1 -1
-1 -1 558
-1 -1 -1 -1 -1
-1 -1 -1 -1
-1 -1 -1 -1
-1 -1 -1
-1 -1 -1
-1 -1 308 308
-1 -1 308
-1 -1 640 -1 -1
-1 -1 535 535 -1 -1
-1 -1 -1 -1 -1
-1 -1 -1 -1
-1 -1 -1 -1 -1 -1 -1
-1 -1 640 -1 -1 -1 -1
-1 -1 640 -1 -1
-1 -1 640 -1 -1 -1 -1
-1 -1 308 308
-1 -1 -1 -1 -1 -1 -1 -1
-1 -1 640 640 -1 -1 -1 -1 -1 -1 -1 -1 -1 -1
-1 -1 640 640 -1 -1 -1 -1 -1 -1 -1 -1 -1 -1
-1 -1 640 640 -1 -1 -1 -1 -1 -1
-1 -1 640 640
-1 -1 640 640
-1 -1 640 640 640
-1 -1 640 -1 -1
-1 -1 640 -1 -1 -1 -1 -1 -1
-1 -1 640 640 -1 -1
-1 -1 640 640 -1 -1 -1 -1
-1 -1 535 535 -1 -1
-1 -1 640 640
-1 -1 640 640
-1 -1 535 535 -1 -1 -1 -1
-1 -1 -1 -1 -1 -1 -1 -1 -1 -1 -1
-1 -1 -1 -1
-1 -1 -1 -1
-1 -1 319 -1 -1 -1 -1 -1 -1 -1 -1
-1 -1 319 319
-1 -1 -1 -1
-1 -1 -1 -1 -1
-1 -1 319 319 319
-1 -1 -1 -1
-1 -1 -1 -1
-1 -1 -1 -1 -1
-1 -1 -1 -1 -1
-1 -1 -1 -1
-1 -1 622 622
-1 -1 622 622
-1 -1 -1 -1 -1 -1 -1
-1 -1 30 30
-1 -1 30 30
-1 -1 644 -1 -1 -1 -1
-1 -1 206 206 206
-1 -1 206 206 206
-1 -1 558 -1 -1
-1 -1 558 558
-1 -1 558 558
-1 -1 558 558
-1 -1 558 558
-1 -1 -1 -1
-1 -1 -1 -1
-1 -1 -1 -1 -1
-1 -1 -1 -1 -1
-1 -1 -1 -1 -1 -1 -1 -1 -1
-1 -1 -1 -1
-1 -1 -1 -1
-1 -1 -1 -1 -1
-1 -1 -1 -1 -1
-1 -1 -1 -1
-1 -1 -1 -1 -1 -1 -1
-1 -1 511 511
-1 -1 511 511
-1 -1 -1 -1
-1 -1 -1 -1
-1 -1 -1 -1 -1
-1 -1 -1 -1 -1
-1 -1 -1 -1 -1 -1 -1 -1 -1 -1 -1
-1 -1 -1
-1 -1 -1 -1
-1 -1 -1 -1
-1 -1 -1 -1
-1 -1 -1 -1
-1 -1 -1 -1
-1 -1 -1
-1 -1 -1
-1 -1 -1 -1
-1 -1 -1
-1 -1 -1 -1 -1 -1 -1 -1 -1
-1 -1 -1
-1 -1 706 -1 -1 -1 -1
-1 -1 706 706 706 -1 -1
-1 -1 660 -1 -1
-1 -1 660 -1 -1 -1 -1
-1 -1 12 12 -1 -1
-1 -1 12 12
-1 -1 660 660
-1 -1 706 706 706
-1 -1 660 660 660
-1 -1 148 148 148
-1 -1 190 190
-1 -1 190 190 190
-1 -1 190 190 190
-1 -1 23 23 23
-1 -1 23 23
-1 -1 59 59 -1 -1
-1 -1 59 59 -1 -1
-1 -1 706 706
-1 -1 660 660
-1 -1 660 660 660
-1 -1 706 706 -1 -1
-1 -1 706 706 -1 -1
-1 -1 660 660 660
-1 -1 148 148 148
-1 -1 706 706 706
-1 -1 706 706 706 706 -1 -1 -1 -1
-1 -1 141 141 -1 -1
-1 -1 141 141 -1 -1
-1 -1 141 141 -1 -1
-1 -1 699 699 -1 -1
-1 -1 660 660
-1 -1 697 697
-1 -1 -1 -1
-1 -1 545 545
-1 -1 437 437 -1 -1
-1 -1 437 437
-1 -1 696 696
-1 -1 661 661
-1 -1 660 660
-1 -1 683 683 683 -1 -1
-1 -1 661 661 661
-1 -1 367 367 -1 -1
-1 -1 367 367 367 -1 -1
-1 -1 367 367 367 367
-1 -1 706 706 706 706 -1 -1 -1 -1
-1 -1 660 660
-1 -1 693
-1 -1 689 -1 -1
-1 -1 698 -1 -1 -1 -1
-1 -1 696 696
-1 -1 698 698 698
-1 -1 690 690
-1 -1 -1 -1
-1 -1 693 693
-1 -1 680 680
-1 -1 695 695
-1 -1 689 689
-1 -1 695
-1 -1 698 698
-1 -1 660 -1 -1
-1 -1 683 -1 -1 -1 -1
-1 -1 679 -1 -1
-1 -1 693 693 -1 -1
-1 -1 607 607
-1 -1 698 698
-1 -1 691
-1 -1 443 443 443
-1 -1 443 443 443
-1 -1 607 607
-1 -1 607 607 607
-1 -1 576 576 576
-1 -1 607 607
-1 -1 576 576 576
-1 -1 694 694 694 694
-1 -1 690 690 690 690 690
-1 -1 692 692
-1 -1 576 576 576
-1 -1 443 443 443
-1 -1 680 680 680
-1 -1 576 576
-1 -1 687 687
-1 -1 443 443
-1 -1 607 607
-1 -1 607 607 607
-1 -1 687 687
-1 -1 695 695
-1 -1 660 -1 -1 -1 -1
-1 -1 660 -1 -1 -1 -1 -1 -1
-1 -1 660 660 660
-1 -1 706 706
-1 -1 706 706
-1 -1 690 -1 -1 -1 -1
-1 -1 679 679 -1 -1 -1 -1
-1 -1 660 660
-1 -1 660 660
-1 -1 660 660
-1 -1 49 49
-1 -1 162 162
-1 -1 162 162
-1 -1 162 162
-1 -1 49 49
-1 -1 162 162 -1 -1
-1 -1 660 660
-1 -1 660 -1 -1
-1 -1 660 -1 -1 -1 -1
-1 -1 412 412
-1 -1 -1
-1 -1 660 -1 -1 -1 -1
-1 -1 676 676
-1 -1 676 676 676
-1 -1 676 676 676
-1 -1 412 412 412
-1 -1 -1 -1
-1 -1 412 412
-1 -1 412 412
-1 -1 412 412 412 412
-1 -1 412 412
-1 -1 412 412 412 412
-1 -1 587 587
-1 -1 -1
-1 -1 587 -1 -1 -1 -1 -1 -1
-1 -1 706 706 706
-1 -1 706 706 706
-1 -1 706 706
-1 -1 706 706
-1 -1 706 706 -1 -1
-1 -1 706 706
-1 -1 706 706
-1 -1 706 706
-1 -1 706 706
-1 -1 706 706
-1 -1 706 706 -1 -1
-1 -1 706 706 -1 -1 -1 -1
-1 -1 679 679
-1 -1 587 587
-1 -1 87
-1 -1 87 87
-1 -1 3 3
-1 -1 414 414 414
-1 -1 87 87 -1 -1
-1 -1 3 3 -1 -1
-1 -1 414 414 414 -1 -1
-1 -1 -1
-1 -1 604 -1 -1
-1 -1 546
-1 -1 546 -1 -1
-1 -1 -1
-1 -1 -1 -1 -1
-1 -1 -1 -1 -1
-1 -1 253 -1 -1
-1 -1 56 -1 -1 -1 -1
-1 -1 617 617 -1 -1 -1 -1 -1 -1
-1 -1 617 617 -1 -1 -1 -1 -1 -1
-1 -1 60 60 -1 -1
-1 -1 617 -1 -1 -1 -1
-1 -1 680 -1 -1 -1 -1
-1 -1 688
-1 -1 70 70 70 -1 -1 -1 -1
-1 -1 -1 -1
-1 -1 70 70 -1 -1
-1 -1 70 70 70 -1 -1 -1 -1
-1 -1 70 -1 -1
-1 -1 -1
-1 -1 -1 -1
-1 -1 -1 -1
-1 -1 -1
-1 -1 -1
-1 -1 -1
-1 -1 -1
-1 -1 -1 -1 -1 -1 -1
-1 -1 -1 -1 -1 -1 -1 -1 -1 -1 -1 -1 -1 -1
-1 -1 249 249
-1 -1 350 350 350
-1 -1 350 350 350 350
-1 -1 350 350 350
-1 -1 350 350 350 350
-1 -1 231 231
-1 -1 -1 -1 -1 -1 -1 -1
-1 -1 -1 -1 -1 -1
-1 -1 -1 -1 -1 -1 -1
-1 -1 231 231 -1 -1 -1 -1 -1 -1 -1 -1 -1 -1
-1 -1 -1 -1 -1 -1 -1 -1
-1 -1 -1 -1 -1 -1 -1 -1 -1 -1 -1 -1 -1 -1 -1
-1 -1 -1 -1 -1 -1 -1 -1 -1 -1 -1 -1 -1
-1 -1 -1 -1 -1 -1 -1
-1 -1 -1 -1 -1 -1 -1
-1 -1 249 249 -1 -1 -1 -1
-1 -1 -1 -1 -1 -1 -1 -1 -1 -1 -1 -1 -1 -1 -1
-1 -1 -1 -1 -1
-1 -1 -1 -1 -1
-1 -1 -1 -1 -1
-1 -1 -1 -1 -1
-1 -1 420 420 -1 -1 -1 -1 -1 -1
-1 -1 -1 -1 -1 -1 -1 -1 -1 -1 -1 -1
-1 -1 -1 -1 -1 -1 -1 -1 -1 -1
-1 -1 114
-1 -1
-1 -1 -1 -1 -1 -1
-1 -1 512 512 512
-1 -1 512 512 512
-1 -1 114
-1 -1 420 -1 -1 -1 -1 -1 -1
-1 -1 500 500
-1 -1 500 500 500
-1 -1 420 420
-1 -1 -1 -1 -1 -1 -1
-1 -1 -1 -1 -1 -1 -1
-1 -1 -1 -1 -1 -1 -1
-1 -1 500 500 -1 -1 -1 -1 -1 -1
-1 -1 500 500 500 500 -1 -1 -1 -1 -1 -1 -1 -1
-1 -1 500 500 500 -1 -1 -1 -1 -1 -1 -1 -1
-1 -1 500 500 500 -1 -1 -1 -1 -1 -1 -1 -1
-1 -1 500 500 500 -1 -1 -1 -1 -1 -1
-1 -1 500 500 500 -1 -1
-1 -1 -1 -1 -1 -1 -1 -1
-1 -1 -1 -1 -1 -1 -1
-1 -1 -1 -1 -1 -1 -1 -1 -1 -1 -1 -1
-1 -1 500 500 500 -1 -1
-1 -1 -1 -1 -1 -1 -1 -1
-1 -1 -1 -1 -1 -1 -1 -1 -1 -1
-1 -1 500 500 500 -1 -1
-1 -1 -1 -1 -1 -1 -1 -1
-1 -1 -1 -1 -1 -1
-1 -1 -1 -1 -1 -1 -1 -1
-1 -1 500 500 500 -1 -1 -1 -1
-1 -1 -1
-1 -1 -1 -1 -1 -1 -1 -1 -1 -1 -1 -1
-1 -1 -1
-1 -1 -1
-1 -1 -1
-1 -1 -1 -1 -1 -1 -1 -1
-1 -1 -1 -1 -1 -1
-1 -1 -1
-1 -1 -1 -1 -1
-1 -1 -1
-1 -1 261
-1 -1 261 -1 -1
-1 -1 -1 -1 -1
-1 -1 -1
-1 -1 -1 -1 -1
-1 -1 680 680
-1 -1 692 692 -1 -1
-1 -1 691 691
-1 -1 690 690
-1 -1 689 689 689 -1 -1
-1 -1 689 689
-1 -1 698 698
-1 -1 693 693
-1 -1 -1 -1 -1
-1 -1 693 693
-1 -1 691 691
-1 -1 437 437
-1 -1 689 689 689 -1 -1
-1 -1 680 680
-1 -1 -1 -1
-1 -1 688 688 688
-1 -1 695 695
-1 -1 -1 -1
-1 -1 -1 -1
-1 -1 -1 -1
-1 -1 -1 -1
-1 -1 693 693
-1 -1 -1 -1
-1 -1 -1 -1
-1 -1 697 697 -1 -1 -1 -1 -1 -1
-1 -1 697 697 697 -1 -1
-1 -1 658 658 658 -1 -1
-1 -1 -1 -1
-1 -1 -1 -1 -1 -1 -1 -1 -1 -1 -1
-1 -1 679
-1 -1 -1
-1 -1 296
-1 -1 689
-1 -1 690 -1 -1 -1 -1 -1 -1
-1 -1 614
-1 -1 688 -1 -1
-1 -1 164 -1 -1 -1 -1
-1 -1 688
-1 -1 688 -1 -1 -1 -1 -1 -1
-1 -1 691 -1 -1
-1 -1 695 -1 -1 -1 -1
-1 -1 689
-1 -1 693
-1 -1 691 -1 -1
-1 -1 296 -1 -1 -1 -1
-1 -1 558 558
-1 -1 690 690 690
-1 -1 691 691
-1 -1 -1 -1 -1 -1
-1 -1 558 558
-1 -1 679
-1 -1 690
-1 -1 696
-1 -1 683 -1 -1
-1 -1 690 690 690 -1 -1 -1 -1 -1 -1
-1 -1 695 695 -1 -1
-1 -1 -1 -1 -1 -1 -1 -1
-1 -1 549
-1 -1 441
-1 -1 -1
-1 -1 -1 -1 -1 -1 -1 -1
-1 -1 441 441
-1 -1 -1
-1 -1 -1
-1 -1 -1 -1 -1 -1
-1 -1 -1 -1 -1 -1
-1 -1 -1 -1 -1 -1 -1 -1
-1 -1 -1 -1 -1 -1
-1 -1 -1
-1 -1 -1 -1 -1 -1
-1 -1 -1 -1
-1 -1 -1
-1 -1 -1 -1 -1 -1 -1
-1 -1 -1
-1 -1 -1 -1 -1
-1 -1 -1
-1 -1 -1
-1 -1 -1
-1 -1 -1
-1 -1 -1 -1 -1 -1 -1
-1 -1 -1 -1 -1 -1 -1
-1 -1 635 635 -1 -1
-1 -1 635 -1 -1 -1 -1
-1 -1 635 -1 -1
-1 -1 635
-1 -1 521
-1 -1 635 -1 -1
-1 -1 -1 -1 -1 -1
-1 -1 521 521
-1 -1 521
-1 -1 521
-1 -1 635 635 -1 -1
-1 -1 635 635 -1 -1
-1 -1 635 635 -1 -1 -1 -1
-1 -1 635 635 -1 -1
-1 -1 635 635 -1 -1
-1 -1 -1 -1 -1 -1 -1
-1 -1 521
-1 -1 192
-1 -1 521 521 -1 -1
-1 -1 192 -1 -1
-1 -1 521
-1 -1 -1 -1 -1
-1 -1 -1 -1 -1 -1 -1
-1 -1 -1
-1 -1 -1 -1 -1 -1 -1
-1 -1 -1
-1 -1 -1
-1 -1 -1
-1 -1 -1
-1 -1 -1
-1 -1 -1 -1 -1
-1 -1 -1 -1 -1
-1 -1 -1 -1 -1
-1 -1 -1
-1 -1 689 -1 -1
-1 -1 -1 -1 -1
-1 -1 -1 -1 -1
-1 -1 -1 -1
-1 -1
-1 -1
-1 -1 -1 -1
-1 -1 -1 -1 -1 -1 -1 -1
-1 -1 -1 -1
-1 -1 -1 -1
-1 -1 -1 -1 -1 -1 -1 -1 -1
-1 -1 -1 -1 -1 -1 -1
-1 -1 -1 -1 -1 -1 -1
-1 -1 -1 -1 -1 -1
-1 -1 -1 -1
-1 -1 -1 -1
-1 -1 -1 -1
-1 -1 -1 -1 -1 -1
-1 -1 697 697 -1 -1 -1 -1 -1 -1
-1 -1 -1 -1 -1 -1
-1 -1 -1 -1 -1 -1 -1 -1
-1 -1 -1 -1 -1 -1 -1 -1 -1 -1 -1
-1 -1 -1 -1
-1 -1 -1 -1
-1 -1 656 656 -1 -1
-1 -1 -1 -1 -1 -1
-1 -1 -1 -1 -1
-1 -1 -1 -1 -1 -1 -1 -1
-1 -1 -1 -1 -1
-1 -1 -1 -1 -1 -1 -1 -1
-1 -1 -1 -1 -1 -1 -1 -1 -1 -1 -1
-1 -1 -1 -1 -1 -1 -1 -1
-1 -1 -1 -1
-1 -1 -1 -1
-1 -1 -1 -1
-1 -1 -1 -1
-1 -1 -1 -1
-1 -1 -1 -1
-1 -1 -1 -1
-1 -1 -1 -1
-1 -1 -1 -1
-1 -1 94
-1 -1 -1 -1 -1
-1 -1 250 250 -1 -1
-1 -1 250 250 250 -1 -1
-1 -1 250 250 250 -1 -1 -1 -1
-1 -1 -1 -1 -1 -1 -1
-1 -1 389 389
-1 -1 -1 -1 -1 -1
-1 -1 616 616 616 -1 -1
-1 -1 616 616 616 616 -1 -1
-1 -1 616 616 616 616 -1 -1 -1 -1
-1 -1 616 616 616
-1 -1 616 616 616 616
-1 -1 616 616 616 616
-1 -1 616 -1 -1
-1 -1 94 -1 -1 -1 -1 -1 -1
-1 -1 616
-1 -1 388 388 388
-1 -1 388 388 388
-1 -1 388 388
-1 -1 -1 -1 -1 -1 -1 -1 -1
-1 -1 389 389 389 -1 -1
-1 -1 389 389 389 389 -1 -1
-1 -1 389 389 -1 -1
-1 -1 -1 -1 -1 -1 -1 -1 -1
-1 -1 481 481 -1 -1 -1 -1
-1 -1 -1 -1 -1
-1 -1 -1 -1 -1 -1
-1 -1 -1 -1 -1 -1
-1 -1 481 481 -1 -1 -1 -1
-1 -1 481 481 -1 -1 -1 -1 -1 -1
-1 -1 -1 -1 -1 -1
-1 -1 349 349 349 -1 -1
-1 -1 -1 -1 -1 -1 -1 -1 -1
-1 -1 349 349 349 -1 -1
-1 -1 -1 -1 -1 -1
-1 -1 -1 -1
-1 -1 -1 -1 -1
-1 -1 -1 -1 -1 -1 -1
-1 -1 -1 -1 -1 -1 -1 -1 -1 -1 -1 -1
-1 -1 -1 -1 -1 -1 -1 -1 -1
-1 -1 -1
-1 -1 -1 -1 -1 -1
-1 -1 -1 -1 -1 -1
-1 -1 -1 -1 -1 -1 -1 -1
-1 -1 -1 -1 -1 -1 -1
-1 -1 -1 -1 -1 -1 -1 -1 -1
-1 -1 -1 -1 -1 -1 -1 -1 -1
-1 -1 625 625 625 -1 -1 -1 -1 -1 -1
-1 -1 625 625 625 -1 -1 -1 -1 -1 -1
-1 -1 -1 -1 -1 -1 -1 -1 -1
-1 -1 -1 -1 -1
-1 -1 -1 -1 -1 -1
-1 -1 -1 -1 -1 -1 -1 -1
-1 -1 -1 -1 -1 -1 -1
-1 -1 -1 -1 -1 -1 -1 -1
-1 -1 -1 -1 -1 -1 -1 -1
-1 -1 -1 -1 -1 -1 -1
-1 -1 -1 -1 -1 -1 -1 -1 -1
-1 -1 -1 -1 -1 -1 -1 -1 -1
-1 -1 -1 -1 -1 -1 -1 -1
-1 -1 -1 -1 -1 -1 -1 -1
-1 -1 -1 -1
-1 -1 -1 -1
-1 -1 -1 -1 -1 -1
-1 -1 -1 -1 -1 -1
-1 -1 -1 -1 -1 -1 -1 -1 -1
