-1 -1 -1 -1
-1 -1 -1 -1 -1
-1 1 -1 -1 -1
-1 1 1 104 -1
-1 1 104 -1 -1
-1 1 104 -1
-1 26 -1 -1 -1
-1 26 -1
-1 26 -1 -1 -1
-1 26 -1 -1
-1 26 -1 -1 -1
-1 26 -1 -1 -1 -1 -1 -1
-1 26 -1 -1 -1 -1 -1
-1 26 -1 -1 -1 -1 -1
-1 26 -1 -1 -1 -1
-1 26 -1 -1 -1 -1
-1 26 -1 -1 -1
-1 26 -1 -1 -1
-1 26 -1 -1
-1 26 -1 -1
-1 26 -1 -1
-1 26 -1 -1
-1 26 -1 -1 -1 -1
-1 -1 -1 -1
-1 -1 -1 -1 -1 -1 -1 -1
-1 -1 -1 -1 -1 -1 -1
-1 -1 -1
-1 -1 -1
-1 -1 -1
-1 -1 -1
-1 -1 -1 -1 -1 -1
-1 -1 -1
-1 -1 -1
-1 -1 -1
-1 -1 -1
-1 -1 -1 -1
-1 -1 -1 -1
-1 -1 -1 -1 -1 -1 -1
-1 -1 -1
-1 -1 -1
-1 -1 -1
-1 -1 -1
-1 46 46 -1 -1
-1 46 46 46 -1 -1 -1
-1 46 46 46 -1 -1 -1
-1 69 69 -1 -1 -1 -1 -1
-1 69 69 -1 -1
-1 69 69 -1 -1 -1 -1
-1 69 69 -1 -1
-1 69 69 -1 -1 -1 -1
-1 69 69 -1 -1
-1 69 69 -1 -1
-1 69 69 -1 -1 -1 -1
-1 69 69 -1 -1 -1
-1 69 69 -1
-1 -1 -1 -1
-1 -1 -1
-1 6 106 -1 -1
-1 6 -1 -1
-1 6 -1 -1 -1 -1
-1 6 -1 -1
-1 6 -1
-1 6 -1 -1 -1 -1
-1 6 -1 -1 -1 -1
-1 6 -1 -1 -1
-1 6 -1 -1
-1 6 -1 -1 -1
-1 6 -1 -1
-1 6 -1 -1 -1 -1
-1 6 -1 -1 -1 -1
-1 6 -1 -1 -1 -1 -1
-1 6 -1 -1
-1 -1 -1 -1
-1 -1 -1
-1 -1 -1
-1 -1 -1 -1 -1
-1 -1 -1
-1 -1 -1 -1 -1
-1 -1 -1 -1
-1 -1 -1
-1 -1 -1 -1 -1
-1 -1 -1 -1 -1 -1
-1 -1 -1 -1 -1
-1 -1 -1
-1 -1 -1 -1 -1 -1 -1 -1
-1 -1 -1 -1
-1 -1 -1 -1 -1 -1
-1 -1 -1 -1
-1 -1 -1
-1 -1 -1
-1 -1 -1
-1 -1 -1 -1
-1 -1 -1
-1 -1 -1
-1 -1 -1
-1 -1 -1
-1 -1 -1
-1 -1 -1
-1 -1
-1 69 -1 -1 -1
-1 69 -1 -1
-1 69 -1 -1 -1
-1 69 -1 -1
-1 13 -1 -1 -1 -1 -1
-1 13 -1 -1 -1 -1
-1 13 -1 -1 -1 -1
-1 13 -1 -1
-1 13 -1 -1
-1 13 -1 -1 -1 -1 -1
-1 13 -1 -1 -1
-1 13 -1 -1
-1 -1 -1
-1 69 69 -1 -1
-1 -1 -1 -1 -1 -1 -1 -1
-1 -1 -1
-1 -1 -1 -1 -1
-1 -1 -1 -1 -1
-1 -1 -1 -1 -1
-1 -1 -1 -1 -1 -1 -1
-1 -1 -1 -1 -1
-1 -1 -1 -1 -1
-1 -1 -1 -1 -1
-1 -1 -1 -1 -1 -1 -1 -1
-1 -1 -1 -1 -1 -1
-1 -1 -1 -1 -1 -1
-1 -1 -1 -1 -1 -1
-1 -1 -1 -1 -1 -1
-1 -1 -1 -1 -1 -1
-1 -1 -1 -1 -1 -1
-1 -1 -1 -1 -1 -1
-1 -1 -1 -1
-1 -1 -1
-1 -1 -1 -1 -1
-1 -1 -1 -1 -1 -1 -1
-1 -1 -1 -1 -1 -1 -1
-1 -1 -1 -1 -1 -1
-1 -1 -1 -1 -1 -1 -1
-1 -1 -1 -1 -1 -1
-1 -1 -1 -1 -1
-1 -1 -1 -1 -1
-1 -1 -1 -1 -1 -1 -1 -1
-1 -1 -1 -1
-1 -1 -1 -1 -1 -1
-1 -1 -1 -1
-1 -1 -1 -1
-1 -1 -1 -1 -1 -1 -1 -1
-1 -1 -1 -1 -1 -1 -1 -1
-1 -1 -1 -1 -1 -1 -1
-1 -1 -1 -1 -1 -1
-1 -1 -1 -1 -1 -1 -1
-1 -1 -1 -1 -1 -1 -1 -1 -1
-1 -1 -1 -1 -1 -1
-1 -1 -1 -1 -1 -1 -1
-1 -1 -1 -1 -1 -1 -1
-1 -1 -1 -1 -1 -1 -1
-1 -1 -1 -1 -1 -1 -1
-1 -1 -1 -1 -1 -1 -1 -1
-1 -1 -1 -1 -1 -1 -1
-1 -1 -1 -1 -1 -1 -1
-1 -1 -1 -1 -1 -1 -1
-1 -1 -1 -1 -1 -1 -1 -1 -1
-1 -1 -1 -1 -1 -1 -1
-1 -1 -1 -1 -1 -1 -1
-1 -1 -1 -1 -1 -1 -1
-1 -1 -1 -1 -1 -1 -1 -1 -1
-1 -1 -1 -1 -1 -1 -1
-1 -1 -1 -1 -1 -1 -1 -1
-1 -1 -1 -1 -1 -1 -1 -1
-1 -1 -1 -1 -1 -1 -1 -1
-1 -1 -1 -1 -1 -1 -1 -1 -1
-1 -1 -1 -1 -1 -1 -1 -1 -1
-1 -1 -1 -1 -1 -1 -1
-1 -1 -1 -1 -1 -1 -1 -1
-1 -1 -1 -1 -1 -1 -1
-1 -1 -1 -1 -1 -1 -1 -1
-1 -1 -1 -1 -1 -1
-1 -1 -1 -1 -1 -1 -1 -1 -1
-1 -1 -1 -1 -1 -1 -1
-1 -1 -1 -1 -1 -1 -1
-1 -1 -1 -1 -1 -1 -1
-1 69 69 69 -1
-1 69 69 69 -1
-1 69 69 69 -1
-1 73 73 73 -1 -1
-1 73 73 73 -1 -1 -1 -1
-1 73 73 73 -1 -1 -1
-1 73 73 73 -1
-1 73 73 73 -1 -1
-1 -1 -1 -1
-1 -1 -1 -1 -1
-1 -1 -1 -1 -1
-1 -1 -1 -1 -1
-1 -1 -1 -1
-1 -1 -1 -1
-1 -1 -1 -1 -1
-1 -1 -1 -1 -1 -1 -1
-1 -1
-1 -1
-1 -1 -1 -1 -1
-1 -1 -1 -1 -1
-1 -1 -1 -1 -1 -1
-1 -1 -1 -1 -1
-1 -1 -1 -1
-1 -1 -1 -1
-1 47 47 -1
-1 47 47 -1 -1
-1 47 47 -1
-1 -1 -1 -1 -1 -1
-1 -1 77 77 -1 -1 -1 -1
-1 -1 77 77 -1 -1 -1 -1
-1 -1 77 77 90 -1
-1 -1 -1 -1 -1 -1 -1
-1 -1 -1 -1 -1 -1 -1
-1 -1 77 -1
-1 -1 77 -1 -1
-1 -1 77 -1 -1 -1 -1
-1 -1 77 -1 -1 -1 -1
-1 -1 77 -1 -1
-1 -1 77 -1 -1 -1
-1 -1 77 -1 -1 -1 -1
-1 -1 77 77 -1 -1 -1
-1 -1 77 77 111 -1
-1 -1 77 77 77 111 -1 -1
-1 -1 -1 -1 -1 -1 -1 -1
-1 -1 -1 -1 -1 -1 -1
-1 -1 -1 -1 -1 -1 -1 -1
-1 -1 -1 -1 -1 -1 -1 -1
-1 -1 77 77 -1 -1 -1
-1 -1 88 88 88 -1 -1 -1
-1 -1 88 88 88 -1
-1 -1 88 88 88 -1
-1 -1 88 88 88 -1 -1 -1
-1 -1 88 88 88 -1 -1 -1
-1 -1 88 88 88 -1
-1 -1 88 88 88 -1 -1
-1 -1 88 88 88 -1 -1 -1
-1 -1 88 88 88 -1 -1 -1
-1 -1 88 88 88 -1 -1 -1 -1
-1 -1 88 88 88 -1 -1 -1 -1
-1 -1 88 88 88 -1 -1 -1
-1 -1 88 88 88 -1 -1 -1 -1
-1 -1 88 88 88 -1 -1 -1 -1 -1
-1 -1 88 88 88 -1 -1 -1 -1 -1
-1 -1 88 88 88 -1 -1 -1 -1 -1
-1 -1 -1 -1 -1 -1 -1
-1 -1 88 88 88 88 88 -1 -1
-1 -1 88 88 88 88 88 -1 -1
-1 -1 88 88 88 88 88 -1 -1
-1 -1 88 88 88 88 88 -1 -1 -1 -1
-1 -1 88 88 88 88 88 -1 -1 -1
-1 -1 88 88 88 88 88 -1 -1
-1 -1 -1 -1 -1 -1 -1 -1 -1 -1 -1 -1
-1 -1 -1 -1 -1 -1 -1 -1
-1 -1 -1 -1 -1 -1 -1 -1
-1 -1 -1 -1 -1 -1 -1 -1
-1 -1 -1 -1 -1 -1 -1 -1
-1 -1 -1 -1 -1 -1 -1 -1
-1 -1 -1 -1 -1 -1 -1 -1
-1 -1 -1 -1 -1 -1 -1 -1 -1 -1 -1
-1 -1 -1 -1 -1 -1 -1 -1 -1
-1 -1 -1 -1 -1
-1 -1 -1 -1 -1
-1 -1 -1 -1 -1 -1 -1 -1
-1 -1 -1 -1 -1 -1 -1 -1
-1 -1 -1 -1 -1 -1 -1 -1
-1 -1 -1 -1 -1 -1 -1 -1
-1 -1 -1 -1 -1 -1 -1 -1
-1 -1 -1 -1 -1 -1 -1 -1
-1 -1 -1 -1 -1 -1 -1 -1 -1
-1 -1 -1 -1 -1 -1 -1 -1 -1 -1
-1 -1 -1 76 76 76 -1
-1 -1 -1 76 76 76 -1
-1 -1 -1 76 76 76 -1
-1 -1 -1 76 76 76 -1
-1 -1 -1 76 76 76 98
-1 -1 -1 76 76 76 103 -1
-1 -1 -1 76 76 76 -1 -1 -1
-1 -1 -1 76 76 76 -1 -1 -1 -1
-1 -1 -1 76 76 76 -1 -1 -1 -1 -1
-1 -1 -1 76 76 76 -1 -1 -1 -1 -1
-1 -1 -1 76 76 76 -1
-1 -1 -1 67 67 67 102 -1
-1 -1 -1 67 67 67 97
-1 -1 -1 81 81 -1 -1 -1 -1
-1 -1 -1 81 81 -1 -1 -1 -1
-1 -1 -1 81 81 -1 -1 -1 -1
-1 -1 -1 81 81 -1 -1 -1 -1
-1 -1 -1 81 81 81 -1 -1
-1 -1 -1 81 81 81 -1 -1 -1
-1 -1 -1 81 81 81 -1 -1 -1
-1 -1 -1 81 81 81 -1 -1
-1 -1 -1 -1 -1
-1 -1 -1 -1 -1 -1 -1
-1 -1 -1 -1
-1 -1 -1 -1 -1
-1 -1 -1 -1
-1 71 -1
-1 71 -1 -1 -1
-1 71 -1 -1
-1 71 -1 -1 -1
-1 71 -1 -1
-1 71 71 -1 -1 -1
-1 57 -1
-1 57 -1 -1 -1
-1 57 -1 -1 -1
-1 57 -1 -1
-1 -1 -1 -1 -1
-1 -1 -1 -1 -1
-1 -1 -1 -1
-1 -1 -1 -1
-1 -1 -1 -1 -1 -1 -1
-1 -1 -1 -1
-1 -1 -1 -1
-1 -1 -1
-1 71 -1 -1 -1 -1 -1 -1 -1
-1 71 -1 -1 -1 -1 -1 -1 -1
-1 -1 -1 -1
-1 -1 -1 -1 -1
-1 -1 -1 -1 -1
-1 7 7 -1 -1 -1 -1
-1 7 7 7 7 107 -1
-1 7 7 7 107 -1 -1
-1 87 87 -1 -1 -1
-1 87 87 -1 -1
-1 87 87 -1 -1 -1 -1
-1 87 87 -1
-1 87 87 -1 -1 -1
-1 87 87 -1 -1
-1 87 87 -1 -1 -1 -1 -1 -1
-1 87 87 -1 -1 -1 -1
-1 87 87 -1 -1 -1 -1
-1 87 87 -1 -1 -1 -1 -1 -1
-1 87 87 -1 -1 -1 -1 -1 -1 -1
-1 87 87 87 -1 -1 -1
-1 87 87 87 -1 -1
-1 87 87 87 -1 -1 -1 -1
-1 87 87 87 -1 -1
-1 87 87 87 -1 -1 -1
-1 87 87 87 -1
-1 87 87 117 -1 -1 -1 -1
-1 87 87 -1
-1 87 87 -1
-1 87 87 -1 -1 -1 -1
-1 87 87 -1 -1 -1 -1 -1
-1 87 87 -1 -1 -1 -1 -1
-1 87 87 -1 -1 -1 -1 -1
-1 87 87 -1 -1 -1
-1 87 87 -1 -1 -1 -1 -1 -1
-1 87 87 -1 -1 -1 -1 -1 -1 -1
-1 87 87 -1 -1 -1
-1 87 87 87 117 -1 -1 -1 -1
-1 87 87 87 -1 -1 -1 -1 -1
-1 87 87 87 -1 -1 -1
-1 87 99
-1 87 101 -1 -1 -1 -1
-1 87 -1 -1 -1 -1 -1 -1 -1
-1 87 -1 -1 -1 -1
-1 87 -1 -1
-1 87 -1 -1 -1 -1 -1
-1 87 87 -1 -1 -1 -1 -1 -1
-1 -1 -1 -1 -1
-1 -1 -1 -1 -1 -1
-1 -1 -1 -1 -1 -1
-1 -1 -1 -1 -1 -1
-1 -1 -1 -1 -1 -1
-1 -1 -1 -1
-1 87 87 117 -1 -1 -1 -1
-1 -1 -1 -1 -1 -1
-1 -1 -1 -1
-1 -1 -1 -1 -1 -1 -1
-1 -1 -1 -1 -1 -1 -1
-1 -1 -1 -1
-1 -1 -1 -1 -1
-1 -1 -1 -1 -1
-1 -1 -1 -1 -1 -1 -1 -1 -1
-1 -1 -1 -1 -1 -1
-1 -1 -1 -1 -1
-1 -1 -1 -1 -1
-1 -1 -1 -1 -1
-1 -1 -1 -1
-1 -1 -1 -1
-1 -1 -1 -1 -1 -1
-1 -1 -1 -1 -1
-1 -1 -1 -1 -1 -1
-1 -1 -1 -1 -1
-1 -1 87 87 87 -1 -1 -1 -1
-1 -1 -1 -1
-1 -1 -1 -1 -1 -1
-1 -1 56 56 -1 -1 -1
-1 -1 56 56 -1 -1 -1 -1
-1 -1 56 56 -1 -1 -1
-1 -1 56 56 -1 -1 -1 -1
-1 -1 16 16 -1 -1 -1
-1 -1 16 16 -1 -1 -1 -1 -1
-1 -1 -1 -1 -1
-1 -1 -1 -1 -1
-1 -1 -1 -1 -1 -1
-1 -1 -1 -1 -1
-1 -1 -1 -1 -1
-1 69 69 69 -1 -1 -1 -1 -1
-1 69 -1 -1 -1
-1 69 -1
-1 69 -1 -1
-1 69 -1
-1 69 -1 -1 -1
-1 69 -1
-1 69 -1 -1 -1 -1 -1 -1
-1 69 -1 -1 -1 -1 -1
-1 69 -1 -1 -1 -1 -1
-1 69 -1 -1 -1 -1 -1 -1
-1 69 69 -1 -1 -1
-1 69 69 -1
-1 69 69 -1 -1 -1 -1
-1 69 69 -1 -1 -1 -1
-1 78 -1 -1
-1 69 69 -1
-1 -1 -1 -1 -1
-1 -1 -1 -1
-1 -1 -1 -1 -1
-1 -1 -1 -1
-1 84 84 -1 -1 -1
-1 84 84 -1
-1 84 84 -1 -1 -1
-1 84 84 -1 -1 -1 -1 -1
-1 84 84 -1 -1 -1 -1 -1 -1
-1 84 84 84 -1 -1 -1 -1 -1 -1
-1 -1 -1 -1
-1 -1 -1 -1 -1 -1
-1 -1 -1 -1
-1 -1 -1 -1
-1 -1 -1 -1 -1 -1
-1 -1 -1
-1 -1 -1
-1 -1 -1 -1 -1 -1
-1 -1 -1 -1 -1 -1 -1 -1
-1 -1 -1 -1 -1 -1 -1
-1 -1 -1 -1 -1
-1 -1 -1
-1 -1 -1 -1 -1
-1 85 116 -1
-1 85 -1 -1
-1 85 -1 -1
-1 85 -1 -1 -1
-1 85 -1 -1 -1
-1 85 85 116 -1 -1
-1 85 85 116 -1 -1
-1 -1 -1 -1 -1
-1 -1 -1
-1 -1 -1 -1
-1 45 45 -1 -1 -1
-1 45 45 -1 -1 -1 -1 -1
-1 45 45 100 -1
-1 45 45 -1 -1 -1
-1 25 25 -1 -1
-1 25 25 -1 -1
-1 25 25 -1 -1
-1 25 25 -1 -1
-1 25 25 96
-1 25 25 -1 -1
-1 45 45 45 -1 -1 -1 -1
-1 45 45 45 -1 -1 -1 -1 -1 -1
-1 45 45 45 100 -1 -1
-1 45 45 45 -1 -1 -1 -1 -1
-1 45 45 45 -1 -1 -1
-1 25 25 25 -1 -1 -1
-1 25 25 25 96
-1 25 25 25 -1 -1
-1 -1 -1 -1
-1 -1 -1 -1 -1
-1 -1 -1 -1
-1 -1 -1 -1 -1 -1
-1 -1 -1 -1 -1
-1 -1 -1 -1 -1
-1 -1 -1 -1 -1 -1
-1 -1 -1 -1 -1
-1 -1 -1 -1
-1 -1 -1 -1
-1 -1 -1 -1 -1 -1 -1
-1 -1 -1 -1 -1 -1 -1 -1
-1 72 72 -1
-1 72 72 -1
-1 72 72 -1 -1 -1
-1 72 72 -1 -1 -1 -1 -1 -1
-1 72 72 -1 -1
-1 72 72 -1
-1 72 72 -1 -1
-1 72 72 -1
-1 72 72 -1 -1 -1 -1 -1
-1 48 48 48 -1
-1 48 48 48 112 -1 -1 -1 -1
-1 -1 -1
-1 -1 -1 -1 -1 -1 -1
-1 -1 -1 -1
-1 -1 -1 -1 -1 -1
-1 -1 -1 -1 -1 -1
-1 -1 -1 -1 -1 -1 -1
-1 -1 -1 -1
-1 -1 -1 -1 -1
-1 -1 -1 -1 -1 -1 -1
-1 -1 -1 -1 -1 -1
-1 -1 -1 -1 -1 -1
-1 -1 -1 -1 -1 -1
-1 -1 -1 -1 -1 -1 -1 -1 -1
-1 -1 -1 -1 -1
-1 -1 -1 -1 -1
-1 -1 -1 -1 -1 -1
-1 -1 -1 -1 -1 -1
-1 -1 -1 -1 -1
-1 -1 -1 -1 -1 -1 -1
-1 -1 -1 -1 -1 -1
-1 -1 -1 -1
-1 -1 -1 -1
-1 -1 -1 -1 -1
-1 -1 -1
-1 -1 -1 -1 -1 -1 -1
-1 -1 -1 -1
-1 -1 -1 -1
-1 -1 -1 -1 -1
-1 -1 -1 -1
-1 -1 -1 -1
-1 -1 -1 -1
-1 -1 -1
-1 -1 -1 -1 -1
-1 -1 -1 -1
-1 -1 -1 -1
-1 -1 -1 -1
-1 -1 -1 -1
-1 -1 -1 -1 -1
-1 -1 -1 -1 -1 -1
-1 -1 -1 -1
-1 -1 -1 -1
-1 -1 -1 -1
-1 -1 -1 -1
-1 -1 -1 -1 -1 -1
-1 -1 -1 -1 -1
-1 -1 -1 -1 -1 -1
-1 -1 -1 -1 -1 -1 -1
-1 -1 -1 -1
-1 -1 -1 -1 -1
-1 -1 -1
-1 -1 -1 -1 -1 -1
-1 -1 -1 -1 -1 -1
-1 -1 -1 -1 -1 -1 -1
-1 -1 -1 -1 -1 -1
-1 -1 -1 -1 -1 -1 -1 -1 -1
-1 -1 -1 -1 -1 -1 -1 -1
-1 -1 -1 -1 -1 -1 -1 -1
-1 -1 -1 -1 -1 -1 -1 -1
-1 -1 -1 -1 -1 -1 -1 -1
-1 -1 -1 -1 -1 -1 -1 -1 -1 -1
-1 -1 -1 -1 -1 -1 -1 -1
-1 -1 -1 -1 -1 -1 -1 -1
-1 -1 -1 -1 -1 -1 -1 -1
-1 -1 -1 -1 -1 -1 -1 -1
-1 -1 -1 -1 -1 -1 -1 -1 -1 -1 -1 -1
-1 -1 -1 -1 -1 -1 -1 -1 -1 -1
-1 -1 -1 -1 -1 -1 -1 -1
-1 -1 -1 -1 -1 -1 -1 -1 -1
-1 -1 -1 -1 -1 -1 -1 -1 -1 -1 -1
-1 -1 -1 -1 -1 -1 -1 -1
-1 -1 -1 -1 -1 4 4 4 -1 -1 -1
-1 -1 -1 -1 -1 4 4 4 -1 -1 -1 -1 -1
-1 -1 -1 -1 -1 -1 -1 -1
-1 -1 -1 -1 -1 -1 -1 -1 -1
-1 -1 -1 -1 -1 -1 -1 -1
-1 -1 -1 -1 -1 -1 -1 -1 -1 -1
-1 -1 -1 -1 -1 -1 -1 -1 -1 -1 -1
-1 -1 -1 -1 -1 -1 -1 -1 -1 -1 -1 -1
-1 -1 -1 -1 -1 -1 -1 -1 -1 -1
-1 -1 -1 -1 -1 -1 -1 -1
-1 -1 -1 -1 -1 -1 -1 -1
-1 -1 -1 -1 -1 -1 -1 -1 -1
-1 -1 -1 -1 -1 -1 -1 -1 -1
-1 -1 -1 -1 -1 -1 -1 -1 -1 -1
-1 -1 -1 -1 -1 -1 -1 -1
-1 -1 -1 -1 -1 -1 -1 -1
-1 -1 -1 -1 -1 -1 -1
-1 -1 -1 -1 -1 -1 -1 -1
-1 -1 -1 -1 -1 -1 -1 -1 -1
-1 -1 -1 -1 -1 -1 -1
-1 -1 -1 -1 -1 -1 -1
-1 -1 -1 -1 -1 -1 -1
-1 -1 -1 -1 -1 -1 -1 -1 -1
-1 -1 -1 -1 -1 -1 -1
-1 -1 -1 -1 -1 -1 -1 -1 -1
-1 -1 -1 -1 -1 -1 -1 -1 -1
-1 -1 -1 -1 -1 -1 -1 -1
-1 -1 -1 -1 -1 -1 -1 -1
-1 -1 -1 -1 -1 -1 -1
-1 -1 -1 -1 -1 -1 -1 -1
-1 -1 -1 -1 -1 -1 -1
-1 -1 -1 -1 -1 -1 -1 -1 -1
-1 -1 -1 -1 -1 -1 -1
-1 -1 -1 -1 -1 -1 -1
-1 -1 -1 -1 -1 -1 -1 -1
-1 -1 -1 -1 -1 -1 -1 -1
-1 -1 -1 -1 -1 -1 -1 -1
-1 -1 -1 -1 -1 -1 -1
-1 -1 -1 -1 -1 -1 -1
-1 -1 -1 -1 -1 -1 -1 -1 -1 -1
-1 -1 -1 -1 -1 -1 -1
-1 -1 -1 -1 -1 -1 -1
-1 -1 -1 -1 -1 -1 -1 -1 -1 -1 -1
-1 -1 -1 -1 -1 -1 -1 -1 -1 -1 -1 -1
-1 -1 -1 -1 -1 58 -1 -1
-1 -1 -1 -1 -1 58 -1 -1
-1 -1 -1 -1 -1 58 -1 -1
-1 -1 -1 -1 -1 58 -1 -1
-1 -1 -1 -1 -1 58 -1 -1 -1
-1 -1 -1 -1 -1 58 -1
-1 -1 -1 -1 -1 -1 -1 -1
-1 -1 -1 -1 -1 -1 -1 -1 -1
-1 -1 -1 -1 -1 -1 -1 -1
-1 -1 -1 -1 -1 -1 -1 -1
-1 -1 -1 -1 -1 -1 -1 -1
-1 -1 -1 -1 -1 -1 -1 -1
-1 -1 -1 -1 -1 -1 -1 -1
-1 -1 -1 -1 -1 -1 -1 -1
-1 -1 -1 -1 -1 -1 -1
-1 -1 -1 -1 -1 -1 -1
-1 -1 -1 -1 -1 -1 -1 -1 -1 -1
-1 -1 -1 -1 -1 -1 -1 -1
-1 -1 -1 -1 -1 -1 -1
-1 -1 -1 -1 -1 -1 -1 -1
-1 -1 -1 -1 -1 -1 -1 -1
-1 -1 -1 -1 -1 -1 -1 -1 -1
-1 -1 -1 -1 -1 -1 -1 -1
-1 -1 -1 -1 -1 -1 -1 -1
-1 -1 -1 -1 -1 -1 -1 -1
-1 -1 -1 -1 -1 -1 -1
-1 -1 -1 -1 -1 -1 -1 -1 -1 -1
-1 -1 -1 -1 -1 -1 -1 -1
-1 -1 -1 -1 -1 -1 -1
-1 -1 -1 -1 -1 -1 -1
-1 -1 -1 -1 -1 -1 -1
-1 -1 -1 -1 -1 -1 -1 -1
-1 -1 -1 -1 -1 -1 -1
-1 -1 -1 -1 -1 -1 -1 -1 -1
-1 -1 -1 -1 -1 -1 -1 -1
-1 -1 -1 -1 -1 -1 -1 -1
-1 -1 -1 -1 -1 55 55 109 -1 -1
-1 -1 -1 -1 -1 55 55 -1 -1
-1 -1 -1 -1 -1 55 55 -1 -1 -1
-1 -1 -1 -1 -1 55 55 -1
-1 -1 -1 -1 -1 55 55 -1 -1
-1 -1 -1 -1 -1 55 55 -1 -1
-1 -1 -1 -1 -1 55 55 -1 -1 -1
-1 -1 -1 -1 -1 55 55 -1 -1
-1 -1 -1 -1 -1 55 55 -1 -1 -1 -1
-1 -1 -1 -1 -1 55 55 -1 -1
-1 -1 -1 -1 -1 55 55 -1 -1 -1 -1
-1 -1 -1 -1 -1 55 55 -1 -1 -1
-1 -1 -1 -1 -1 55 55 -1 -1 -1
-1 -1 -1 -1 -1 55 55 -1 -1 -1 -1
-1 -1 -1 -1 -1 55 109 -1 -1 -1
-1 -1 -1 -1 -1 55 -1 -1
-1 -1 -1 -1 -1 55 -1 -1
-1 -1 -1 -1 -1 55 -1 -1
-1 -1 -1 -1 -1 55 -1
-1 -1 -1 -1 -1 55 -1 -1
-1 -1 -1 -1 -1 55 -1 -1 -1
-1 -1 -1 -1 -1 55 -1 -1 -1
-1 -1 -1 -1 -1 -1 -1 -1 -1 -1
-1 -1 -1 -1 -1 -1 -1 -1 -1 -1
-1 -1 -1 -1 -1 -1 -1 -1 -1 -1
-1 -1 -1 -1 -1 -1 -1 -1 -1 -1 -1 -1
-1 -1 -1 -1 -1 -1 -1 -1 -1 -1 -1 -1 -1
-1 -1 -1 -1 -1 -1 -1 -1 -1 -1 -1 -1
-1 -1 -1 -1 -1 -1 -1
-1 -1 -1 -1 -1 -1 -1 -1
-1 -1 -1 -1 -1 -1 -1 -1 -1 -1 -1
-1 -1 -1 -1 -1 -1 -1 -1 -1 -1
-1 -1 -1 -1 -1 -1 -1 -1
-1 -1 -1 -1 -1 -1 -1 -1
-1 -1 -1 -1 -1 -1 -1 -1
-1 -1 -1 -1 -1 -1 -1 -1 -1
-1 -1 -1 -1 -1 -1 -1 -1
-1 -1 -1 -1 -1 -1 -1 -1
-1 -1 -1 -1 -1 -1 -1 -1
-1 -1 -1 -1 -1 -1 -1 -1
-1 -1 -1 -1 -1 -1 -1 -1
-1 -1 -1 -1 -1 -1 -1 -1
-1 -1 -1 -1 -1 -1 -1 -1
-1 -1 -1 -1 -1 -1 -1 -1 -1 -1
-1 -1 -1 -1 -1 -1 -1 -1 -1 -1
-1 -1 -1 -1 -1 -1 -1 -1 -1
-1 -1 -1 -1 -1 -1 -1 -1
-1 -1 -1 -1 -1 -1 -1 -1
-1 -1 -1 -1 -1 -1 -1 -1 -1 -1 -1
-1 -1 -1 -1 -1 -1 -1 -1 -1
-1 -1 -1 -1 -1 -1 -1 -1
-1 -1 -1 -1 -1 -1 -1 -1
-1 -1 -1 -1 -1 -1 -1 -1
-1 -1 -1 -1 -1 -1 -1 -1
-1 -1 -1 -1 -1 -1 -1 -1 -1
-1 -1 -1 -1 -1 -1 -1
-1 -1 -1 -1 -1 -1 -1 -1
-1 -1 -1 -1 -1 -1 -1
-1 -1 -1 -1 -1 -1 -1 -1
-1 -1 -1 -1 -1 -1 -1 -1
-1 -1 -1 -1 -1 -1 -1 -1
-1 -1 -1 -1 -1 -1 -1 -1
-1 -1 -1 -1 -1 -1 -1 -1
-1 -1 -1 -1 -1 -1 -1 -1
-1 -1 -1 -1 -1 -1 -1 -1 -1
-1 -1 -1 -1 -1 -1 -1 -1 -1 -1
-1 -1 -1 -1 -1 -1 -1 -1 -1 -1
-1 -1 -1 -1 -1 -1 -1 -1 -1
-1 -1 -1 -1 -1 -1 -1
-1 -1 -1 -1 -1 -1 -1 -1
-1 -1 -1 -1 -1 30 -1 -1 -1
-1 -1 -1 -1 -1 30 -1 -1
-1 -1 -1 -1 -1 30 -1 -1 -1
-1 -1 -1 -1 -1 30 95
-1 -1 -1 -1 -1 30 -1
-1 -1 -1 -1 -1 30 -1 -1
-1 -1 -1 -1 -1 30 -1
-1 -1 -1 -1 -1 30 -1
-1 -1 -1 -1 -1 30 -1
-1 -1 -1 -1 -1 30 -1 -1 -1 -1
-1 -1 -1 -1 -1 30 -1 -1
-1 -1 -1 -1 -1 30 -1 -1
-1 -1 -1 -1 -1 30 -1
-1 -1 -1 -1 -1 30 -1
-1 -1 -1 -1 -1 30 -1
-1 -1 -1 -1 -1 50 -1 -1
-1 -1 -1 -1 -1 50 -1 -1
-1 -1 -1 -1 -1 50 -1 -1
-1 -1 -1 -1 -1 50 -1 -1
-1 -1 -1 -1 -1 -1 -1
-1 -1 -1 -1 -1 -1 -1 -1
-1 -1 -1 -1 -1 -1 -1
-1 -1 -1 -1 -1 -1 -1
-1 -1 -1 -1 -1 -1 -1 -1
-1 -1 -1 -1 -1 -1 -1
-1 -1 -1 -1 -1 -1 -1
-1 -1 -1 -1 -1 -1 -1
-1 -1 -1 -1 -1 -1 -1 -1 -1 -1 -1
-1 -1 -1 -1 -1 30 -1
-1 -1 -1 -1 -1 30 -1 -1 -1 -1
-1 -1 -1 -1 -1 30 -1 -1 -1
-1 -1 -1 -1 -1 30 -1 -1 -1
-1 -1 -1 -1 -1 30 -1 -1
-1 -1 -1 -1 -1 30 -1 -1 -1 -1
-1 -1 -1 -1 -1 30 -1
-1 -1 -1 -1 -1 30 -1
-1 -1 -1 -1 -1 30 -1
-1 -1 -1 -1 -1 30 -1
-1 -1 -1 -1 -1 30 -1
-1 -1 -1 -1 -1 30 -1
-1 -1 -1 -1 -1 30 -1 -1 -1 -1 -1
-1 -1 -1 -1 -1 30 -1
-1 -1 -1 -1 -1 30 -1 -1
-1 -1 -1 -1 -1 30 95
-1 -1 -1 -1 -1 30 -1
-1 -1 -1 -1 -1 30 -1 -1 -1 -1
-1 -1 -1 -1 -1 30 -1
-1 -1 -1 -1 -1 30 -1
-1 -1 -1 -1 -1 30 -1
-1 -1 -1 -1 -1 30 -1 -1
-1 -1 -1 -1 -1 30 -1 -1
-1 -1 -1 -1 -1 50 94
-1 -1 -1 -1 -1 -1 -1
-1 -1 -1 -1 -1 -1 -1
-1 -1 -1 -1 -1 -1 -1
-1 -1 -1 -1 -1 -1 -1 -1 -1
-1 -1 -1 -1 -1 -1 -1
-1 -1 -1 -1 -1 -1 -1 -1 -1 -1
-1 -1 -1 -1 -1 -1 -1 -1 -1
-1 -1 -1 -1 -1 -1 -1 -1 -1
-1 -1 -1 -1 -1 -1 -1 -1
-1 -1 -1 -1 -1 -1 -1 -1
-1 -1 -1 -1 -1 -1 -1 -1
-1 -1 -1 -1 -1 -1 -1 -1
-1 -1 -1 -1 -1 -1 -1 -1
-1 -1 -1 -1 -1 -1 -1
-1 -1 -1 -1 -1 -1 -1 -1 -1 -1
-1 -1 -1 -1 -1 -1 -1 -1
-1 -1 -1 -1 -1 -1 -1 -1 -1 -1 -1
-1 -1 -1 -1 -1 -1 -1 -1 -1
-1 -1 -1 -1 -1 -1 -1 -1 -1
-1 -1 -1 -1 -1 -1 -1 -1 -1 -1 -1 -1
-1 -1 -1 -1 -1 -1 -1 -1
-1 -1 -1 -1 -1 -1 70 70 -1 -1 -1 -1 -1 -1
-1 -1 -1 -1 -1 -1 -1 -1 -1
-1 -1 -1 -1 -1 -1 19 19 -1 -1 -1 -1
-1 -1 -1 -1 -1 -1 19 19 -1 -1 -1 -1
-1 -1 -1 -1 -1 -1 70 70 -1 -1 -1 -1
-1 -1 -1 -1 -1 -1 -1 -1 -1 -1
-1 -1 -1 -1 -1 -1 -1 -1 -1 -1
-1 -1 -1 -1 -1 -1 36 -1
-1 -1 -1 -1 -1 -1 36 -1 -1 -1
-1 -1 -1 -1 -1 -1 36 -1 -1 -1 -1
-1 -1 -1 -1 -1 -1 36 -1 -1 -1 -1 -1 -1
-1 -1 -1 -1 -1 -1 36 -1 -1 -1 -1 -1
-1 -1 -1 -1 -1 -1 36 -1 -1 -1 -1 -1 -1
-1 -1 -1 -1 -1 -1 36 -1 -1 -1 -1
-1 -1 -1 -1 -1 -1 36 -1 -1 -1 -1 -1 -1
-1 -1 -1 -1 -1 -1 36 -1 -1 -1 -1 -1 -1 -1
-1 -1 -1 -1 -1 -1 36 -1 -1 -1
-1 -1 -1 -1 -1 -1 36 -1 -1 -1 -1
-1 -1 -1 -1 -1 -1 36 -1 -1 -1
-1 -1 -1 -1 -1 -1 36 -1 -1 -1 -1
-1 -1 -1 -1 -1 -1 36 36 -1 -1 -1 -1 -1 -1 -1
-1 -1 -1 -1 -1 -1 36 36 -1 -1 -1 -1 -1 -1 -1
-1 -1 -1 -1 -1 -1 36 36 -1 -1 -1 -1 -1 -1 -1
-1 -1 -1 -1 -1 -1 36 36 -1 -1 -1 -1 -1 -1 -1
-1 -1 -1 -1 -1 -1 36 36 -1 -1 -1 -1 -1 -1 -1
-1 -1 -1 -1 -1 -1 36 36 -1 -1 -1 -1 -1 -1 -1
-1 -1 -1 -1 -1 -1 36 36 -1 -1 -1 -1 -1 -1 -1
-1 -1 -1 -1 -1 -1 36 36 -1 -1 -1 -1 -1
-1 -1 -1 -1 -1 -1 -1
-1 -1 -1 -1 -1 -1 -1
-1 -1 -1 -1 -1 -1 -1
-1 -1 -1 -1 -1 -1 -1
-1 -1 -1 -1 -1 -1 -1 -1
-1 -1 -1 -1 -1 -1 -1 -1 -1 -1
-1 -1 -1 -1 -1 -1 -1 -1 -1 -1 -1 -1
-1 -1 -1 -1 -1 -1 -1 -1 -1 -1
-1 -1 -1 -1 -1 -1 -1 -1 -1 -1
-1 -1 -1 -1 -1 -1 -1 -1 -1 -1 -1 -1
-1 -1 -1 -1 -1 -1 -1 -1 -1 -1
-1 -1 -1 -1 -1 -1 -1 -1 -1 -1 -1
-1 -1 -1 -1 -1 -1 -1 -1 -1 -1 -1 -1 -1
-1 -1 -1 -1 -1 -1 -1 -1 -1 -1
-1 -1 -1 -1 -1 -1 -1 -1
-1 -1 -1 -1 -1 -1 -1 -1 -1 -1
-1 -1 -1 -1 -1 -1 -1 -1 -1 -1
-1 -1 -1 -1 -1 -1 -1 -1
-1 -1 -1 -1 -1 -1 -1 -1
-1 -1 -1 -1 -1 -1 -1 -1 -1 -1
-1 -1 -1 -1 -1 -1 -1 -1
-1 -1 -1 -1 -1 -1 -1 -1 -1 -1
-1 -1 -1 -1 -1 -1 -1 -1 -1 -1
-1 -1 -1 -1 -1 -1 -1 -1 -1 -1 -1 -1
-1 -1 -1 -1 -1 -1 -1 -1 -1 -1 -1 -1
-1 -1 -1 -1 -1 -1 -1 -1 -1 -1 -1
-1 -1 -1 -1 -1 -1 -1 -1 -1
-1 -1 -1 -1 -1 -1 -1 -1 -1 -1 -1
-1 -1 -1 -1 -1 -1 -1 -1 -1 -1 -1 -1
-1 -1 -1 -1 -1 -1 -1 -1 -1 -1 -1
-1 -1 -1 -1 -1 -1 -1 -1 -1 -1 -1
-1 -1 -1 -1 -1 -1 -1 -1 -1
-1 -1 -1 -1 -1 -1 -1 -1
-1 -1 -1 -1 -1 -1 -1 -1
-1 -1 -1 -1 -1 -1 -1 -1
-1 -1 -1 -1 -1 -1 -1 -1
-1 -1 -1 -1 -1 -1 -1 -1
-1 -1 -1 -1 -1 -1 -1 -1
-1 -1 -1 -1 -1 -1 -1 -1 -1
-1 -1 -1 -1 -1 -1 -1 -1
-1 -1 -1 -1 -1 -1 -1 -1
-1 -1 -1 -1 -1 -1 -1 -1
-1 -1 -1 -1 -1 -1 -1 -1
-1 -1 -1 -1 -1 -1 -1 -1 -1
-1 -1 -1 -1 -1 -1 5 -1 -1
-1 -1 -1 -1 -1 -1 5 -1
-1 -1 -1 -1 -1 -1 5 -1 -1
-1 -1 -1 -1 -1 -1 5 -1
-1 -1 -1 -1 -1 -1 5 -1 -1 -1
-1 -1 -1 -1 -1 -1 -1 -1 -1
-1 -1 -1 -1 -1 -1 -1 -1 -1
-1 -1 -1 -1 -1 -1 -1 -1 -1 -1
-1 -1 -1 -1 -1 -1 8 -1 -1 -1 -1
-1 -1 -1 -1 -1 -1 8 -1 -1 -1 -1
-1 -1 -1 -1 -1 -1 8 -1 -1 -1 -1
-1 -1 -1 -1 -1 -1 8 -1 -1 -1 -1
-1 -1 -1 -1 -1 -1 8 -1 -1 -1 -1 -1
-1 -1 -1 -1 -1 -1 8 -1 -1 -1 -1 -1
-1 -1 -1 -1 -1 -1 8 -1 -1 -1
-1 -1 -1 -1 -1 -1 8 -1 -1 -1 -1
-1 -1 -1 -1 -1 -1 8 -1 -1 -1 -1
-1 -1 -1 -1 -1 -1 8 -1 -1 -1 -1 -1
-1 -1 -1 -1 -1 -1 8 -1 -1 -1 -1 -1
-1 -1 -1 -1 -1 -1 8 -1 -1 -1
-1 -1 -1 -1 -1 -1 8 -1 -1 -1 -1
-1 -1 -1 -1 -1 -1 27 -1 -1 -1 -1
-1 -1 -1 -1 -1 -1 27 -1 -1
-1 -1 -1 -1 -1 -1 27 27 118 -1 -1 -1 -1
-1 -1 -1 -1 -1 -1 8 8 -1 -1 -1 -1
-1 -1 -1 -1 -1 -1 8 8 -1 -1 -1 -1
-1 -1 -1 -1 -1 -1 8 8 -1 -1 -1 -1 -1
-1 -1 -1 -1 -1 -1 8 8 -1 -1 -1 -1 -1
-1 -1 -1 -1 -1 -1 8 8 -1 -1 -1
-1 -1 -1 -1 -1 -1 8 8 -1 -1 -1 -1
-1 -1 -1 -1 -1 -1 -1 -1 -1 -1 -1 -1
-1 -1 -1 -1 -1 -1 -1 -1 -1 -1
-1 -1 -1 -1 -1 -1 -1 -1 -1 -1
-1 -1 -1 -1 -1 -1 -1 -1 -1 -1
-1 -1 -1 -1 -1 -1 -1 -1 -1 -1
-1 -1 -1 -1 -1 -1 -1 -1 -1 -1
-1 -1 -1 -1 -1 -1 -1 -1 -1 -1 -1 -1
-1 -1 -1 -1 -1 -1 -1 -1 -1 -1
-1 -1 -1 -1 -1 -1 85 116 -1 -1 -1 -1
-1 -1 -1 -1 -1 -1 85 -1 -1
-1 -1 -1 -1 -1 -1 85 116 -1 -1
-1 -1 -1 -1 -1 -1 -1 -1 -1 -1 -1 -1
-1 -1 -1 -1 -1 -1 -1 -1 -1 -1 -1 -1 -1
-1 -1 -1 -1 -1 -1 -1 -1 -1 -1 -1
-1 -1 -1 -1 -1 -1 -1 -1 -1 -1
-1 -1 -1 -1 -1 -1 -1 -1
-1 -1 -1 -1 -1 -1 -1 -1 -1 -1 -1
-1 -1 -1 -1 -1 -1 -1 -1 -1
-1 -1 -1 -1 -1 -1 -1 -1 -1
-1 -1 -1 -1 -1 -1 -1 -1 -1 -1 -1
-1 -1 -1 -1 -1 -1 -1 -1 -1 -1 -1
-1 -1 -1 -1 -1 -1 -1 -1 -1 -1
-1 -1 -1 -1 -1 -1 -1 -1 -1
-1 -1 -1 -1 -1 -1 -1 -1
-1 -1 -1 -1 -1 -1 -1 -1 -1
-1 -1 -1 -1 -1 -1 -1 -1 -1 -1
-1 -1 -1 -1 -1 -1 -1 -1 -1
-1 -1 -1 -1 -1 -1 -1 -1
-1 -1 -1 -1 -1 -1 -1 -1
-1 -1 -1 -1 -1 -1 -1 -1
-1 -1 -1 -1 -1 -1 -1 -1 -1 -1
-1 -1 -1 -1 -1 -1 -1 -1 -1 -1 -1
-1 -1 -1 -1 -1 -1 -1 -1 -1
-1 -1 -1 -1 -1 -1 -1 -1 -1 -1 -1
-1 -1 -1 -1 -1 -1 -1 -1 -1 -1 -1
-1 -1 -1 -1 -1 -1 -1 -1 -1 -1 -1
-1 -1 -1 -1 -1 -1 -1 -1 -1 -1
-1 -1 -1 -1 -1 -1 -1 -1 -1 -1
-1 -1 -1 -1 -1 -1 -1 -1 -1 -1
-1 -1 -1 -1 -1 -1 -1 -1 -1 -1
-1 -1 -1 -1 -1 -1 -1 -1 -1 -1 -1
-1 -1 -1 -1 -1 -1 -1 -1 -1 -1 -1 -1
-1 -1 -1 -1 -1 -1 -1 -1 -1 -1 -1 -1 -1
-1 -1 -1 -1 -1 -1 -1 -1 -1 -1 -1 -1 -1
-1 -1 -1 -1 -1 -1 -1 -1 -1 -1 -1 -1
-1 -1 -1 -1 -1 -1 -1 -1 -1 -1 -1 -1
-1 -1 -1 -1 -1 -1 -1 -1 -1 -1
-1 -1 -1 -1 -1 -1 -1 -1 -1 -1
-1 -1 -1 -1 -1 -1 -1 -1 -1 -1
-1 -1 -1 -1 -1 -1 -1 -1 -1 -1 -1
-1 -1 -1 -1 -1 -1 -1 -1 -1 -1
-1 -1 -1 -1 -1 -1 -1
-1 -1 -1 -1 -1 -1 -1 -1 -1 -1 -1
-1 -1 -1 -1 -1 -1 -1 -1 -1 -1 -1 -1
-1 -1 -1 -1 -1 -1 -1 -1 -1 -1 -1
-1 -1 -1 -1 -1 -1 -1 -1 -1
-1 -1 -1 -1 -1 -1 -1 -1 -1 -1 -1 -1
-1 -1 -1 -1 -1 -1 85 116 -1 -1 -1 -1
-1 -1 -1 -1 -1 -1 85 -1
-1 -1 -1 -1 -1 -1 85 -1 -1 -1 -1
-1 -1 -1 -1 -1 -1 85 -1 -1
-1 -1 -1 -1 -1 -1 85 -1 -1 -1 -1
-1 -1 -1 -1 -1 -1 -1 -1 -1
-1 -1 -1 -1 -1 -1 -1 -1 -1
-1 -1 -1 -1 -1 -1 -1 -1 -1
-1 -1 -1 -1 -1 -1 -1 -1 -1
-1 -1 -1 -1 -1 -1 -1 -1
-1 -1 -1 -1 -1 -1 -1 -1 -1 -1
-1 -1 -1 -1 -1 -1 -1 -1 -1 -1 -1
-1 -1 -1 -1 -1 -1 -1 -1 -1
-1 -1 -1 -1 -1 -1 -1 -1 -1 -1 -1
-1 -1 -1 -1 -1 -1 -1 -1 -1 -1 -1 -1
-1 -1 -1 -1 -1 -1 -1 -1 -1 -1 -1
-1 -1 -1 -1 -1 -1 -1 -1 -1
-1 -1 -1 -1 -1 -1 -1 -1 -1
-1 -1 -1 -1 -1 -1 -1 -1 -1
-1 -1 -1 -1 -1 -1 -1 -1 -1
-1 -1 -1 -1 -1 -1 -1 -1
-1 -1 -1 -1 -1 -1 -1 -1 -1
-1 -1 -1 -1 -1 -1 -1 -1
-1 -1 -1 -1 -1 -1 85 85 116 -1
-1 -1 -1 -1 -1 -1 85 85 -1
-1 -1 -1 -1 -1 -1 85 85 -1
-1 -1 -1 -1 -1 -1 85 85 -1
-1 -1 -1 -1 -1 -1 85 85 -1
-1 -1 -1 -1 -1 -1 85 85 -1
-1 -1 -1 -1 -1 -1 85 85 -1
-1 -1 -1 -1 -1 -1 85 85 -1 -1 -1 -1
-1 -1 -1 -1 -1 -1 85 85 -1
-1 -1 -1 -1 -1 -1 85 85 -1
-1 -1 -1 -1 -1 -1 85 85 -1
-1 -1 -1 -1 -1 -1 85 85 -1 -1
-1 -1 -1 -1 -1 -1 85 85 -1
-1 -1 -1 -1 -1 -1 -1 -1 -1 -1 -1
-1 -1 -1 -1 -1 -1 -1 -1
-1 -1 -1 -1 -1 -1 -1 -1 -1 -1
-1 -1 -1 -1 -1 -1 -1 -1 -1 -1
-1 -1 -1 -1 -1 -1 -1 -1 -1 -1
-1 -1 -1 -1 -1 -1 -1 -1 -1 -1 -1
-1 -1 -1 -1 -1 -1 -1 -1 -1
-1 -1 -1 -1 -1 -1 -1 -1 -1 -1 -1 -1
-1 -1 -1 -1 -1 -1 -1 -1 -1 -1
-1 -1 -1 -1 -1 -1 -1 -1 -1
-1 -1 -1 -1 -1 -1 -1 -1 -1 -1
-1 -1 -1 -1 -1 -1 -1 -1 -1
-1 -1 -1 -1 -1 -1 -1 -1 -1 -1
-1 -1 -1 -1 -1 -1 -1 -1 -1
-1 -1 -1 -1 -1 -1 -1 -1 -1
-1 -1 -1 -1 -1 -1 -1 -1 -1 -1 -1
-1 -1 -1 -1 -1 -1 -1 -1 -1
-1 -1 -1 -1 -1 -1 -1 -1 -1
-1 -1 -1 -1 -1 -1 -1 -1 -1 -1
-1 -1 -1 -1 -1 -1 -1 -1 -1
-1 -1 -1 -1 -1 -1 -1 -1 -1 -1 -1
-1 -1 -1 -1 -1 -1 -1 -1 -1 -1
-1 -1 -1 -1 -1 -1 -1 -1 -1
-1 -1 -1 -1 -1 -1 -1 -1 -1
-1 -1 -1 -1 -1 -1 -1 -1 -1 -1
-1 -1 -1 -1 -1 -1 -1 -1 -1 -1 -1
-1 -1 -1 -1 -1 -1 -1 -1 -1
-1 -1 -1 -1 -1 -1 -1 -1 -1 -1
-1 -1 -1 -1 -1 -1 -1 -1 -1
-1 -1 -1 -1 -1 -1 -1 -1 -1 -1
-1 -1 -1 -1 -1 -1 -1 -1 -1 -1
-1 -1 -1 -1 -1 -1 -1 -1 -1 -1
-1 -1 -1 -1 -1 -1 -1 -1 -1 -1
-1 -1 -1 -1 -1 -1 -1 -1 -1 -1
-1 -1 -1 -1 -1 -1 -1 -1 -1
-1 -1 -1 -1 -1 -1 -1 -1 -1 -1 -1
-1 -1 -1 -1 -1 -1 -1 -1 -1 -1
-1 -1 -1 -1 -1 -1 -1 -1 -1 -1
-1 -1 -1 -1 -1 -1 -1 -1 -1
-1 -1 -1 -1 -1 -1 -1 -1 -1
-1 -1 -1 -1 -1 -1 -1 -1 -1 -1
-1 -1 -1 -1 -1 -1 -1 -1 -1 -1
-1 -1 -1 -1 -1 -1 -1 -1 -1 -1
-1 -1 -1 -1 -1 -1 -1 -1 -1
-1 -1 -1 -1 -1 -1 -1 -1 -1
-1 -1 -1 -1 -1 -1 -1 -1 -1
-1 -1 -1 -1 -1 -1 -1 -1 -1
-1 -1 -1 -1 -1 -1 -1 -1 -1 -1
-1 -1 -1 -1 -1 -1 -1 -1 -1 -1
-1 -1 -1 -1 -1 -1 -1 -1 -1
-1 -1 -1 -1 -1 -1 -1 -1 -1
-1 -1 -1 -1 -1 -1 -1 -1 -1
-1 -1 -1 -1 -1 -1 -1 -1 -1 -1
-1 -1 -1 -1 -1 -1 -1 -1 -1 -1 -1
-1 -1 -1 -1 -1 -1 -1 -1 -1 -1 -1
-1 -1 -1 -1 -1 -1 -1 -1 -1 -1 -1
-1 -1 -1 -1 -1 -1 -1 -1 -1
-1 -1 -1 -1 -1 -1 -1 -1
-1 -1 -1 -1 -1 -1 -1 -1 -1 -1
-1 -1 -1 -1 -1 -1 -1 -1 -1 -1
-1 -1 -1 -1 -1 -1 -1 -1 -1 -1
-1 -1 -1 -1 -1 -1 -1 -1
-1 -1 -1 -1 -1 -1 -1 -1 -1
-1 -1 -1 -1 -1 -1 -1 -1 -1 -1 -1
-1 -1 -1 -1 -1 -1 -1 -1 -1
-1 -1 -1 -1 -1 -1 -1 -1 -1
-1 -1 -1 -1 -1 -1 -1 -1 -1
-1 -1 -1 -1 -1 -1 -1 -1 -1
-1 -1 -1 -1 -1 -1 -1 -1 -1
-1 -1 -1 -1 -1 -1 0 -1 -1
-1 -1 -1 -1 -1 -1 0 -1 -1 -1
-1 -1 -1 -1 -1 -1 0 -1 -1 -1
-1 -1 -1 -1 -1 -1 11 11 -1
-1 -1 -1 -1 -1 -1 11 11 -1 -1 -1
-1 -1 -1 -1 -1 -1 11 11 -1 -1 -1
-1 -1 -1 -1 -1 -1 -1 -1 -1 -1 -1
-1 -1 -1 -1 -1 -1 34 34 -1 -1
-1 -1 -1 -1 -1 -1 34 34 -1
-1 -1 -1 -1 -1 -1 -1 -1
-1 -1 -1 -1 -1 -1 -1 -1 -1 -1 -1
-1 -1 -1 -1 -1 -1 -1 63 120 -1 -1
-1 -1 -1 -1 -1 -1 -1 63 120 -1 -1
-1 -1 -1 -1 -1 -1 -1 63 120 -1 -1 -1
-1 -1 -1 -1 -1 -1 -1 63 120 -1 -1 -1
-1 -1 -1 -1 -1 -1 -1 63 120 -1 -1 -1
-1 -1 -1 -1 -1 -1 -1 63 120 -1 -1 -1
-1 -1 -1 -1 -1 -1 -1 -1 -1
-1 -1 -1 -1 -1 -1 -1 63 120 -1 -1 -1
-1 -1 -1 -1 -1 -1 -1 -1 -1 -1 -1 -1
-1 -1 -1 -1 -1 -1 -1 -1 -1 -1
-1 -1 -1 -1 -1 -1 41 41 -1 -1 -1 -1
-1 -1 -1 -1 -1 -1 41 41 -1 -1 -1 -1
-1 -1 -1 -1 -1 -1 41 41 -1 -1 -1
-1 -1 -1 -1 -1 -1 41 41 -1 -1 -1
-1 -1 -1 -1 -1 -1 41 41 -1 -1 -1 -1 -1
-1 -1 -1 -1 -1 -1 41 41 -1 -1 -1
-1 -1 -1 -1 -1 -1 41 41 -1 -1 -1 -1
-1 -1 -1 -1 -1 -1 41 41 -1 -1 -1 -1
-1 -1 -1 -1 -1 -1 41 41 -1 -1 -1
-1 -1 -1 -1 -1 -1 41 41 -1 -1 -1
-1 -1 -1 -1 -1 -1 74 74 74 93 93
-1 -1 -1 -1 -1 -1 74 74 74 -1 -1 -1 -1
-1 -1 -1 -1 -1 -1 41 41 -1 -1 -1
-1 -1 -1 -1 -1 -1 41 41 92 92
-1 -1 -1 -1 -1 -1 41 41 -1 -1 -1
-1 -1 -1 -1 -1 -1 -1 -1 -1 -1 -1 -1 -1
-1 -1 -1 -1 -1 -1 -1 -1 -1 -1 -1 -1 -1
-1 -1 -1 -1 -1 -1 -1 -1 -1 -1 -1 -1
-1 -1 -1 -1 -1 -1 41 41 -1 -1 -1 -1
-1 -1 -1 -1 -1 -1 41 41 -1 -1 -1 -1
-1 -1 -1 -1 -1 -1 41 41 -1 -1 -1 -1
-1 -1 -1 -1 -1 -1 41 41 -1 -1 -1
-1 -1 -1 -1 -1 -1 74 74 74 91 91
-1 -1 -1 -1 -1 -1 41 41 41 92 92
-1 -1 -1 -1 -1 -1 -1 -1 -1
-1 -1 -1 -1 -1 -1 -1 -1 -1 -1 -1
-1 -1 -1 -1 -1 -1 -1 -1 -1 -1
-1 -1 -1 -1 -1 -1 -1 -1 -1
-1 -1 -1 -1 -1 -1 -1 -1 -1
-1 -1 -1 -1 -1 -1 -1 -1 -1 -1
-1 -1 -1 -1 -1 -1 -1 -1 -1
-1 -1 -1 -1 -1 -1 74 74 74 -1 -1
-1 -1 -1 -1 -1 -1 74 74 74 -1 -1 -1
-1 -1 -1 -1 -1 -1 74 74 74 -1 -1 -1
-1 -1 -1 -1 -1 -1 74 74 74 -1
-1 -1 -1 -1 -1 -1 74 74 74 -1 -1 -1 -1
-1 -1 -1 -1 -1 -1 74 74 74 -1 -1 -1 -1
-1 -1 -1 -1 -1 -1 74 74 74 -1 -1 -1 -1 -1
-1 -1 -1 -1 -1 -1 74 74 74 -1 -1 -1 -1
-1 -1 -1 -1 -1 -1 74 74 74 -1 -1
-1 -1 -1 -1 -1 -1 74 74 74 -1 -1 -1 -1
-1 -1 -1 -1 -1 -1 74 74 74 -1 -1 -1
-1 -1 -1 -1 -1 -1 74 74 74 -1 -1 -1
-1 -1 -1 -1 -1 -1 74 74 74 -1 -1
-1 -1 -1 -1 -1 -1 74 74 74 -1 -1 -1 -1
-1 -1 -1 -1 -1 -1 74 74 74 -1 -1 -1 -1
-1 -1 -1 -1 -1 -1 74 74 74 -1 -1
-1 -1 -1 -1 -1 -1 74 74 74 91 91
-1 -1 -1 -1 -1 -1 74 74 74 -1 -1
-1 -1 -1 -1 -1 -1 74 74 74 121 121
-1 -1 -1 -1 -1 -1 74 74 74 -1 -1 -1
-1 -1 -1 -1 -1 -1 74 74 74 -1 -1 -1
-1 -1 -1 -1 -1 -1 74 74 74 -1 -1 -1
-1 -1 -1 -1 -1 -1 74 74 74 -1 -1 -1
-1 -1 -1 -1 -1 -1 -1 -1 -1 -1
-1 -1 -1 -1 -1 -1 -1 -1
-1 -1 -1 -1 -1 -1 -1 -1
-1 -1 -1 -1 -1 -1 74 74 93 93
-1 -1 -1 -1 -1 -1 74 74 121 121
-1 -1 -1 -1 -1 -1 74 74 -1 -1
-1 -1 -1 -1 -1 -1 74 74 -1 -1 -1
-1 -1 -1 -1 -1 -1 74 74 -1 -1 -1
-1 -1 -1 -1 -1 -1 74 74 -1 -1
-1 -1 -1 -1 -1 -1 -1 -1 -1 -1 -1
-1 -1 -1 -1 -1 -1 -1 -1 -1
-1 -1 -1 -1 -1 -1 40 40 -1 -1 -1
-1 -1 -1 -1 -1 -1 40 40 -1 -1 -1
-1 -1 -1 -1 -1 -1 40 40 -1 -1 -1 -1
-1 -1 -1 -1 -1 -1 40 40 -1 -1 -1
-1 -1 -1 -1 -1 -1 40 40 -1 -1 -1 -1
-1 -1 -1 -1 -1 -1 40 40 -1 -1 -1
-1 -1 -1 -1 -1 -1 40 40 -1 -1
-1 -1 -1 -1 -1 -1 -1 -1 -1
-1 -1 -1 -1 -1 -1 -1 -1 -1 -1
-1 -1 -1 -1 -1 -1 -1 -1
-1 -1 -1 -1 -1 -1 -1 -1 -1 -1
-1 -1 -1 -1 -1 -1 -1 -1 -1 -1
-1 -1 -1 -1 -1 -1 -1 -1
-1 -1 -1 -1 -1 -1 -1 -1 -1 -1 -1 -1
-1 -1 -1 -1 -1 -1 -1 -1
-1 -1 -1 -1 -1 -1 -1 -1
-1 -1 -1 -1 -1 -1 -1 -1 -1
-1 -1 -1 -1 -1 -1 -1 -1 -1
-1 -1 -1 -1 -1 -1 -1 -1 -1 -1
-1 -1 -1 -1 -1 -1 -1 -1 -1 -1 -1 -1
-1 -1 -1 -1 -1 -1 -1 -1 -1
-1 -1 -1 -1 -1 -1 -1 -1 -1
-1 -1 -1 -1 -1 -1 -1 -1 -1 -1 -1 -1
-1 -1 -1 -1 -1 -1 -1 -1
-1 -1 -1 -1 -1 -1 -1 -1
-1 -1 -1 -1 -1 -1 -1 -1
-1 -1 -1 -1 -1 -1 -1 -1
-1 -1 -1 -1 -1 -1 -1 -1
-1 -1 -1 -1 -1 -1 -1 -1
-1 -1 -1 -1 -1 -1 -1 -1 -1 -1
-1 -1 -1 -1 -1 -1 -1 -1 -1 -1
-1 -1 -1 -1 -1 -1 -1 -1 -1 -1
-1 -1 -1 -1 -1 -1 -1 -1 -1
-1 -1 -1 -1 -1 -1 -1 -1 -1 -1
-1 -1 -1 -1 -1 -1 -1 -1 -1 -1
-1 -1 -1 -1 -1 -1 -1 -1 -1 -1 -1
-1 -1 -1 -1 -1 -1 -1 -1 -1
-1 -1 -1 -1 -1 -1 -1 -1 -1 -1
-1 -1 -1 -1 -1 -1 -1 -1 -1
-1 -1 -1 -1 -1 -1 -1 -1 -1
-1 -1 -1 -1 -1 -1 -1 -1
-1 -1 -1 -1 -1 -1 -1 -1 -1 -1
-1 -1 -1 -1 -1 -1 12 12 -1 -1 -1 -1
-1 -1 -1 -1 -1 -1 12 12 -1 -1 -1 -1
-1 -1 -1 -1 -1 -1 12 12 -1 -1 -1 -1 -1
-1 -1 -1 -1 -1 -1 12 12 -1 -1 -1 -1 -1
-1 -1 -1 -1 -1 -1 12 12 12 108 -1 -1 -1 -1
-1 -1 -1 -1 -1 -1 12 12 12 -1 -1
-1 -1 -1 -1 -1 -1 12 12 12 -1 -1 -1 -1
-1 -1 -1 -1 -1 -1 12 12 12 -1 -1
-1 -1 -1 -1 -1 -1 12 12 12 -1 -1 -1 -1
-1 -1 -1 -1 -1 -1 12 12 12 -1 -1 -1 -1
-1 -1 -1 -1 -1 -1 12 12 12 -1 -1 -1 -1
-1 -1 -1 -1 -1 -1 -1 -1
-1 -1 -1 -1 -1 -1 82 82 -1 -1 -1 -1
-1 -1 -1 -1 -1 -1 82 82 -1 -1 -1
-1 -1 -1 -1 -1 -1 82 82 -1 -1 -1 -1
-1 -1 -1 -1 -1 -1 82 82 -1 -1 -1 -1
-1 -1 -1 -1 -1 -1 82 82 -1 -1 -1 -1
-1 -1 -1 -1 -1 -1 82 82 -1 -1 -1 -1 -1 -1
-1 -1 -1 -1 -1 -1 82 82 -1 -1 -1
-1 -1 -1 -1 -1 -1 82 82 -1 -1 -1 -1
-1 -1 -1 -1 -1 -1 82 82 -1 -1 -1 -1
-1 -1 -1 -1 -1 -1 82 82 -1 -1 -1
-1 -1 -1 -1 -1 -1 82 82 -1 -1 -1
-1 -1 -1 -1 -1 -1 82 82 -1
-1 -1 -1 -1 -1 -1 82 82 82 114 -1 -1 -1
-1 -1 -1 -1 -1 -1 82 82 82 89 -1 -1 -1
-1 -1 -1 -1 -1 -1 82 82 82 -1 -1 -1 -1
-1 -1 -1 -1 -1 -1 82 82 82 -1 -1 -1 -1
-1 -1 -1 -1 -1 -1 -1 -1 -1 -1
-1 -1 -1 -1 -1 -1 82 82 -1 -1 -1 -1 -1
-1 -1 -1 -1 -1 -1 -1 -1
-1 -1 -1 -1 -1 -1 -1 -1 -1
-1 -1 -1 -1 -1 -1 -1 -1 -1
-1 -1 -1 -1 -1 -1 -1
-1 -1 -1 -1 -1 -1 -1 -1 -1 -1
-1 -1 -1 -1 -1 -1 -1 -1
-1 -1 -1 -1 -1 -1 -1 -1
-1 -1 -1 -1 -1 -1 -1
-1 -1 -1 -1 -1 -1 -1
-1 -1 -1 -1 -1 -1 -1
-1 -1 -1 -1 -1 -1 -1
-1 -1 -1 -1 -1 -1 -1
-1 -1 -1 -1 -1 -1 -1
-1 -1 -1 -1 -1 -1 -1 -1 -1 -1
-1 -1 -1 -1 -1 -1 -1 -1 -1 -1
-1 -1 -1 -1 -1 -1 -1 -1
-1 -1 -1 -1 -1 -1 -1 -1
-1 -1 -1 -1 -1 -1 -1 -1 -1
-1 -1 -1 -1 -1 -1 -1
-1 -1 -1 -1 -1 -1 -1
-1 -1 -1 -1 -1 -1 -1
-1 -1 -1 -1 -1 -1 -1
-1 -1 -1 -1 -1 -1 -1
-1 -1 -1 -1 -1 -1 -1 -1 -1
-1 -1 -1 -1 -1 -1 -1 -1 -1
-1 -1 -1 -1 -1 -1 -1 -1 -1
-1 -1 -1 -1 -1 -1 -1 -1 -1 -1 -1 -1 -1
-1 -1 -1 -1 -1 -1 -1 -1 -1 -1
-1 -1 -1 -1 -1 -1 -1 -1 -1
-1 -1 -1 -1 -1 -1 -1 -1 -1
-1 -1 -1 -1 -1 -1 -1
-1 -1 -1 -1 -1 -1 -1
-1 -1 -1 -1 -1 -1 -1
-1 -1 -1 -1 -1 -1 -1 -1
-1 -1 -1 -1 -1 -1 -1
-1 -1 -1 -1 -1 -1 -1
-1 -1 -1 -1 -1 -1 -1 -1
-1 -1 -1 -1 -1 -1 -1 -1
-1 -1 -1 -1 -1 -1 -1 -1
-1 -1 -1 -1 -1 -1 -1 -1
-1 -1 -1 -1 -1 -1 -1 -1
-1 -1 -1 -1 -1 -1 -1 -1
-1 -1 -1 -1 -1 -1 -1 -1 -1
-1 -1 -1 -1 -1 -1 -1 -1 -1
-1 -1 -1 -1
-1 -1 -1 -1
-1 -1 -1 -1
-1 -1 -1 -1
-1 -1 -1 -1 -1 -1
-1 44 44 -1 -1 -1
-1 44 44 44 110 -1 -1 -1
-1 -1 -1 -1 -1
-1 33 33 -1 -1 -1 -1 -1
-1 33 33 -1 -1
-1 33 33 -1
-1 33 33 -1 -1
-1 33 33 -1 -1 -1 -1 -1 -1
-1 33 33 -1 -1 -1 -1
-1 33 33 -1 -1
-1 33 33 -1 -1 -1 -1 -1
-1 33 33 -1
-1 33 33 -1 -1 -1
-1 33 33 -1
-1 33 33 -1
-1 33 33 -1
-1 33 33 -1
-1 33 33 -1
-1 33 33 -1
-1 33 33 -1
-1 33 33 -1
-1 33 33 -1
-1 33 33 -1
-1 33 33 -1
-1 33 33 -1
-1 33 33 -1 -1 -1
-1 33 33 -1 -1 -1 -1 -1
-1 33 33 -1 -1 -1 -1 -1
-1 33 33 -1 -1 -1 -1
-1 33 33 -1 -1
-1 33 33 -1 -1 -1 -1
-1 33 33 -1 -1
-1 33 33 -1
-1 33 33 -1 -1 -1
-1 33 33 -1
-1 33 33 -1
-1 33 33 -1 -1 -1
-1 33 33 -1 -1 -1 -1
-1 33 33 -1 -1 -1 -1 -1
-1 33 33 -1 -1 -1 -1
-1 33 33 -1 -1 -1 -1
-1 33 33 -1 -1 -1 -1
-1 33 33 -1 -1 -1 -1 -1
-1 33 33 -1 -1
-1 33 33 -1
-1 33 33 -1 -1
-1 -1 -1
-1 -1 -1 -1 -1
-1 -1 -1
-1 -1 -1
-1 -1 -1 -1 -1
-1 -1 -1 -1 -1
-1 -1 -1 -1
-1 -1 33 -1 -1 -1 -1
-1 -1 33 33 -1 -1 -1 -1
-1 -1 -1 -1 -1
-1 49 49 113 -1 -1 -1 -1
-1 49 49 49 113 -1
-1 64 64 -1 -1 -1 -1 -1
-1 64 64 -1 -1
-1 64 64 -1 -1
-1 64 64 -1
-1 64 64 -1
-1 64 64 -1 -1 -1 -1 -1
-1 64 64 -1 -1 -1 -1 -1
-1 64 64 -1 -1 -1 -1 -1 -1
-1 64 64 -1 -1 -1 -1 -1 -1 -1
-1 64 64 64 -1 -1 -1 -1
-1 64 64 64 -1 -1 -1 -1 -1 -1
-1 64 64 64 -1 -1 -1 -1 -1 -1
-1 64 64 64 -1 -1 -1 -1 -1 -1
-1 64 64 64 -1 -1 -1 -1 -1
-1 64 64 64 -1 -1 -1 -1 -1
-1 64 64 64 -1 -1 -1 -1 -1
-1 64 64 64 -1 -1 -1 -1 -1 -1
-1 64 64 64 -1 -1 -1
-1 64 64 64 -1 -1 -1 -1
-1 64 64 64 -1 -1 -1 -1
-1 -1 -1 -1 -1 -1
-1 -1 -1 -1 -1
-1 -1 -1 -1 -1
-1 -1 -1 -1 -1
-1 -1 -1 -1
-1 -1 -1 -1
-1 35 35 105 -1 -1 -1 -1
-1 35 35 -1
-1 35 35 -1 -1
-1 35 35 -1 -1
-1 35 35 -1
-1 35 35 -1
-1 35 35 -1 -1 -1
-1 35 35 -1 -1 -1 -1
-1 35 105 -1 -1 -1 -1
-1 35 105 -1 -1 -1 -1
-1 35 -1
-1 -1 -1 -1 -1 -1
-1 -1 -1
-1 -1 -1 -1 -1
-1 -1 -1 -1 -1
-1 -1 -1 -1 -1 -1 -1
-1 -1 -1 -1 -1 -1 -1
-1 -1 -1 -1 -1 -1
-1 -1 -1 -1 -1 -1
-1 -1 -1 -1 -1
-1 -1 -1 -1 -1 -1 -1
-1 -1 -1 -1 -1 -1 -1
-1 -1 -1 -1 -1 -1 -1 -1 -1
-1 -1 -1 -1 -1 -1 -1 -1 -1
-1 -1 -1 -1 -1 -1 -1 -1 -1
-1 -1 -1 -1
-1 -1 -1 -1
-1 -1 -1 -1 -1 -1 -1
-1 -1 -1 -1 -1
-1 17 17 -1 -1 -1 -1
-1 17 17 -1 -1 -1 -1
-1 17 17 -1 -1 -1 -1
-1 17 17 -1 -1 -1 -1
-1 17 17 -1 -1 -1 -1 -1 -1
-1 17 17 -1 -1 -1 -1
-1 17 17 -1 -1 -1 -1
-1 17 17 -1 -1 -1 -1 -1
-1 17 17 -1 -1 -1 -1
-1 17 17 -1 -1 -1 -1 -1
-1 17 17 -1 -1 -1
-1 17 17 -1 -1 -1 -1 -1
-1 17 17 -1 -1 -1 -1 -1 -1
-1 -1 -1 -1 -1 -1
-1 -1 -1 -1 -1 -1
-1 -1 -1 -1 -1 -1
-1 -1 -1 -1 -1 -1 -1 -1
-1 -1 -1 -1 -1 -1
-1 -1 -1 -1 -1
-1 61 61 61 -1 -1
-1 61 61 61 -1 -1 -1
-1 61 61 61 119 -1 -1 -1 -1
-1 61 61 61 119 -1 -1 -1
-1 -1 3 3 -1 -1 -1
-1 -1 3 3 -1 -1 -1 -1
-1 -1 3 3 -1 -1 -1
-1 -1 3 3 3 115 -1
-1 -1 3 3 3 115 -1 -1
