-1 -1 -1
-1 -1 -1
-1 3 3 -1 -1 -1
-1 3 3 -1 -1 -1
-1 3 3 -1 -1 -1
-1 3 3 -1 -1 -1
-1 3 3 -1 -1 -1
-1 3 3 -1 -1
-1 3 3 -1 -1
-1 3 3 -1 -1 -1 -1 -1 -1
-1 3 3 -1 -1 -1 -1 -1
-1 3 3 -1 -1
-1 -1 -1 -1 -1
-1 -1 -1 -1 -1
-1 -1 -1 -1
-1 -1 -1
-1 -1 -1 -1
-1 69 -1
-1 69 -1 -1
-1 69 -1
-1 69 -1
-1 69 -1 -1
-1 69 -1
-1 69 -1
-1 69 -1
-1 69 -1 -1
-1 69 -1 -1
-1 69 -1 -1
-1 69 -1 -1
-1 69 -1 -1 -1 -1
-1 -1 -1 -1 -1 -1
-1 69 69 172
-1 69 69 172 -1
-1 -1 -1 -1 -1 -1
-1 -1 -1 -1 -1 -1 -1
-1 -1 -1 -1 -1 -1 -1
-1 -1 -1 -1 -1 -1 -1
-1 -1 -1 -1 -1 -1 -1
-1 -1 -1 -1 -1 -1
-1 -1 -1 -1 -1 -1 -1
-1 -1 -1 -1 -1 -1
-1 -1 -1 -1 -1 -1 -1
-1 -1 -1 -1 -1 -1 -1
-1 -1 -1 -1 -1 -1 -1 -1
-1 -1 -1 -1 -1 -1
-1 -1 -1 -1 -1 -1 -1
-1 -1 -1 -1 -1 -1 -1
-1 48 -1 -1
-1 48 -1 -1
-1 48 -1
-1 48 -1
-1 48 -1 -1
-1 48 -1 -1
-1 48 -1 -1 -1 -1 -1
-1 48 -1 -1 -1
-1 48 48 -1 -1
-1 48 48 -1 -1
-1 48 48 -1 -1 -1
-1 48 48 -1 -1 -1 -1 -1
-1 48 48 48 -1 -1
-1 48 48 48 -1 -1
-1 71 71 137
-1 71 71 -1
-1 71 71 120
-1 71 71 -1
-1 71 71 -1
-1 71 71 231
-1 71 71 284
-1 71 71 177
-1 71 71 112
-1 71 71 167
-1 71 71 295
-1 71 71 255 255 -1 -1
-1 71 71 183 183 183 -1 -1
-1 -1 -1
-1 -1 -1
-1 -1 -1 -1 -1 -1 -1
-1 -1 -1 -1 -1 -1 -1
-1 -1 -1 -1 -1 -1
-1 -1 -1 -1 -1
-1 -1 -1 -1 -1 -1
-1 -1 -1 -1 -1 -1
-1 -1 -1 -1 -1 -1
-1 -1 -1 -1 -1 -1
-1 -1 -1 -1 -1 -1 -1
-1 -1 -1 -1 -1
-1 -1 -1 -1 -1
-1 -1 -1 -1
-1 -1 -1 -1
-1 -1 -1 -1
-1 -1 -1 -1
-1 -1 -1 -1
-1 -1 -1 -1
-1 -1 -1 -1
-1 -1 -1 -1
-1 71 137
-1 71 -1
-1 71 120
-1 71 -1
-1 71 231
-1 -1 71 71 -1 -1
-1 -1 71 -1 -1
-1 -1 71 -1
-1 -1 71 71 -1 -1 -1 -1 -1
-1 -1 71 71 -1 -1 -1 -1
-1 -1 71 71 -1 -1 -1 -1 -1 -1
-1 -1 71 71 -1 -1 -1 -1 -1
-1 -1 71 71 -1 -1 -1 -1 -1
-1 -1 71 71 -1 -1 -1 -1 -1
-1 -1 71 71 -1 -1 -1 -1 -1 -1 -1 -1
-1 -1 -1 -1 -1
-1 -1 -1 -1 -1
-1 -1 -1 -1 -1
-1 -1 -1 -1 -1 -1 -1
-1 -1 -1 -1 -1 -1 -1
-1 -1 -1 -1 -1 -1 -1
-1 -1 -1 -1 -1 -1 -1
-1 -1 -1 -1 -1
-1 -1 -1 -1 -1
-1 -1 -1
-1 -1 -1
-1 -1 -1 -1 -1 -1 -1
-1 -1 -1 -1 -1 -1 -1 -1
-1 -1 31 31 31 -1 -1 -1
-1 -1 10 10 287 -1
-1 -1 10 10 -1 -1 -1 -1
-1 -1 10 -1 -1 -1 -1
-1 -1 11 11 -1 -1 -1
-1 -1 -1 -1 -1 -1
-1 -1 -1 -1 -1
-1 -1 -1 -1 -1 -1 -1
-1 -1 -1 -1 -1
-1 -1 -1 -1 -1 -1 -1
-1 -1 -1 -1 -1 -1 -1
-1 -1 -1 -1 -1 -1
-1 -1 -1 -1 -1 -1 -1
-1 -1 -1 -1 -1
-1 -1 88 88 88 -1 -1 -1
-1 -1 88 88 88 -1 -1 -1 -1
-1 -1 -1 -1 -1 -1 -1 -1 -1
-1 -1 -1 -1 -1 -1 -1
-1 -1 50 50 203 203 -1
-1 -1 50 50 -1 -1 -1
-1 -1 50 50 -1 -1
-1 -1 50 50 50 203 203 -1
-1 -1 -1 -1 -1 -1 -1
-1 -1 -1 -1 -1 -1 -1
-1 -1 -1 -1 -1
-1 -1 -1 -1 -1 -1
-1 -1 -1 -1 -1 -1
-1 -1 -1 -1 -1 -1 -1 -1
-1 -1 -1 -1 -1
-1 -1 19 19 -1 -1 -1
-1 -1 19 19 -1 -1 -1
-1 -1 28 28 204 204 -1
-1 -1 28 28 -1 -1 -1
-1 -1 28 28 204 204 -1
-1 -1 28 28 207 -1
-1 -1 -1 -1 -1 -1 -1 -1 -1
-1 -1 -1 -1 -1 -1 -1
-1 -1 -1 -1 -1 -1 -1 -1
-1 -1 -1 -1 -1 -1 -1
-1 -1 -1 -1 -1 -1 -1
-1 -1 -1 -1 -1
-1 -1 -1 -1 -1 -1 -1 -1 -1 -1
-1 -1 -1 -1 -1 -1 -1
-1 -1 -1 -1 -1 -1 -1 -1
-1 -1 -1 -1 -1 -1 -1
-1 -1 -1 -1 -1 -1
-1 -1 -1 -1 -1 -1 -1 -1
-1 -1 -1 -1 -1 -1 -1
-1 -1 -1 -1 -1 -1 -1
-1 -1 -1 -1 -1 -1
-1 -1 -1 -1 -1
-1 -1 17 17 -1 -1 -1 -1 -1
-1 -1 -1 -1 -1 -1 -1 -1 -1 -1
-1 -1 -1 -1 -1 -1
-1 -1 -1 -1 -1 -1 -1 -1
-1 -1 -1 -1 -1 -1
-1 -1 -1 -1 -1 -1
-1 -1 28 28 204 204 -1
-1 -1 -1 -1 -1 -1 -1
-1 -1 -1 -1 -1 -1
-1 -1 -1 -1 -1
-1 -1 -1 -1 -1 -1
-1 -1 -1 -1 -1 -1
-1 -1 -1 -1 -1 -1 -1
-1 -1 -1 -1 -1 -1
-1 -1 -1 -1 -1 -1
-1 -1 -1 -1 -1
-1 -1 -1 -1 -1
-1 -1 -1 -1 -1
-1 -1 -1 -1 -1 -1 -1
-1 -1 59 59 288 -1
-1 -1 59 59 128 -1 -1
-1 -1 59 59 128 -1 -1
-1 -1 59 59 59 128 -1 -1
-1 -1 59 59 59 288 -1
-1 -1 59 59 59 128 -1 -1
-1 -1 59 59 128 -1 -1
-1 -1 -1 -1 -1 -1 -1 -1
-1 -1 -1 -1 -1 -1 -1 -1
-1 -1 -1
-1 -1 -1 -1
-1 -1 -1 -1 -1 -1 -1
-1 -1 -1 -1 -1 -1
-1 -1 -1 -1 -1 -1 -1 -1
-1 -1 -1 -1 -1 -1 -1 -1
-1 -1 -1 -1 -1 -1 -1
-1 -1 -1 -1 -1 -1 -1
-1 -1 -1 -1 -1
-1 -1 -1 -1 -1 -1 -1 -1
-1 -1 -1 -1 -1 -1 -1 -1
-1 -1 -1 -1 -1 -1 -1 -1
-1 -1 -1 -1 -1 -1 -1
-1 -1 -1 -1 -1 -1 -1 -1
-1 -1 -1 -1 -1 -1 -1
-1 -1 -1 -1 -1 -1 -1 -1
-1 -1 -1 -1 -1 -1 -1
-1 -1 -1 -1 -1 -1 -1 -1
-1 -1 -1 -1 -1
-1 -1 -1 -1 -1 -1
-1 -1 -1 -1 -1 -1 -1
-1 -1 -1 -1 -1 -1 -1
-1 -1 -1 -1 -1 -1 -1
-1 -1 -1 -1 -1 -1 -1 -1 -1
-1 -1 -1 -1
-1 -1 -1 -1 -1
-1 -1 -1 -1 -1
-1 -1 -1 -1 -1 -1
-1 -1 60 60 -1
-1 -1 60 60 -1 -1
-1 -1 60 60 -1 -1 -1
-1 -1 49 49 -1 -1 -1
-1 -1 49 49 -1
-1 -1 49 49 -1
-1 -1 49 49 -1 -1 -1 -1 -1 -1
-1 -1 49 49 -1 -1
-1 -1 49 49 -1
-1 -1 49 49 -1
-1 -1 49 49 -1
-1 -1 49 49 -1 -1
-1 -1 49 49 -1 -1
-1 -1 49 49 -1 -1 -1 -1
-1 -1 49 49 -1 -1 -1 -1 -1 -1 -1 -1
-1 -1 49 49 -1 -1 -1 -1 -1 -1 -1
-1 -1 49 49 -1 -1 -1 -1
-1 -1 49 49 -1 -1 -1 -1 -1
-1 -1 49 49 -1 -1 -1 -1
-1 -1 49 49 -1 -1 -1 -1 -1
-1 -1 49 49 -1 -1 -1
-1 -1 49 49 -1 -1 -1
-1 -1 49 49 -1 -1 -1 -1
-1 -1 49 49 -1 -1 -1
-1 -1 49 49 -1 -1 -1 -1 -1 -1
-1 -1 -1 -1 -1 -1 -1
-1 -1 -1 -1 -1 -1
-1 -1 -1 -1 -1 -1
-1 -1 -1 -1 -1 -1
-1 -1 70 70 -1 -1 -1
-1 -1 70 70 -1 -1 -1
-1 -1 70 70 -1 -1
-1 -1 70 70 -1
-1 -1 -1 -1
-1 -1 -1 -1 -1
-1 -1 -1 -1 -1
-1 -1 -1 -1
-1 -1 -1 -1 -1
-1 -1 -1 -1 -1
-1 -1 -1 -1
-1 -1 -1 -1
-1 -1 -1 -1 -1
-1 -1 -1 -1 -1
-1 -1 -1 -1 -1
-1 -1 -1 -1 -1 -1
-1 -1 -1 -1 -1 -1
-1 -1 -1 -1 -1
-1 -1 -1 -1 -1 -1 -1 -1 -1
-1 -1 -1 -1 -1 -1 -1
-1 -1 -1 -1 -1 -1 -1 -1
-1 -1 -1 -1 -1 -1
-1 -1 -1 -1 -1 -1
-1 -1 -1 -1 -1
-1 -1 -1 -1 -1 -1
-1 -1 -1 -1 -1 -1
-1 -1 -1 -1 -1
-1 -1 -1 -1 -1 -1
-1 -1 -1 -1
-1 -1 -1 -1
-1 -1 -1 -1 -1
-1 -1 -1 -1 -1
-1 -1 -1 -1 -1
-1 -1 -1 -1 -1 -1 -1
-1 -1 -1 -1 -1 -1
-1 -1 -1 -1 -1 -1 -1
-1 -1 -1 -1 -1
-1 -1 -1 -1 -1
-1 -1 -1 -1 -1
-1 -1 -1 -1 -1 -1 -1
-1 -1 -1 -1 -1 -1
-1 -1 -1 -1 -1
-1 -1 -1 -1 -1 -1 -1
-1 -1 37 37 37 111
-1 -1 37 37 37 -1 -1 -1 -1 -1
-1 -1 37 37 -1 -1 -1 -1
-1 -1 37 37 -1
-1 -1 37 37 -1
-1 -1 37 37 37 -1 -1 -1 -1
-1 -1 37 37 37 -1
-1 -1 37 37 37 -1
-1 -1 -1 -1 -1 -1
-1 -1 70 261 -1 -1 -1 -1
-1 -1 70 244 -1
-1 -1 70 -1
-1 -1 70 173
-1 -1 70 -1
-1 -1 70 189
-1 -1 70 -1 -1 -1 -1
-1 -1 70 -1 -1 -1 -1 -1 -1
-1 -1 70 -1 -1 -1 -1 -1 -1
-1 -1 70 70 -1 -1 -1 -1
-1 -1 70 70 -1 -1 -1
-1 -1 70 70 300 -1
-1 -1 70 70 -1
-1 -1 70 70 216 216 216 216 -1 -1 -1 -1
-1 -1 70 70 -1 -1 -1
-1 -1 70 70 -1 -1 -1
-1 -1 70 70 -1 -1 -1 -1 -1
-1 -1 70 70 -1 -1 -1 -1
-1 -1 70 70 -1 -1 -1 -1
-1 -1 70 70 212 -1 -1
-1 -1 70 70 70 -1
-1 -1 70 70 70 -1 -1 -1
-1 -1 -1 -1 -1 -1
-1 -1 -1 -1 -1 -1
-1 -1 -1 -1 -1 -1
-1 -1 -1 -1 -1 -1
-1 -1 -1 -1 -1 -1 -1
-1 -1 -1 -1 -1
-1 -1 -1 -1 -1 -1 -1
-1 -1 -1 -1 -1
-1 -1 -1 -1 -1 -1
-1 -1 -1 -1 -1 -1
-1 -1 -1 -1 -1
-1 -1 -1 -1 -1
-1 -1 -1 -1 -1 -1
-1 -1 -1 -1 -1 -1
-1 -1 -1 -1 -1 -1 -1
-1 -1 -1 -1 -1 -1 -1
-1 -1 -1 -1 -1 -1 -1
-1 -1 -1 -1 -1 -1 -1 -1
-1 -1 66 -1
-1 -1 66 -1 -1
-1 -1 66 248
-1 -1 66 -1
-1 -1 66 -1
-1 -1 66 -1
-1 -1 66 -1 -1
-1 -1 66 -1
-1 -1 66 -1 -1
-1 -1 66 -1 -1 -1
-1 -1 66 -1 -1 -1 -1
-1 -1 66 -1 -1 -1
-1 -1 66 -1 -1 -1 -1
-1 -1 66 -1 -1 -1 -1 -1 -1
-1 -1 66 -1 -1
-1 -1 66 -1 -1
-1 -1 66 -1
-1 -1 66 -1 -1
-1 -1 66 -1 -1 -1
-1 -1 66 -1 -1 -1 -1
-1 -1 66 -1
-1 -1 -1 -1 -1 -1
-1 -1 -1 -1 -1
-1 -1 -1 -1 -1
-1 -1 -1 -1
-1 -1 51 51 264 -1 -1
-1 -1 51 51 -1
-1 -1 51 51 -1 -1 -1 -1 -1
-1 -1 51 51 -1
-1 -1 51 51 -1 -1 -1 -1
-1 -1 51 264 -1 -1 -1 -1
-1 -1 51 51 264 -1 -1 -1 -1
-1 -1 51 51 51 264 -1 -1 -1 -1
-1 -1 51 51 51 264 -1 -1 -1
-1 -1 51 51 51 264 -1 -1 -1 -1
-1 -1 -1 -1 -1 -1 -1 -1
-1 -1 -1 -1 -1 -1 -1 -1 -1
-1 -1 -1 -1 -1 -1 -1 -1 -1 -1
-1 -1 -1 -1 -1 -1 -1 -1 -1
-1 -1 25 -1 -1 -1
-1 -1 25 -1 -1
-1 -1 25 -1
-1 -1 25 -1
-1 -1 25 -1
-1 -1 25 -1 -1 -1 -1
-1 -1 25 -1 -1 -1 -1 -1
-1 -1 25 -1 -1 -1 -1 -1 -1
-1 -1 25 -1 -1 -1 -1 -1 -1
-1 -1 25 -1 -1 -1 -1
-1 -1 25 -1 -1 -1 -1 -1
-1 -1 25 -1 -1 -1 -1
-1 -1 25 -1 -1 -1 -1
-1 -1 25 -1
-1 -1 25 -1 -1
-1 -1 25 -1 -1 -1 -1
-1 -1 25 -1 -1 -1
-1 -1 25 -1 -1 -1 -1 -1
-1 -1 25 -1
-1 -1 25 -1
-1 -1 25 -1
-1 -1 25 -1
-1 -1 25 -1
-1 -1 25 -1
-1 -1 25 -1
-1 -1 25 -1 -1 -1
-1 -1 25 -1
-1 -1 25 -1
-1 -1 25 -1 -1 -1 -1 -1
-1 -1 25 -1 -1 -1 -1 -1
-1 -1 25 -1 -1
-1 -1 25 -1 -1 -1 -1
-1 -1 25 -1 -1 -1 -1 -1
-1 -1 25 -1 -1 -1 -1
-1 -1 25 -1 -1 -1 -1 -1
-1 -1 25 -1 -1 -1 -1 -1
-1 -1 25 -1 -1 -1 -1 -1
-1 -1 25 -1 -1 -1 -1 -1
-1 -1 25 -1 -1
-1 -1 25 -1 -1
-1 -1 25 -1 -1 -1 -1
-1 -1 25 -1 -1 -1 -1 -1
-1 -1 25 -1 -1 -1
-1 -1 25 -1
-1 -1 25 -1 -1
-1 -1 25 -1 -1
-1 -1 25 -1 -1 -1 -1 -1
-1 -1 25 -1 -1 -1
-1 -1 25 -1
-1 -1 25 -1 -1 -1 -1 -1 -1
-1 -1 76 76 -1 -1 -1
-1 -1 76 76 108
-1 -1 76 76 148 -1
-1 -1 76 76 163 -1 -1
-1 -1 76 76 76 163 -1 -1
-1 -1 -1 -1 -1
-1 -1 -1 -1 -1
-1 -1 66 -1 -1 -1 -1 -1 -1
-1 -1 66 -1 -1
-1 -1 -1 -1 -1 -1 -1 -1
-1 -1 -1 -1 -1 -1 -1 -1
-1 -1 -1 -1 -1
-1 -1 -1 -1
-1 -1 -1 -1 -1 -1 -1
-1 -1 -1 -1 -1 -1 -1 -1
-1 -1 -1 -1 -1 -1 -1 -1
-1 -1 -1 -1 -1 -1 -1 -1
-1 -1 -1 -1 -1 -1 -1 -1
-1 -1 -1 -1 -1 -1
-1 -1 -1 -1 -1 -1 -1
-1 -1 -1 -1 -1 -1 -1 -1
-1 -1 -1 -1 -1
-1 -1 -1 -1 -1
-1 -1 -1 -1 -1 -1
-1 -1 -1 -1 -1 -1
-1 -1 -1 -1 -1
-1 -1 -1 -1 -1 -1
-1 -1 -1 -1
-1 -1 -1 62 62 -1 -1 -1 -1
-1 -1 -1 62 62 -1 -1 -1 -1 -1
-1 -1 -1 62 62 -1 -1 -1 -1 -1
-1 -1 -1 62 62 62 -1 -1 -1 -1 -1
-1 -1 -1 -1 -1 -1 -1
-1 -1 -1 -1 -1 -1 -1 -1
-1 -1 -1 66 66 66 141 141 -1 -1
-1 -1 -1 66 66 66 -1 -1 -1 -1 -1 -1
-1 -1 -1 66 66 66 210
-1 -1 -1 66 66 66 -1
-1 -1 -1 66 66 66 -1 -1
-1 -1 -1 66 66 66 -1 -1 -1 -1 -1
-1 -1 -1 66 66 66 -1 -1 -1 -1 -1
-1 -1 -1 66 66 66 141 141 -1 -1
-1 -1 -1 66 66 66 210
-1 -1 -1 66 66 66 318
-1 -1 -1 66 66 66 188
-1 -1 -1 66 66 66 98 -1
-1 -1 -1 66 66 66 198
-1 -1 -1 66 66 66 215 215 215 215 -1 -1 -1 -1
-1 -1 -1 66 66 66 242 242 242 -1
-1 -1 -1 66 66 66 168 168 168
-1 -1 -1 66 66 199 199 -1
-1 -1 -1 66 66 98 -1
-1 -1 -1 66 66 66 -1 -1 -1 -1 -1
-1 -1 -1 66 66 66 199 199 -1
-1 -1 -1 66 66 66 -1 -1 -1 -1 -1
-1 -1 -1 66 66 66 -1 -1 -1 -1 -1
-1 -1 -1 66 66 66 -1 -1 -1
-1 -1 -1 66 66 66 -1 -1 -1
-1 -1 -1 66 66 66 -1 -1 -1 -1 -1
-1 -1 -1 66 66 66 -1 -1 -1 -1
-1 -1 -1 -1 -1 -1 -1 -1
-1 -1 -1 60 268 -1
-1 -1 -1 60 -1 -1 -1
-1 -1 -1 49 49 135
-1 -1 -1 49 49 267 -1
-1 -1 -1 66 66 136
-1 -1 -1 66 66 180
-1 -1 -1 66 66 176
-1 -1 -1 66 66 106 106 -1
-1 -1 -1 66 66 199 199 -1
-1 -1 -1 -1 -1 -1
-1 -1 -1 -1 -1 -1
-1 -1 -1 66 66 66 -1 -1 -1 -1 -1 -1 -1
-1 -1 -1 66 66 66 282
-1 -1 -1 66 66 66 198
-1 -1 -1 66 66 66 -1 -1 -1
-1 -1 -1 66 66 66 299 -1 -1 -1 -1
-1 -1 -1 66 66 66 -1 -1
-1 -1 -1 66 66 66 164 -1
-1 -1 -1 66 66 66 307 307 307
-1 -1 -1 -1 -1 -1 -1 -1
-1 -1 -1 66 260 -1 -1
-1 -1 -1 66 147 -1
-1 -1 -1 66 -1 -1
-1 -1 -1 66 162 -1 -1
-1 -1 -1 66 -1 -1
-1 -1 -1 66 303 -1 -1 -1 -1
-1 -1 -1 66 -1 -1 -1
-1 -1 -1 66 297 -1
-1 -1 -1 66 293 -1 -1
-1 -1 -1 66 -1 -1
-1 -1 -1 66 -1 -1 -1
-1 -1 -1 66 -1 -1 -1 -1
-1 -1 -1 66 -1
-1 -1 -1 66 -1 -1 -1
-1 -1 -1 66 -1 -1
-1 -1 -1 66 235 -1 -1 -1 -1
-1 -1 -1 66 -1 -1 -1 -1
-1 -1 -1 66 211 -1
-1 -1 -1 66 -1
-1 -1 -1 66 -1 -1 -1 -1 -1
-1 -1 -1 66 -1 -1 -1 -1 -1 -1
-1 -1 -1 66 -1 -1 -1
-1 -1 -1 66 -1 -1
-1 -1 -1 66 -1 -1
-1 -1 -1 66 -1 -1
-1 -1 -1 -1 -1 -1 -1 -1 -1
-1 -1 -1 66 66 -1 -1 -1 -1
-1 -1 -1 66 66 -1 -1 -1 -1 -1
-1 -1 -1 66 66 -1 -1 -1 -1 -1
-1 -1 -1 66 66 235 -1 -1 -1 -1
-1 -1 -1 66 66 -1 -1 -1 -1 -1 -1
-1 -1 -1 66 66 -1 -1 -1 -1 -1 -1
-1 -1 -1 66 66 -1 -1 -1 -1
-1 -1 -1 66 66 -1 -1 -1 -1 -1
-1 -1 -1 66 66 106 106 -1
-1 -1 -1 66 66 -1 -1 -1 -1
-1 -1 -1 66 66 176
-1 -1 -1 66 66 141 141 -1 -1
-1 -1 -1 66 66 176
-1 -1 -1 66 66 164 -1
-1 -1 -1 66 66 136
-1 -1 -1 66 66 141 141 -1 -1
-1 -1 -1 66 66 176
-1 -1 -1 66 66 161
-1 -1 -1 66 66 297
-1 -1 -1 66 66 188
-1 -1 -1 66 66 192 192 -1 -1 -1 -1
-1 -1 -1 66 66 218 218 -1 -1 -1
-1 -1 -1 66 66 313 313 -1 -1 -1 -1
-1 -1 -1 66 66 100 100 -1
-1 -1 -1 66 66 252 252 -1
-1 -1 -1 66 66 142 142 142 -1
-1 -1 -1 66 66 101 101
-1 -1 -1 66 66 199 199 -1
-1 -1 -1 66 66 243 243 -1 -1 -1
-1 -1 -1 66 66 304 304 -1 -1 -1
-1 -1 -1 66 66 306 306 306 -1 -1
-1 -1 -1 66 66 278 278 -1
-1 -1 -1 66 66 246 246 -1
-1 -1 -1 66 66 141 141 -1 -1
-1 -1 -1 66 66 235 -1 -1 -1 -1
-1 -1 -1 66 66 66 141 141 -1 -1
-1 -1 -1 66 66 66 136
-1 -1 -1 -1 -1 -1 -1 -1
-1 -1 -1 -1 -1 -1 -1
-1 -1 -1 -1 -1 -1
-1 -1 -1 -1 -1 -1
-1 -1 -1 66 66 66 141 141 -1 -1
-1 -1 -1 66 66 66 -1
-1 -1 -1 66 66 66 282
-1 -1 -1 66 66 66 136
-1 -1 -1 66 66 66 -1 -1
-1 -1 -1 66 66 66 -1 -1 -1 -1 -1
-1 -1 -1 66 66 66 299 -1 -1 -1 -1
-1 -1 -1 66 66 66 -1 -1 -1 -1 -1 -1
-1 -1 -1 66 66 66 307 307 307
-1 -1 -1 66 66 66 -1 -1 -1 -1
-1 -1 -1 66 66 66 -1 -1 -1 -1 -1 -1
-1 -1 -1 66 66 66 198
-1 -1 -1 66 66 66 199 199 -1
-1 -1 -1 66 66 260 -1 -1 -1 -1
-1 -1 -1 66 66 260 -1 -1 -1 -1
-1 -1 -1 66 66 98 -1
-1 -1 -1 66 66 303 -1 -1 -1
-1 -1 -1 66 66 -1 -1 -1 -1
-1 -1 -1 -1 -1 -1
-1 -1 -1 -1 -1 -1
-1 -1 -1 -1 -1 -1
-1 -1 -1 -1 -1 -1
-1 -1 -1 -1 -1 -1 -1
-1 -1 -1 -1 -1 -1 -1
-1 -1 -1 -1 -1 -1 -1 -1
-1 -1 -1 -1 -1 -1 -1 -1 -1
-1 -1 -1 -1 -1 -1
-1 -1 -1 -1 -1 -1 -1
-1 -1 -1 -1 -1 -1
-1 -1 -1 -1 -1 -1
-1 -1 -1 -1 -1 -1 -1
-1 -1 -1 -1 -1 -1
-1 -1 -1 -1 -1
-1 -1 -1 -1 -1
-1 -1 -1 -1 -1 -1 -1
-1 -1 -1 -1 -1 -1 -1 -1
-1 -1 -1 -1 -1 -1 -1 -1 -1
-1 -1 -1 -1 -1 -1 -1 -1
-1 -1 -1 -1 -1 -1 -1
-1 -1 -1 -1 -1 -1 -1 -1
-1 -1 -1 -1 -1 -1 -1 -1 -1
-1 -1 -1 -1 -1 -1 -1
-1 -1 -1 -1 -1 -1
-1 -1 -1 -1 -1 -1 -1 -1 -1
-1 -1 -1 -1 -1 -1 -1 -1
-1 -1 -1 -1 -1 -1 -1 -1
-1 -1 -1 -1 -1 -1 -1 -1
-1 -1 -1 -1 -1
-1 -1 -1 -1 -1 -1 -1
-1 -1 -1 -1 -1 -1 -1
-1 -1 -1 -1 -1 -1
-1 -1 75 -1 -1 -1 -1
-1 -1 75 -1 -1 -1 -1
-1 -1 75 -1 -1 -1 -1 -1
-1 -1 75 -1 -1 -1
-1 -1 75 -1 -1
-1 -1 75 -1 -1 -1
-1 -1 -1 -1 -1 -1 -1
-1 -1 -1 -1 -1 -1 -1 -1
-1 -1 -1 -1 -1 -1 -1 -1
-1 -1 -1 -1 -1
-1 -1 -1 -1 -1 -1 -1 -1 -1 -1
-1 -1 -1 -1 -1 -1 -1 -1 -1 -1 -1
-1 -1 -1 -1 -1 -1 -1
-1 -1 -1 -1 -1 -1
-1 -1 -1 -1 -1 -1 -1 -1
-1 -1 -1 -1 -1 -1 -1 -1
-1 -1 -1 -1 -1 -1 -1
-1 -1 60 -1
-1 -1 60 60 154
-1 -1 60 60 -1
-1 -1 60 60 -1
-1 -1 60 60 -1
-1 -1 60 60 -1
-1 -1 60 -1 -1 -1
-1 -1 60 229 229 -1
-1 -1 60 60 60 60 158
-1 -1 60 224 224
-1 -1 60 184 184
-1 -1 60 113
-1 -1 60 154
-1 -1 60 249
-1 -1 60 158
-1 -1 60 159
-1 -1 60 118
-1 -1 60 194
-1 -1 60 122
-1 -1 60 159
-1 -1 60 196
-1 -1 60 144 144
-1 -1 60 132
-1 -1 60 117 117
-1 -1 60 110
-1 -1 60 279 279
-1 -1 60 193 193 -1 -1
-1 -1 60 139
-1 -1 60 240
-1 -1 60 311
-1 -1 60 159
-1 -1 60 118
-1 -1 60 151
-1 -1 60 122
-1 -1 60 125
-1 -1 60 126
-1 -1 60 134 134 134 -1
-1 -1 60 227 227 227 -1 -1 -1
-1 -1 60 249
-1 -1 60 60 -1
-1 -1 60 60 179
-1 -1 60 60 -1
-1 -1 60 60 -1
-1 -1 60 60 266 -1 -1 -1 -1
-1 -1 60 60 159
-1 -1 60 60 277 277
-1 -1 60 60 159
-1 -1 60 60 277 277
-1 -1 60 159
-1 -1 60 95
-1 -1 60 185 185 185 185
-1 -1 60 145 145
-1 -1 60 159 -1
-1 -1 60 269
-1 -1 60 214
-1 -1 60 219
-1 -1 60 181
-1 -1 60 105
-1 -1 60 126
-1 -1 60 312
-1 -1 60 272 272
-1 -1 60 302 302 -1 -1
-1 -1 60 200 200 -1
-1 -1 60 314 314 -1
-1 -1 60 166 166 -1 -1 -1
-1 -1 60 185 185 185 185
-1 -1 60 145 145
-1 -1 60 122
-1 -1 60 150 150
-1 -1 60 308 308
-1 -1 60 312
-1 -1 60 181
-1 -1 60 126
-1 -1 60 286
-1 -1 60 94
-1 -1 60 217 217
-1 -1 60 185 185 185 185
-1 -1 60 236 236
-1 -1 60 213 213
-1 -1 60 60 103
-1 -1 60 60 308 308
-1 -1 60 60 181
-1 -1 60 60 312
-1 -1 60 60 94
-1 -1 60 60 105
-1 -1 60 60 229 229 -1 -1 -1 -1
-1 -1 60 60 217 217
-1 -1 60 60 202 202 202
-1 -1 60 60 228 228 228 228 -1
-1 -1 60 60 185 185 185 185
-1 -1 60 60 127 127
-1 -1 60 60 145 145
-1 -1 60 60 236 236
-1 -1 60 60 213 213
-1 -1 60 60 116 116 116 116 -1
-1 -1 60 60 166 166 -1 -1 -1
-1 -1 -1 -1 -1 -1 -1 -1 -1 -1
-1 -1 -1
-1 -1 -1 -1 -1 -1
-1 -1 -1
-1 -1 -1 -1 -1
-1 -1 -1 -1 -1 -1 -1
-1 -1 -1 -1 -1 -1
-1 -1 -1 -1 -1
-1 -1 -1 -1 -1 -1
-1 -1 -1 -1
-1 -1 -1 -1 -1
-1 -1 -1 -1 -1 -1 -1 -1
-1 -1 -1 -1 -1 -1
-1 -1 -1 -1 -1 -1
-1 -1 -1 -1 -1
-1 -1 -1
-1 -1 -1 -1
-1 -1 -1 -1
-1 -1 -1 -1
-1 -1 -1 -1
-1 -1 -1 -1 -1
-1 -1 -1 -1 -1 -1
-1 -1 -1 -1 -1 -1
-1 -1 -1 -1 -1 -1 -1
-1 -1 -1 -1 -1
-1 -1 -1 -1 -1 -1 -1 -1 -1 -1
-1 -1 -1 -1 -1
-1 39 39 -1 -1
-1 -1 -1
-1 72 72 146 -1
-1 72 72 -1 -1
-1 72 72 -1 -1 -1
-1 60 -1 -1 -1
-1 60 -1
-1 60 -1 -1
-1 60 -1
-1 60 -1
-1 60 -1
-1 60 -1 -1 -1 -1 -1
-1 60 -1 -1 -1
-1 60 -1 -1 -1
-1 60 -1 -1
-1 60 -1 -1 -1 -1 -1 -1
-1 60 -1 -1 -1 -1 -1 -1 -1
-1 60 -1 -1 -1 -1 -1 -1 -1
-1 60 -1 -1 -1 -1 -1 -1 -1
-1 60 -1 -1 -1 -1 -1 -1 -1
-1 60 -1 -1 -1 -1 -1
-1 60 -1 -1 -1 -1
-1 60 -1 -1 -1 -1
-1 60 -1 -1 -1 -1 -1 -1
-1 60 -1
-1 60 -1 -1 -1
-1 60 -1 -1 -1 -1 -1
-1 60 -1 -1 -1 -1 -1
-1 60 -1 -1 -1 -1 -1 -1 -1
-1 60 -1 -1 -1 -1 -1 -1 -1
-1 60 -1 -1 -1 -1 -1
-1 60 -1 -1 -1 -1 -1
-1 60 -1 -1
-1 60 -1 -1 -1
-1 60 -1 -1 -1
-1 60 -1 -1 -1 -1 -1 -1
-1 60 -1 -1 -1 -1 -1 -1
-1 60 -1 -1 -1 -1 -1
-1 60 -1 -1 -1 -1
-1 60 -1 -1 -1
-1 60 -1 -1 -1
-1 60 -1 -1 -1
-1 60 -1 -1 -1
-1 60 -1 -1 -1 -1 -1 -1
-1 60 -1 -1 -1 -1 -1
-1 60 -1 -1 -1 -1 -1
-1 60 -1 -1 -1
-1 60 -1 -1 -1 -1
-1 60 -1 -1 -1 -1
-1 60 -1 -1 -1 -1 -1
-1 60 -1 -1 -1
-1 60 -1 -1
-1 60 -1
-1 60 289 -1
-1 60 -1
-1 60 -1 -1
-1 60 -1 -1 -1
-1 60 -1 -1
-1 60 -1 -1 -1 -1
-1 60 -1 -1 -1 -1 -1
-1 -1 -1 -1 -1
-1 -1 -1 -1 -1 -1
-1 -1 -1 -1 -1 -1 -1 -1 -1
-1 -1 -1 -1 -1 -1 -1 -1
-1 -1 -1 -1 -1
-1 -1 -1 -1 -1 -1 -1
-1 -1 -1 -1 -1 -1
-1 -1 -1 -1 -1 -1
-1 -1 -1 -1 -1 -1
-1 -1 -1 -1 -1 -1
-1 -1 -1 -1
-1 -1 -1 -1
-1 -1 -1 -1 -1
-1 -1 -1 -1 -1
-1 -1 -1 -1 -1 -1 -1
-1 -1 -1
-1 -1 -1 -1 -1 -1 -1 -1
-1 -1 -1 -1 -1 -1
-1 -1 -1 -1 -1
-1 -1 -1 -1 -1 -1
-1 -1 -1 -1 -1
-1 -1 -1 -1 -1 -1
-1 -1 -1 -1 -1 -1
-1 -1 -1 -1 -1 -1 -1 -1 -1
-1 -1 -1 -1 -1
-1 -1 -1 -1
-1 -1 -1 -1 -1
-1 -1 -1 -1 -1 -1
-1 -1 -1 -1 -1 -1
-1 -1 -1 -1 -1 -1
-1 13 13 -1 -1
-1 13 13 -1 -1
-1 13 13 -1 -1
-1 13 13 -1 -1
-1 -1 -1 -1 -1
-1 70 70 189 -1 -1 -1
-1 70 70 -1 -1
-1 70 70 257
-1 70 70 -1 -1 -1 -1
-1 70 70 155
-1 70 70 -1
-1 70 70 233 233 233
-1 70 70 -1 -1 -1
-1 70 70 -1 -1 -1 -1 -1
-1 70 70 -1 -1 -1 -1 -1
-1 70 70 -1 -1 -1 -1
-1 70 70 119
-1 70 70 182 182 182 -1 -1
-1 70 70 -1 -1 -1
-1 70 70 -1 -1 -1
-1 70 70 -1
-1 70 70 -1 -1 -1
-1 70 70 -1 -1 -1
-1 70 294 -1 -1
-1 70 70 140 140 140 -1
-1 70 70 319 319 -1
-1 70 70 104 -1
-1 70 70 294 -1 -1 -1
-1 -1 -1 -1
-1 -1 -1 -1 -1
-1 -1 -1 -1 -1 -1 -1
-1 -1 -1 -1 -1
-1 -1 -1 -1 -1 -1
-1 -1 -1 -1 -1
-1 -1 -1 -1 -1 -1
-1 -1 -1 -1 -1 -1
-1 -1 -1 -1 -1 -1
-1 -1 -1 -1 -1
-1 -1 -1 -1
-1 -1 -1 -1 -1 -1 -1
-1 -1 -1 -1 -1 -1
-1 -1 -1 -1 -1 -1 -1
-1 -1 -1 -1 -1 -1 -1 -1
-1 -1 -1 -1 -1 -1 -1 -1 -1
-1 -1 -1 -1 -1 -1 -1 -1 -1 -1
-1 -1 -1 -1 -1 -1 -1 -1 -1
-1 -1 -1 -1 -1 -1 -1 -1 -1
-1 -1 -1 -1 -1
-1 -1 -1 -1
-1 -1 -1 -1
-1 -1 -1 -1 -1
-1 -1 -1 -1
-1 -1 -1 -1 -1
-1 -1 -1 -1 -1
-1 -1 -1 -1 -1
-1 -1 -1 -1
-1 -1 -1
-1 -1 -1
-1 -1 -1 -1
-1 -1 -1 -1 -1
-1 -1 -1 -1
-1 -1 -1 -1 -1 -1
-1 -1 -1 -1 -1 -1 -1
-1 -1 -1 -1 -1
-1 -1 -1
-1 -1 -1 -1 -1
-1 -1 -1 -1 -1 -1
-1 -1 -1 -1 -1
-1 -1 -1 -1 -1 -1
-1 -1 -1 -1 -1 -1
-1 -1 -1 -1 -1 -1
-1 -1 -1 -1
-1 -1 -1 -1
-1 -1 -1 -1
-1 -1 -1 -1 -1
-1 -1 -1 -1 -1 -1 -1
-1 -1 -1 -1 -1 -1
-1 -1 -1 -1
-1 -1 -1 -1
-1 -1 -1 -1 -1
-1 -1 -1 -1 -1 -1
-1 -1 -1 -1 -1
-1 -1
-1 -1 -1 -1 -1
-1 -1 -1 -1
-1 -1 -1 -1 -1 -1 -1
-1 -1 -1 -1 -1 -1 -1
-1 -1 -1 -1 -1 -1 -1 -1 -1
-1 -1 -1 -1 -1 -1 -1
-1 -1 -1 -1 -1 -1 -1
-1 -1 -1 -1 -1
-1 -1 -1 -1 -1
-1 -1 -1 -1 -1
-1 -1 -1 -1 -1
-1 16 16 -1 -1
-1 16 16 -1
-1 16 16 -1
-1 16 16 -1 -1 -1 -1
-1 16 16 114
-1 16 16 152
-1 16 16 -1
-1 16 16 298
-1 16 16 -1
-1 16 16 -1
-1 16 16 -1 -1 -1
-1 16 16 -1 -1
-1 16 16 -1 -1 -1
-1 16 16 -1 -1 -1 -1
-1 16 16 -1 -1 -1 -1 -1
-1 16 16 -1 -1 -1 -1
-1 16 16 -1 -1
-1 16 16 -1 -1 -1 -1
-1 16 16 -1 -1 -1 -1 -1
-1 16 16 -1 -1
-1 16 16 -1 -1 -1 -1 -1
-1 16 16 -1 -1 -1
-1 16 16 -1
-1 16 16 -1
-1 16 16 -1 -1
-1 16 16 -1 -1 -1 -1 -1 -1 -1
-1 16 16 -1 -1 -1 -1 -1 -1
-1 16 16 -1 -1
-1 16 16 -1 -1
-1 16 16 -1 -1 -1 -1
-1 16 16 114
-1 16 16 152
-1 16 16 -1
-1 16 16 -1 -1
-1 16 16 -1 -1
-1 16 16 -1 -1
-1 -1 -1 -1 -1 -1 -1
-1 16 16 -1
-1 16 -1
-1 16 16 298
-1 16 16 -1
-1 16 16 -1
-1 16 16 96
-1 -1 -1 -1 -1 -1 -1
-1 -1 -1 -1 -1 -1 -1
-1 -1 -1 -1
-1 -1 -1 -1 -1 -1
-1 -1 -1 -1
-1 29 29 -1 -1 -1 -1 -1
-1 64 -1 -1 -1
-1 64 -1 -1 -1 -1
-1 64 -1 -1 -1
-1 64 -1 -1 -1
-1 64 -1
-1 64 -1
-1 64 -1
-1 64 -1
-1 64 305
-1 64 -1
-1 64 -1
-1 64 -1 -1
-1 64 -1 -1
-1 64 -1 -1
-1 64 -1 -1
-1 64 -1 -1
-1 64 -1 -1
-1 64 -1 -1
-1 64 -1 -1
-1 64 -1 -1
-1 64 -1 -1
-1 64 -1
-1 64 -1
-1 64 -1 -1
-1 64 -1 -1
-1 64 -1 -1
-1 64 -1 -1 -1
-1 64 -1
-1 64 -1 -1 -1
-1 64 -1 -1 -1 -1
-1 -1 -1 -1 -1 -1 -1
-1 -1 -1
-1 -1
-1 -1
-1 -1
-1 -1 -1 -1 -1
-1 -1 -1 -1
-1 -1 -1 -1
-1 -1 -1 -1
-1 -1 -1
-1 -1 -1 -1 -1
-1 -1
-1 -1 -1
-1 -1 -1 -1
-1 -1 -1 -1
-1 -1 -1 -1 -1
-1 -1 -1 -1 -1
-1 -1 -1 -1 -1
-1 -1 -1 -1 -1
-1 -1 -1 -1 -1
-1 -1 -1 -1 -1 -1
-1 -1 -1 -1 -1
-1 -1 -1
-1 -1 68 68 68 -1 -1 -1
-1 -1 68 68 68 -1 -1
-1 -1 68 68 68 -1 -1 -1
-1 -1 68 68 68 -1 -1 -1
-1 -1 68 68 68 -1 -1
-1 -1 68 68 68 -1
-1 -1 68 68 68 -1 -1
-1 -1 68 68 68 -1
-1 -1 68 68 68 -1
-1 -1 68 68 68 -1 -1 -1 -1
-1 -1 68 68 68 -1 -1
-1 -1 68 68 68 -1 -1 -1 -1
-1 -1 68 68 68 -1 -1 -1 -1
-1 -1 68 68 68 -1 -1 -1
-1 -1 68 68 68 -1
-1 -1 68 68 68 -1 -1
-1 -1 64 64 -1
-1 -1 64 64 -1 -1
-1 -1 64 64 -1
-1 -1 64 64 305
-1 -1 64 64 -1 -1
-1 -1 64 64 254 254 -1 -1
-1 -1 64 64 -1 -1 -1
-1 -1 68 68 -1 -1 -1
-1 -1 68 68 -1 -1 -1
-1 -1 68 68 -1 -1 -1 -1 -1 -1 -1 -1
-1 -1 36 -1 -1 -1
-1 -1 46 -1 -1 -1 -1 -1
-1 -1 36 -1 -1 -1
-1 -1 36 -1 -1 -1
-1 -1 36 -1 -1 -1 -1
-1 -1 -1 -1 -1
-1 -1 -1 -1 -1 -1
-1 -1 -1 -1 -1 -1 -1 -1
-1 -1 -1 -1 -1 -1
-1 -1 -1 -1 -1 -1 -1 -1
-1 -1 -1 -1 -1
-1 -1 -1 -1 -1 -1 -1 -1 -1 -1
-1 -1 -1 -1 -1 -1 -1 -1 -1
-1 -1 -1 -1 -1
-1 -1 58 58 -1 -1
-1 -1 58 58 -1 -1 -1
-1 -1 20 265 -1 -1 -1 -1
-1 -1 20 -1 -1
-1 -1 20 -1 -1 -1 -1
-1 -1 20 -1 -1
-1 -1 20 -1 -1 -1
-1 -1 20 -1 -1
-1 -1 20 -1 -1 -1
-1 -1 20 -1
-1 -1 20 -1
-1 -1 20 -1 -1 -1
-1 -1 20 -1
-1 -1 20 -1
-1 -1 20 -1
-1 -1 20 -1
-1 -1 20 -1
-1 -1 20 -1
-1 -1 20 -1
-1 -1 20 -1
-1 -1 20 -1 -1
-1 -1 20 -1 -1 -1
-1 -1 20 -1 -1 -1 -1
-1 -1 20 -1 -1 -1
-1 -1 20 -1 -1 -1
-1 -1 20 -1 -1 -1
-1 -1 20 -1 -1 -1
-1 -1 20 -1 -1 -1
-1 -1 20 -1 -1
-1 -1 20 20 265 -1 -1 -1 -1
-1 -1 20 20 -1 -1 -1
-1 -1 20 20 -1 -1 -1 -1
-1 -1 20 20 -1 -1 -1
-1 -1 20 20 -1 -1 -1
-1 -1 20 20 -1 -1
-1 -1 20 20 -1 -1
-1 -1 20 20 -1 -1 -1 -1
-1 -1 20 20 -1 -1 -1 -1 -1 -1
-1 -1 20 20 -1 -1
-1 -1 20 20 -1 -1 -1
-1 -1 20 20 -1 -1 -1
-1 -1 20 20 -1 -1 -1 -1 -1
-1 -1 20 20 -1 -1 -1
-1 -1 20 20 -1 -1 -1 -1
-1 -1 20 20 -1 -1 -1 -1 -1 -1
-1 -1 20 20 -1 -1 -1 -1 -1 -1
-1 -1 20 20 -1 -1 -1
-1 -1 20 20 129 -1 -1
-1 -1 20 20 274 -1 -1 -1 -1
-1 -1 20 20 -1
-1 -1 20 20 -1
-1 -1 -1 -1 -1 -1 -1 -1
-1 -1 -1 -1 -1 -1 -1 -1
-1 -1 -1 -1 -1 -1 -1
-1 -1 -1 -1 -1 -1 -1
-1 -1 -1 -1 -1 -1 -1
-1 -1 65 65 65 65 259 -1
-1 -1 2 2 2 263 -1 -1
-1 -1 65 65 65 259 -1
-1 -1 65 65 65 259 -1
-1 -1 65 65 65 65 65 259 -1
-1 -1 65 65 65 65 65 259 -1
-1 -1 65 65 65 65 65 259 -1
-1 -1 65 65 65 65 65 259 -1
-1 -1 -1 -1 -1
-1 -1 -1 -1 -1 -1 -1
-1 -1 -1 -1 -1
-1 -1 -1 -1 -1 -1
-1 -1 -1 -1 -1
-1 -1 -1 -1 -1 -1 -1
-1 -1 -1 -1 -1 -1 -1 -1
-1 -1 -1 -1 -1 -1 -1
-1 -1 -1 -1 -1 -1 -1
-1 -1 -1 -1 -1
-1 -1 -1 -1 -1 -1
-1 -1 -1 -1 -1 -1 -1
-1 -1 -1 -1 -1 -1 -1
-1 -1 -1 -1 -1 -1 -1
-1 -1 -1 -1 -1 -1 -1 -1
-1 -1 -1 -1 -1 -1 -1 -1
-1 -1 -1 -1 -1 -1 -1 -1
-1 -1 -1 -1 -1 -1 -1 -1
-1 -1 -1 -1 -1 -1 -1 -1 -1
-1 -1 -1 -1 -1 -1 -1
-1 -1 -1 -1 -1 -1
-1 -1 -1 -1 -1
-1 -1 -1 -1
-1 -1 -1
-1 -1 -1
-1 -1 -1 -1 -1
-1 -1 -1 -1 -1 -1
-1 -1 -1 -1 -1 -1
-1 -1 -1 -1 -1
-1 -1 -1 -1 -1 -1 -1 -1 -1
-1 -1 -1 -1 -1
-1 -1 -1 -1 -1
-1 -1 -1 -1 -1
-1 -1 -1 -1 -1
-1 -1 -1 -1 -1 -1 -1
-1 -1 -1 -1 -1
-1 -1 -1 -1 -1
-1 -1 -1 -1
-1 -1 -1 -1 -1 -1 -1 -1
-1 77 -1
-1 77 -1
-1 77 -1
-1 77 89
-1 77 89
-1 82 82 -1 -1
-1 82 82 -1
-1 82 82 -1 -1 -1 -1
-1 82 82 82 -1 -1 -1
-1 82 82 82 205 -1 -1
-1 82 169 169 -1
-1 82 -1 -1 -1
-1 82 169 169 -1
-1 82 205 -1 -1
-1 82 169 169 -1 -1
-1 82 -1 -1 -1
-1 82 169 169 -1
-1 82 169 169 -1
-1 82 169 169 -1 -1
-1 82 -1 -1 -1 -1 -1
-1 82 205 -1 -1
-1 82 169 169 -1 -1
-1 82 -1 -1 -1
-1 82 205 -1 -1
-1 82 169 169 -1 -1
-1 82 -1 -1 -1
-1 82 -1 -1 -1 -1
-1 -1 -1 -1
-1 63 63 109 -1
-1 63 63 143 143 -1 -1 -1
-1 63 63 156 -1
-1 63 63 285 285 -1
-1 63 63 253 -1 -1
-1 63 63 258 258 258 258 -1 -1
-1 63 63 296 296 296 296 -1 -1 -1
-1 63 63 99 99 99 -1 -1
-1 77 -1
-1 77 -1
-1 77 -1 -1
-1 77 -1 -1
-1 77 -1 -1
-1 77 -1 -1 -1
-1 77 -1 -1
-1 77 -1
-1 77 -1 -1
-1 77 -1
-1 77 -1
-1 77 -1
-1 77 -1
-1 77 -1
-1 77 89
-1 77 -1 -1 -1
-1 77 220 220
-1 77 220 220 -1
-1 77 -1 -1 -1 -1
-1 77 290
-1 77 -1 -1 -1
-1 77 -1 -1
-1 77 -1
-1 77 -1 -1
-1 77 -1 -1
-1 77 -1 -1 -1 -1
-1 77 -1 -1 -1
-1 77 -1 -1 -1 -1
-1 77 -1 -1 -1 -1 -1
-1 77 -1 -1 -1
-1 77 -1 -1 -1 -1 -1
-1 77 -1 -1 -1
-1 63 63 63 275 -1
-1 63 63 63 -1 -1 -1 -1 -1 -1
-1 63 63 63 -1 -1 -1 -1 -1 -1 -1
-1 63 63 63 -1 -1 -1 -1
-1 63 63 63 -1 -1 -1 -1
-1 63 63 63 -1 -1 -1 -1
-1 63 63 63 -1 -1 -1 -1 -1
-1 -1 -1
-1 -1 -1 -1 -1 -1
-1 -1 -1 -1 -1 -1
-1 -1 -1 -1 -1 -1 -1 -1
-1 40 -1 -1 -1
-1 40 206
-1 -1 -1 -1 -1 -1 -1 -1 -1
-1 -1 -1 -1 -1 -1 -1 -1
-1 -1 -1 -1 -1 -1 -1
-1 -1 -1 -1 -1 -1 -1 -1 -1
-1 -1 -1 -1 -1 -1 -1 -1 -1 -1
-1 40 206 -1 -1 -1 -1
-1 40 40 206 -1 -1 -1 -1
-1 -1 -1 -1 -1 -1
-1 -1 -1 -1
-1 -1 -1 -1 -1 -1 -1
-1 -1 -1 -1 -1 -1 -1
-1 -1 -1 -1 -1 -1
-1 -1 -1 -1 -1
-1 -1 -1 -1 -1
-1 -1 -1 -1 -1
-1 77 89
-1 77 77 -1 -1
-1 77 77 -1 -1
-1 77 77 290 -1 -1 -1 -1
-1 77 220 220
-1 77 290
-1 -1 -1 -1 -1
-1 -1 -1 -1 -1 -1
-1 85 85 292 -1 -1 -1 -1
-1 85 85 170 170 -1 -1 -1 -1
-1 85 85 85 292 -1 -1 -1 -1
-1 85 85 85 170 170 -1 -1 -1 -1
-1 85 85 85 85 292 -1 -1 -1 -1
-1 85 85 85 85 170 170 -1 -1 -1 -1
-1 85 85 85 85 292 -1 -1 -1 -1
-1 85 85 85 85 170 170 -1 -1 -1 -1
-1 85 85 292 -1 -1 -1 -1
-1 85 85 170 170 -1 -1 -1 -1
-1 54 -1
-1 54 -1
-1 54 -1 -1
-1 54 209 -1 -1 -1
-1 54 209 -1 -1 -1
-1 -1 -1 -1 -1 -1 -1 -1
-1 12 12 -1
-1 8 8 273 -1 -1 -1
-1 -1 -1 -1 -1 -1 -1 -1
-1 -1 -1 -1 -1 -1 -1
-1 -1 -1 -1
-1 -1 -1 -1 -1
-1 -1 -1 -1 -1
-1 -1 -1 -1 -1 -1
-1 -1 -1 -1 -1 -1
-1 77 77 -1 -1 -1 -1 -1
-1 77 290 -1 -1 -1 -1
-1 -1 -1
-1 57 -1
-1 57 247
-1 57 281
-1 57 175
-1 57 -1
-1 57 -1 -1
-1 57 -1
-1 57 -1 -1
-1 57 -1
-1 57 -1 -1
-1 57 195
-1 57 195 -1
-1 57 131
-1 57 131 -1
-1 57 -1
-1 57 191 -1 -1 -1 -1
-1 57 -1 -1
-1 57 -1 -1
-1 57 -1 -1 -1 -1
-1 57 -1 -1 -1 -1 -1
-1 57 -1 -1 -1 -1 -1
-1 85 85 222 222 -1
-1 85 292 -1 -1 -1 -1
-1 85 170 170 -1 -1 -1 -1
-1 85 85 292 -1 -1 -1 -1
-1 85 85 170 170 -1 -1 -1 -1
-1 78 221 221 -1
-1 78 291 -1 -1 -1 -1
-1 78 171 171 -1 -1 -1 -1
-1 85 85 85 292 -1 -1
-1 85 85 85 170 170 -1 -1
-1 85 85 85 91
-1 85 292 -1 -1 -1 -1
-1 85 292 -1 -1 -1 -1
-1 85 170 170 -1 -1 -1 -1
-1 85 292 -1 -1 -1
-1 85 170 170 -1 -1 -1
-1 78 291 -1 -1 -1 -1
-1 78 171 171 -1 -1 -1 -1
-1 85 292 -1 -1 -1 -1
-1 85 170 170 -1 -1 -1 -1
-1 85 222 222 -1
-1 85 292 -1 -1
-1 85 170 170 -1 -1
-1 78 291 -1 -1 -1
-1 78 291 -1 -1 -1 -1
-1 78 221 221
-1 78 291 -1 -1 -1 -1
-1 78 221 221
-1 78 291 -1 -1 -1 -1
-1 78 221 221
-1 85 292 -1 -1 -1 -1
-1 85 170 170 -1 -1 -1 -1
-1 85 222 222
-1 78 291 -1 -1 -1 -1
-1 78 221 221
-1 85 292 -1 -1 -1 -1
-1 85 222 222
-1 78 78 291 -1 -1 -1 -1
-1 78 78 221 221
-1 85 85 292 -1 -1 -1 -1
-1 85 85 222 222 -1
-1 78 78 291 -1 -1 -1 -1
-1 78 78 291 -1 -1 -1 -1
-1 85 292 -1 -1 -1 -1
-1 85 170 170 -1 -1 -1 -1
-1 78 291 -1 -1 -1 -1
-1 78 171 171 -1 -1 -1 -1
-1 78 291 -1 -1 -1 -1
-1 -1 -1 -1 -1
-1 57 57 121 121 -1
-1 57 57 57 121 121 -1
-1 57 57 57 57 121 121 -1
-1 57 57 57 121 121 -1
-1 57 57 57 121 121 -1
-1 57 57 121 121 -1
-1 79 79 79 -1
-1 79 79 79 138
-1 79 79 79 -1 -1
-1 79 79 79 -1
-1 79 79 79 -1 -1
-1 79 79 79 -1 -1 -1
-1 79 79 79 -1 -1 -1 -1
-1 79 79 79 -1 -1 -1
-1 79 79 79 -1 -1 -1 -1
-1 79 79 79 -1 -1 -1 -1 -1
-1 79 79 79 -1 -1 -1 -1
-1 79 79 79 -1 -1
-1 79 79 79 -1 -1 -1
-1 79 79 79 -1 -1
-1 79 79 79 276
-1 79 79 79 301 -1
-1 79 79 79 -1 -1
-1 79 79 79 -1 -1 -1
-1 79 79 79 -1
-1 79 79 79 -1
-1 -1 -1 -1
-1 -1 -1 -1 -1
-1 -1 -1 -1 -1
-1 -1 -1 -1 -1
-1 -1 -1 -1 -1 -1 -1 -1
-1 -1 -1 -1 -1 -1 -1 -1
-1 -1 -1 -1 -1 -1 -1 -1
-1 -1 -1 -1 -1 -1 -1
-1 -1 -1 -1 -1 -1
-1 -1 -1 -1 -1
-1 -1 -1 -1 -1 -1 -1 -1 -1 -1
-1 -1 -1 -1 -1 -1
-1 -1 -1 -1 -1 -1 -1 -1
-1 86 86 -1 -1
-1 86 86 -1 -1
-1 86 86 208 -1 -1
-1 86 86 -1 -1 -1
-1 9 -1 -1 -1 -1 -1
-1 9 -1
-1 9 -1
-1 9 -1
-1 9 -1 -1
-1 9 -1 -1 -1 -1 -1 -1
-1 9 -1 -1 -1 -1
-1 9 -1 -1 -1 -1 -1
-1 9 -1 -1 -1
-1 9 -1 -1
-1 -1 -1 -1 -1 -1
-1 -1 -1 -1
-1 -1 -1
-1 -1 -1 -1
-1 -1 -1 -1 -1 -1 -1 -1
-1 -1 -1 -1 -1 -1 -1 -1
-1 -1 -1 -1 -1 -1 -1 -1
-1 -1 -1 -1 -1 -1 -1 -1
-1 -1 -1 -1 -1 -1 -1
-1 -1 -1 -1
-1 77 77 149 -1
-1 77 77 115
-1 77 77 -1 -1 -1 -1
-1 -1 -1 -1
-1 -1 -1 -1 -1
-1 -1 -1 -1 -1
-1 -1 -1 -1 -1
-1 -1 -1 -1 -1
-1 -1 -1 -1 -1 -1 -1
-1 -1 -1 -1 -1 -1
-1 -1 -1 -1 -1
-1 -1 -1 -1 -1 -1 -1
-1 -1 -1 -1 -1 -1 -1
-1 -1 -1 -1 -1 -1 -1
-1 -1 -1 -1 -1 -1 -1
-1 -1 -1 -1 -1 -1 -1
-1 -1 -1 -1 -1
-1 -1 -1 -1 -1
-1 -1 -1 -1 -1
-1 -1 -1 -1 -1
-1 -1 -1 -1 -1
-1 -1 -1 -1 -1
-1 -1 -1 -1 -1
-1 -1 -1 -1 -1 -1 -1 -1
-1 -1 -1 -1 -1 -1 -1 -1
-1 -1 -1 -1 -1 -1 -1 -1
-1 -1 -1 -1 -1 -1 -1
-1 -1 -1 -1 -1 -1 -1
-1 -1 -1
-1 -1 -1 -1 -1 -1
-1 -1 -1 -1
-1 -1 -1 -1 -1 -1
-1 -1 -1 -1 -1 -1
-1 -1 -1 -1 -1 -1
-1 -1 -1 -1 -1 -1
-1 -1 -1 -1
-1 -1 -1 -1
-1 -1 -1 -1 -1 -1 -1 -1 -1
-1 -1 -1 -1 -1 -1 -1 -1 -1
-1 -1 -1 -1 -1 -1 -1
-1 -1 -1 -1 -1 -1 -1 -1
-1 -1 -1 -1 -1 -1 -1
-1 -1 -1 -1 -1 -1 -1 -1 -1
-1 -1 -1 -1
-1 -1 -1 -1
-1 -1 -1 -1 -1 -1
-1 -1 -1 -1
-1 -1 -1 -1
-1 -1 -1 -1
-1 -1 -1 -1
-1 -1 -1 -1 -1
-1 -1 -1 -1 -1 -1
-1 -1 -1 -1 -1 -1 -1
-1 -1 -1 -1
-1 -1 -1 -1
-1 -1 -1 -1
-1 -1 -1 -1
-1 -1 -1 -1 -1
-1 -1 -1 -1
-1 -1 -1 -1 -1 -1 -1 -1 -1
-1 -1 -1 -1 -1 -1 -1 -1
-1 -1 -1 -1 -1 -1 -1
-1 -1 -1 -1 -1 -1 -1 -1
-1 -1 -1 -1 -1 -1 -1
-1 -1 -1 -1 -1 -1
-1 -1 -1 -1 -1 -1 -1
-1 -1 -1 -1 -1 -1 -1
-1 -1 -1 -1 -1 -1 -1
-1 -1 -1 -1
-1 -1 -1
-1 -1 -1 -1 -1 -1
-1 -1 -1
-1 -1 -1 -1 -1
-1 -1 -1
-1 -1 -1 -1 -1 -1 -1 -1 -1
-1 79 79 -1 -1
-1 79 79 -1 -1 -1 -1
-1 79 79 -1 -1 -1 -1
-1 79 79 301 -1
-1 79 79 276
-1 79 79 -1 -1 -1
-1 79 79 -1 -1 -1 -1
-1 79 79 -1 -1
-1 79 79 -1 -1 -1
-1 79 79 -1 -1 -1 -1
-1 79 79 -1 -1 -1 -1 -1 -1
-1 79 79 -1 -1 -1 -1 -1 -1
-1 79 79 -1 -1 -1 -1 -1
-1 79 79 -1 -1 -1 -1 -1
-1 79 79 -1 -1 -1
-1 79 79 -1 -1 -1
-1 79 79 -1 -1 -1 -1
-1 79 79 -1 -1 -1 -1 -1
-1 79 79 -1 -1 -1 -1 -1 -1
-1 79 79 -1 -1 -1 -1 -1
-1 79 79 -1 -1 -1 -1 -1
-1 -1 -1 -1 -1
-1 -1 -1 -1 -1
-1 -1 -1 -1 -1
-1 -1 -1 -1 -1 -1 -1 -1
-1 -1 -1 -1 -1 -1 -1
-1 -1 -1 -1 -1
-1 79 79 -1
-1 79 79 -1 -1
-1 79 79 283
-1 79 79 -1
-1 79 79 -1
-1 79 79 201 -1
-1 79 79 271 -1
-1 79 79 -1
-1 79 79 -1
-1 79 79 -1
-1 79 79 -1 -1 -1
-1 79 79 310 -1
-1 79 79 201 -1
-1 79 79 271 -1
-1 79 79 79 -1
-1 79 79 79 -1
-1 79 79 79 -1 -1
-1 79 79 79 -1 -1 -1 -1
-1 79 79 79 271 -1
-1 79 79 -1
-1 79 79 -1
-1 79 79 -1
-1 79 79 -1 -1
-1 79 79 -1 -1 -1 -1
-1 79 79 79 -1
-1 79 79 79 -1
-1 79 79 79 -1
-1 79 79 79 -1 -1
-1 79 79 79 -1 -1 -1 -1
-1 79 79 -1
-1 79 79 -1
-1 79 79 -1
-1 79 79 -1 -1 -1 -1
-1 79 79 -1 -1
-1 -1 79 -1 -1
-1 -1 79 79 -1
-1 -1 79 79 -1
-1 -1 -1 -1 -1 -1
-1 -1 79 -1 -1 -1
-1 -1 79 79 -1 -1 -1 -1
-1 -1 -1 -1 -1 -1
-1 -1 -1 -1 -1 -1
-1 -1 -1 -1 -1 -1
-1 -1 -1 -1 -1 -1
-1 -1 -1 -1 -1 -1
-1 -1 -1 -1 -1
-1 -1 -1 -1 -1
-1 -1 -1 -1 -1 -1
-1 -1 -1 -1
-1 -1 -1 -1 -1 -1
-1 -1 -1 -1 -1 -1
-1 -1 -1 -1 -1 -1
-1 -1 -1 -1 -1 -1 -1
-1 -1 79 -1 -1 -1 -1
-1 64 186
-1 64 -1
-1 64 153
-1 64 -1
-1 64 230
-1 64 -1
-1 64 178
-1 64 -1
-1 64 305
-1 64 305
-1 -1 -1
-1 -1 -1 -1 -1
-1 -1 -1 -1
-1 24 24 24 -1 -1
-1 -1 -1 -1 -1 -1 -1
-1 -1 -1 -1 -1
-1 -1 -1 -1 -1
-1 -1 -1 -1 -1
-1 -1 -1 -1 -1 -1
-1 -1 -1 -1
-1 -1 -1 -1
-1 -1 -1 -1 -1 -1
-1 -1 -1 -1 -1
-1 -1 -1 -1 -1
-1 -1 -1 -1
-1 -1 -1 -1 -1 -1 -1
-1 -1 -1 -1 -1 -1 -1
-1 -1 -1 -1 -1 -1 -1
-1 -1 -1 -1 -1 -1 -1 -1
-1 -1 -1 -1 -1 -1 -1
-1 -1 -1 -1 -1 -1 -1 -1
-1 -1 -1 -1 -1 -1 -1
-1 84 84 -1 -1 -1 -1 -1
-1 84 84 -1 -1 -1
-1 84 84 -1 -1 -1 -1
-1 84 84 -1 -1 -1 -1
-1 -1 -1 -1 -1 -1
-1 -1 -1 -1 -1 -1
-1 -1 -1 -1 -1 -1
-1 -1 -1 -1 -1 -1 -1
-1 -1 -1 -1 -1
-1 -1 -1 -1 -1
-1 -1 -1 -1 -1
-1 -1 -1 -1 -1
-1 -1 -1 -1 -1 -1
-1 -1 -1 -1 -1 -1
-1 -1 -1 -1 -1
-1 -1 -1 -1 -1 -1
-1 -1 -1 -1
-1 -1 -1 -1 -1 -1 -1
-1 -1 -1 -1 -1 -1 -1 -1
-1 -1 -1 -1 -1 -1 -1 -1
-1 -1 -1 -1 -1 -1 -1 -1
-1 -1 -1 -1 -1 -1 -1 -1
-1 -1 -1 -1 -1 -1 -1
-1 -1 -1 -1 -1 -1
-1 -1 -1 -1 -1 -1 -1
-1 -1 -1 -1 -1 -1 -1
-1 -1 -1 -1 -1 -1 -1
-1 -1 -1 -1 -1 -1 -1 -1 -1 -1
-1 -1 -1 -1 -1 -1
-1 -1 -1 -1 -1 -1 -1 -1
-1 -1 -1 -1 -1 -1 -1 -1
-1 -1 -1 -1 -1 -1 -1
-1 -1 -1 -1
-1 -1 -1 -1 -1 -1
-1 -1 -1 -1 -1 -1 -1 -1 -1
-1 -1 -1 -1 -1 -1 -1 -1 -1
-1 -1 -1 -1 -1 -1 -1 -1 -1
-1 -1 -1 -1 -1 -1 -1
-1 -1 -1 -1 -1 -1 -1 -1 -1
-1 -1 -1 -1 -1 -1 -1 -1 -1
-1 -1 -1 -1 -1 -1 -1 -1
-1 -1 -1 -1 -1 -1 -1 -1 -1
-1 -1 -1 -1 -1 -1 -1 -1
-1 -1 -1 -1 -1 -1 -1 -1 -1
-1 -1 -1 -1 -1 -1 -1 -1 -1
-1 -1 -1 -1 -1 -1 -1 -1 -1
-1 -1 -1 -1 -1 -1 -1 -1 -1
-1 -1 -1 -1 -1 -1 -1 -1 -1
-1 -1 -1 -1 -1 -1 -1 -1
-1 -1 -1 -1 -1
-1 -1 -1 -1 -1 -1 -1 -1
-1 -1 -1 -1 -1 -1 -1 -1 -1
-1 53 -1
-1 53 -1
-1 53 -1
-1 53 -1
-1 53 -1
-1 53 -1
-1 53 -1
-1 53 -1
-1 53 -1
-1 53 -1
-1 53 -1 -1 -1
-1 53 -1 -1
-1 53 -1
-1 53 -1 -1
-1 53 -1 -1
-1 53 -1 -1
-1 53 -1
-1 53 -1
-1 53 -1
-1 53 165 -1
-1 53 -1 -1
-1 53 -1 -1
-1 53 -1 -1
-1 53 -1 -1
-1 53 -1 -1
-1 53 -1 -1
-1 53 -1 -1
-1 53 -1 -1
-1 53 -1 -1
-1 53 -1 -1 -1 -1
-1 53 -1 -1 -1
-1 53 93 93 93 -1
-1 53 160 -1
-1 53 92 92 -1
-1 53 -1 -1 -1 -1 -1
-1 53 -1 -1
-1 53 -1 -1 -1 -1
-1 53 -1 -1 -1 -1 -1
-1 53 -1 -1
-1 53 -1 -1 -1 -1
-1 53 -1 -1
-1 53 -1 -1 -1
-1 53 -1 -1 -1
-1 53 -1 -1 -1
-1 53 -1 -1
-1 53 -1 -1 -1
-1 53 -1 -1 -1
-1 53 -1 -1 -1 -1 -1
-1 53 -1 -1 -1 -1
-1 53 -1 -1 -1 -1 -1 -1
-1 53 -1 -1 -1 -1
-1 53 -1 -1 -1
-1 53 -1 -1 -1 -1 -1 -1
-1 53 -1 -1 -1
-1 53 -1 -1
-1 53 -1 -1 -1
-1 53 -1 -1 -1 -1
-1 53 -1 -1 -1 -1 -1
-1 53 -1 -1 -1 -1 -1
-1 53 -1 -1 -1 -1 -1
-1 53 -1 -1 -1 -1 -1
-1 53 53 165 -1
-1 53 53 93 93 93 -1
-1 53 53 160 -1
-1 53 53 92 92 -1
-1 53 53 53 160 -1
-1 53 53 53 92 92 -1
-1 53 53 -1
-1 53 53 165 -1
-1 53 53 93 93 93 -1
-1 53 53 160 -1
-1 53 53 92 92 -1
-1 53 53 160 -1
-1 53 53 92 92 -1
-1 53 53 -1
-1 53 53 -1
-1 53 53 165 -1
-1 53 53 93 93 93 -1
-1 53 53 -1
-1 53 53 -1
-1 53 53 -1
-1 53 53 165 -1
-1 53 53 93 93 93 -1
-1 53 53 -1
-1 53 53 -1
-1 53 53 165 -1
-1 53 53 93 93 93 -1
-1 -1 -1 -1 -1 -1
-1 -1 -1 -1 -1
-1 44 44 -1 -1 -1 -1 -1
-1 -1 -1 -1 -1 -1 -1 -1
-1 -1 -1 -1 -1
-1 -1 -1 -1 -1
-1 -1 -1
-1 -1 -1 -1 -1 -1 -1 -1
-1 -1 -1 -1 -1 -1
-1 -1 -1 -1 -1 -1
-1 -1 -1 -1 -1 -1
-1 -1 -1 -1 -1 -1 -1
-1 -1 -1 -1 -1 -1
-1 -1 -1 -1
-1 -1 -1 -1 -1 -1 -1 -1
-1 -1 -1 -1 -1 -1 -1 -1
-1 1 187
-1 1 -1
-1 1 -1 -1
-1 1 -1 -1 -1
-1 1 -1 -1 -1 -1 -1 -1
-1 1 -1 -1 -1 -1 -1 -1
-1 1 -1 -1 -1
-1 1 -1 -1 -1 -1 -1 -1 -1
-1 1 -1 -1 -1 -1 -1
-1 1 -1 -1 -1 -1
-1 1 -1 -1 -1 -1 -1
-1 1 -1 -1 -1
-1 1 -1 -1 -1 -1
-1 1 -1 -1 -1 -1
-1 1 -1 -1 -1 -1
-1 1 -1 -1 -1 -1
-1 1 -1 -1 -1 -1 -1 -1 -1
-1 1 107
-1 1 -1 -1 -1
-1 1 256
-1 1 -1 -1
-1 1 -1 -1 -1
-1 1 -1 -1 -1
-1 1 -1 -1 -1
-1 1 -1 -1 -1
-1 1 -1
-1 1 -1 -1 -1
-1 -1 -1 -1 -1 -1
-1 -1 -1 -1 -1 -1 -1 -1
-1 -1 -1
-1 -1 -1 -1
-1 -1 -1
-1 -1 -1 -1
-1 -1 -1 -1 -1
-1 -1 -1 -1 -1
-1 -1 -1 -1 -1 -1 -1
-1 -1 -1
-1 -1 -1 -1 -1
-1 -1 -1 -1
-1 -1 -1 -1 -1
-1 -1 -1 -1 -1
-1 -1 -1 -1 -1 -1
-1 -1 -1 -1 -1 -1 -1
-1 -1 -1 -1 -1 -1 -1 -1
-1 -1 -1 -1 -1 -1 -1
-1 -1 -1 -1 -1 -1 -1 -1
-1 -1 -1 -1
-1 -1 -1 -1
-1 -1 -1 -1
-1 -1 -1 -1
-1 44 44 -1 -1
-1 44 44 -1 -1 -1
-1 44 44 -1 -1 -1
-1 -1 -1 -1
-1 -1 -1 -1 -1 -1 -1 -1
-1 -1 -1 -1
-1 -1 -1 -1 -1 -1 -1 -1 -1
-1 -1 -1 -1 -1 -1 -1 -1 -1
-1 -1 -1 -1 -1 -1 -1 -1 -1
-1 -1 -1 -1 -1 -1 -1 -1
-1 -1 -1 -1 -1 -1 -1 -1 -1
-1 -1 -1 -1
-1 -1 -1 -1 -1 -1 -1
-1 -1 -1 -1 -1
-1 -1 -1 -1 -1 -1 -1
-1 -1 -1 -1 -1 -1 -1 -1
-1 -1 -1 -1 -1 -1 -1
-1 -1 -1 -1 -1 -1
-1 -1 -1 -1 -1 -1 -1 -1 -1
-1 -1 -1 -1 -1
-1 -1 -1 -1 -1
-1 -1 -1 -1 -1
-1 -1 -1 -1 -1
-1 -1 -1 -1
-1 -1 -1 -1 -1
-1 -1 -1 -1 -1 -1 -1
-1 -1 -1 -1 -1 -1 -1
-1 -1 -1 -1 -1 -1 -1
-1 -1 -1 -1 -1 -1 -1 -1 -1 -1
-1 -1 -1 -1 -1 -1 -1
-1 -1 -1 -1
-1 -1 -1 -1 -1 -1
-1 -1 -1 -1 -1 -1
-1 -1 -1 -1 -1 -1
-1 -1 -1 -1
-1 -1 -1 -1 -1 -1
-1 -1 -1 -1 -1 -1 -1
-1 -1 -1 -1 -1 -1 -1 -1
-1 -1 -1 -1 -1 -1
-1 -1 -1 -1
-1 -1 -1
-1 -1 -1 -1 -1
-1 -1
-1 -1 -1 -1
-1 -1 -1 -1 -1 -1 -1 -1
-1 -1 -1 -1 -1 -1
-1 -1 -1 -1 -1
-1 -1 -1 -1 -1 -1 -1
-1 -1 -1 -1
-1 -1 -1 -1 -1 -1 -1 -1
-1 57 57 -1 -1
-1 -1 -1 -1
-1 79 79 79 283
-1 79 79 79 -1 -1
-1 79 79 79 -1
-1 79 79 79 -1
-1 79 79 79 -1
-1 79 79 79 -1
-1 79 79 79 190
-1 79 79 79 -1
-1 79 79 79 -1
-1 79 79 79 -1
-1 79 79 79 -1
-1 79 79 79 -1
-1 79 79 79 -1
-1 79 79 79 -1
-1 79 79 79 -1
-1 79 79 79 -1 -1 -1 -1
-1 -1 -1
-1 -1 -1 -1
-1 -1 -1 -1
-1 -1 -1 -1 -1 -1
-1 -1 -1 -1 -1 -1 -1 -1 -1
-1 -1 -1 -1 -1
-1 -1 -1 -1 -1 -1
-1 -1 -1 -1 -1 -1 -1
-1 -1 -1 -1 -1 -1
-1 73 73 -1 -1 -1
-1 73 73 -1 -1 -1
-1 73 73 73 232 232 232
-1 73 73 73 -1 -1 -1 -1 -1
-1 73 73 73 -1 -1 -1 -1 -1
-1 -1 -1
-1 -1 -1 -1
-1 -1 -1 -1
-1 -1 -1 -1 -1
-1 -1 -1 -1 -1
-1 -1 -1 -1 -1
-1 -1 -1 -1 -1 -1 -1
-1 -1 -1 -1 -1
-1 -1 -1 -1 -1 -1
-1 -1 -1 -1 -1 -1 -1 -1 -1
-1 -1 -1 -1 -1 -1 -1
-1 -1 -1 -1 -1 -1
-1 -1 -1 -1 -1
-1 -1 -1 -1 -1 -1
-1 -1 -1 -1 -1 -1
-1 -1 -1 -1 -1 -1 -1
-1 -1 -1 -1 -1 -1
-1 -1 -1 -1 -1
-1 -1 -1 -1 -1
-1 -1 -1 -1 -1 -1 -1
-1 -1 -1 -1 -1
-1 -1 -1 -1 -1 -1 -1 -1
-1 -1 -1 -1 -1
-1 -1 -1 -1 -1 -1 -1
-1 -1 -1 -1 -1 -1 -1
-1 -1 -1 -1 -1
-1 -1 -1 -1 -1 -1 -1
-1 -1 -1 -1 -1
-1 -1 -1 -1 -1
-1 -1 -1 -1
-1 -1 57 -1 -1 -1 -1 -1
-1 -1 -1 -1 -1 -1 -1
-1 -1 -1 -1 -1 -1 -1
-1 -1 -1 -1 -1 -1
-1 -1 -1 -1 -1 -1 -1
-1 -1 -1 -1
-1 -1 -1 -1 -1
-1 -1 -1 -1 -1 -1 -1
-1 -1 -1 -1 -1 -1 -1
-1 -1 -1 -1 -1
-1 -1 -1 -1 -1
-1 -1 -1 -1 -1
-1 -1 -1 -1 -1
-1 -1 -1 -1 -1
-1 -1 -1 -1 -1 -1 -1 -1
-1 -1 -1 -1 -1 -1
-1 -1 -1 -1 -1 -1
-1 -1 -1 -1 -1 -1 -1 -1 -1
-1 -1 -1 -1 -1 -1 -1
-1 -1 -1 -1 -1 -1 -1
-1 -1 -1 -1 -1 -1
-1 -1 -1 -1 -1 -1
-1 -1 -1 -1 -1 -1
-1 -1 -1 -1 -1 -1 -1
-1 -1 -1 -1 -1 -1 -1 -1
-1 -1 -1 -1 -1 -1 -1 -1
-1 -1 -1 -1 -1 -1 -1 -1 -1 -1 -1
-1 -1 -1 -1 -1 -1 -1 -1 -1 -1
-1 -1 -1 -1 -1 -1 -1 -1
-1 -1 -1 -1
-1 -1 60 174 -1 -1 -1
-1 -1 60 226 -1
-1 -1 60 -1 -1 -1 -1
-1 -1 60 -1 -1 -1 -1 -1
-1 -1 60 -1 -1 -1 -1 -1
-1 -1 60 130 130 130 -1 -1 -1
-1 -1 60 234 234 234 234 -1
-1 -1 60 317 317 317 -1
-1 -1 60 237 237 -1
-1 -1 60 -1 -1
-1 -1 60 60 -1 -1 -1 -1 -1 -1
-1 -1 60 60 289 -1 -1 -1
-1 -1 60 60 317 317 317 -1
-1 -1 60 60 237 237 -1
-1 -1 60 60 289 -1 -1 -1 -1
-1 -1 60 60 317 317 317 -1
-1 -1 60 60 237 237 -1
-1 -1 60 60 174 -1
-1 -1 60 60 130 130 130 -1 -1 -1
-1 -1 60 60 234 234 234 234 -1
-1 -1 60 60 -1 -1 -1 -1 -1
-1 79 -1 -1 -1 -1 -1 -1 -1
-1 79 -1 -1 -1 -1 -1 -1 -1
-1 79 -1 -1
-1 79 270
-1 79 270 -1
-1 79 157 157 -1
-1 79 241
-1 79 -1 -1
-1 79 -1 -1
-1 79 283
-1 79 -1
-1 79 -1
-1 79 251
-1 79 -1 -1 -1 -1 -1 -1 -1
-1 79 -1 -1 -1 -1 -1
-1 79 -1 -1 -1 -1
-1 79 190 -1
-1 79 -1 -1 -1
-1 79 -1 -1
-1 79 97
-1 79 -1 -1
-1 79 -1 -1 -1 -1 -1
-1 79 -1 -1 -1
-1 79 -1 -1 -1
-1 79 -1 -1
-1 79 197 -1 -1 -1
-1 79 133 -1 -1 -1
-1 79 -1 -1 -1 -1
-1 79 124 -1
-1 79 -1
-1 79 301 -1
-1 79 -1 -1 -1
-1 79 -1 -1 -1 -1 -1 -1
-1 79 -1 -1 -1 -1 -1 -1
-1 79 -1 -1 -1 -1
-1 79 245 -1
-1 79 -1 -1
-1 79 79 157 157 -1
-1 79 79 -1
-1 79 79 -1
-1 79 79 -1 -1
-1 79 79 -1 -1
-1 79 79 -1 -1
-1 79 79 -1 -1
-1 79 79 -1 -1
-1 79 79 -1 -1
-1 -1 -1 -1 -1
-1 -1 -1 -1
-1 81 81 -1 -1 -1 -1 -1
-1 81 81 -1 -1 -1
-1 81 81 238 238 -1 -1
-1 81 81 -1 -1 -1
-1 81 81 81 238 238 -1 -1
-1 26 26 26 -1 -1 -1 -1 -1
-1 26 26 239 239 -1 -1
-1 26 26 -1 -1 -1 -1
-1 26 26 223 223 -1 -1
-1 26 26 239 239 -1 -1
-1 26 26 -1 -1
-1 26 26 280 280 -1
-1 26 26 -1 -1 -1
-1 26 26 223 223 -1 -1
-1 26 26 280 280 -1
-1 26 26 250
-1 81 81 81 -1 -1 -1 -1 -1
-1 81 81 81 -1 -1 -1
-1 -1 -1 -1 -1 -1 -1
-1 -1 -1 -1 -1
-1 -1 -1 -1 -1
-1 -1 -1
-1 -1 27 27 27 -1 -1
-1 -1 30 -1
-1 -1 33 33 262 -1 -1 -1 -1
-1 -1 -1 -1 -1
-1 -1 -1 -1 -1 -1
-1 -1 -1 -1 -1
-1 -1 -1 -1 -1
-1 -1 -1 -1 -1 -1
-1 -1 -1 -1 -1 -1 -1 -1
-1 -1 -1 -1 -1 -1 -1 -1
-1 -1 -1 -1 -1 -1 -1 -1 -1 -1
-1 -1 -1 -1 -1
-1 -1 -1 -1
-1 -1 -1 -1 -1
-1 -1 -1 -1 -1
-1 -1 -1 -1 -1
-1 -1 -1 -1 -1 -1 -1 -1
-1 -1 -1 -1 -1 -1 -1 -1 -1
-1 -1 -1 -1 -1 -1 -1 -1 -1
-1 -1 -1 -1 -1 -1 -1 -1 -1 -1
-1 -1 -1 -1 -1 -1 -1 -1 -1 -1
-1 -1 -1 -1 -1 -1 -1 -1 -1 -1
-1 -1 -1 -1 -1 -1 -1 -1
-1 -1 -1 -1 -1 -1 -1 -1
-1 -1 -1 -1 -1 -1 -1 -1
-1 -1 -1 -1 -1 -1 -1
-1 -1 -1 -1 -1 -1
-1 -1 -1 -1
-1 -1 -1 -1
-1 -1 -1 -1 -1 -1
-1 -1 -1 -1 -1 -1
-1 -1 -1 -1 -1 -1
-1 -1 -1 -1 -1 -1
-1 -1 -1 -1 -1 -1 -1 -1 -1
-1 -1 -1 -1 -1
-1 -1 -1 -1 -1 -1
-1 -1 -1 -1 -1
-1 -1 -1 -1 -1 -1 -1 -1 -1
-1 -1 -1 -1 -1 -1
-1 -1 -1 -1 -1 -1
-1 -1 -1 -1 -1 -1 -1 -1
-1 -1 -1 -1 -1 -1 -1 -1
-1 -1 -1 -1 -1 -1 -1 -1
-1 -1 -1 -1 -1 -1 -1 -1
-1 -1 -1 -1 -1 -1 -1 -1
-1 -1 -1 -1 -1 -1 -1 -1 -1
-1 -1 -1 -1 -1 -1 -1 -1
-1 -1 -1 -1 -1 -1 -1 -1
-1 -1 -1 -1 -1 -1 -1 -1 -1
-1 -1 -1 -1 -1 -1 -1 -1 -1
-1 -1 -1 -1 -1 -1 -1 -1 -1 -1 -1
-1 -1 -1 -1 -1 -1 -1 -1
-1 -1 -1 -1 -1 -1
-1 -1 -1 -1 -1 -1
-1 -1 -1 -1 -1
-1 -1 -1 -1 -1 -1
-1 -1 -1 -1 -1
-1 -1 -1 -1 -1 -1
-1 -1 -1 -1 -1 -1
-1 -1 -1 -1 -1 -1 -1 -1 -1
-1 -1 -1 -1 -1
-1 -1 -1 -1 -1
-1 -1 -1 -1 -1 -1 -1
-1 -1 -1 -1 -1 -1 -1
-1 -1 -1 -1 -1 -1 -1
-1 -1 -1 -1 -1 -1 -1
-1 -1 -1 -1 -1 -1 -1 -1
-1 -1 -1 -1 -1 -1 -1
-1 -1 -1 -1 -1 -1 -1
-1 -1 -1 -1 -1 -1 -1
-1 -1 -1 -1 -1 -1 -1
-1 -1 -1 -1 -1 -1 -1 -1
-1 -1 -1 -1 -1 -1 -1 -1
-1 -1 -1 -1 -1 -1 -1 -1
-1 -1 -1 -1 -1 -1 -1 -1
-1 -1 -1 -1 -1 -1 -1 -1 -1 -1
-1 -1 -1 -1 -1 -1 -1 -1 -1 -1
-1 -1 -1 -1 -1 -1 -1
-1 -1 -1 -1 -1 -1 -1 -1 -1
-1 -1 -1 -1 -1 -1 -1 -1 -1 -1
-1 -1 -1 -1 -1 -1 -1 -1 -1
-1 -1 -1 -1 -1
-1 -1 -1 -1 -1 -1 -1 -1 -1
-1 -1 -1 -1 -1
-1 -1 -1 -1 -1
-1 -1 -1 -1 -1
-1 -1 -1 -1 -1 -1 -1 -1
-1 -1 -1 -1 -1
-1 -1 4 4 -1 -1
-1 -1 4 4 -1 -1
-1 -1 41 -1 -1
-1 -1 41 -1 -1
-1 -1 41 -1 -1 -1
-1 -1 41 -1
-1 -1 41 -1
-1 -1 41 -1
-1 -1 41 -1 -1 -1
-1 -1 41 -1 -1 -1 -1
-1 -1 41 -1
-1 -1 41 -1
-1 -1 41 102
-1 -1 41 -1 -1
-1 -1 41 -1 -1 -1 -1 -1
-1 -1 41 -1 -1 -1
-1 -1 41 -1 -1 -1 -1 -1
-1 -1 41 -1 -1 -1 -1 -1
-1 -1 41 -1 -1 -1 -1
-1 -1 41 -1 -1 -1 -1 -1 -1
-1 -1 41 -1 -1 -1 -1 -1
-1 -1 41 -1 -1 -1 -1 -1 -1
-1 -1 41 -1 -1 -1
-1 -1 41 -1 -1 -1 -1 -1
-1 -1 41 -1 -1
-1 -1 41 -1 -1 -1 -1
-1 -1 41 -1 -1 -1
-1 -1 41 -1 -1 -1 -1
-1 -1 41 -1 -1 -1 -1 -1
-1 -1 -1 -1 -1 -1 -1 -1 -1
-1 -1 -1 -1 -1 -1
-1 -1 -1 -1 -1 -1 -1 -1 -1
-1 -1 -1 -1 -1 -1 -1 -1
-1 -1 -1 -1 -1 -1 -1 -1 -1
-1 -1 -1 -1 -1 -1 -1
-1 -1 -1 -1 -1 -1
-1 -1 -1 -1
-1 -1 -1 -1
-1 -1 -1 -1 -1
-1 -1 -1 -1
-1 -1 -1 -1 -1 -1
-1 -1 -1 -1 -1
-1 -1 -1 -1 -1 -1 -1
-1 -1 -1 -1 -1
-1 -1 -1 -1 -1 -1 -1
-1 -1 -1 -1 -1
-1 -1 -1 -1 -1
-1 86 86 208 -1 -1 -1
-1 86 86 90
-1 86 86 90
-1 86 86 90
-1 86 86 90
-1 86 86 86 90
-1 86 86 86 86 90
-1 86 86 90
-1 86 86 90
-1 86 86 86 90
-1 86 86 90
-1 86 86 90
-1 86 86 86 90
-1 86 86 86 86 90
-1 86 86 86 90
-1 86 86 86 86 90
-1 86 86 -1 -1 -1
-1 86 86 208 -1 -1 -1
-1 -1 -1 -1
-1 -1 -1 -1 -1 -1
-1 77 -1 -1 -1 -1 -1 -1
-1 77 -1 -1 -1 -1
-1 77 -1 -1 -1 -1 -1
-1 77 -1 -1 -1 -1 -1 -1 -1
-1 -1 -1 -1 -1 -1 -1 -1
-1 -1 -1 -1 -1 -1 -1 -1
-1 -1 5 -1 -1
-1 -1 5 -1 -1
-1 -1 5 -1 -1 -1 -1 -1 -1
-1 -1 5 -1 -1 -1
-1 -1 5 -1 -1 -1 -1 -1
-1 -1 5 -1 -1 -1
-1 -1 47 47 123
-1 -1 47 47 -1 -1
-1 -1 86 86 -1 -1 -1
-1 -1 86 86 309 -1
-1 -1 86 86 -1
-1 -1 86 86 -1 -1 -1 -1 -1 -1 -1
-1 -1 86 86 309 -1
-1 -1 86 86 -1
-1 -1 86 86 309 -1
-1 -1 86 86 -1
-1 -1 23 -1 -1 -1 -1
-1 -1 23 -1 -1 -1
-1 -1 23 -1 -1 -1
-1 -1 23 -1 -1
-1 -1 23 316 -1
-1 -1 23 -1 -1 -1 -1 -1 -1
-1 -1 -1 -1 -1 -1 -1
-1 -1 72 72 -1 -1 -1
-1 -1 72 72 -1 -1 -1
-1 -1 72 72 -1 -1 -1
-1 -1 72 72 315 -1
-1 -1 -1 -1 -1 -1 -1
-1 -1 -1 -1 -1 -1 -1 -1 -1
-1 -1 -1 -1 -1 -1 -1
-1 -1 -1 -1 -1 -1 -1 -1 -1
-1 -1 -1 -1 -1 -1 -1
-1 -1 -1 -1 -1 -1 -1 -1 -1
-1 -1 -1 -1 -1 -1 -1 -1
-1 -1 -1 -1 -1 -1 -1
-1 -1 -1 -1 -1 -1 -1
-1 -1 -1 -1 -1 -1 -1 -1
-1 -1 -1 -1 -1 -1 -1 -1 -1 -1
-1 -1 -1 -1 -1 -1 -1 -1
-1 -1 -1 -1 -1 -1 -1 -1
-1 -1 -1 -1 -1 -1
-1 -1 -1 -1 -1 -1 -1 -1
-1 -1 -1 -1 -1 -1 -1 -1
-1 -1 -1 -1 -1 -1 -1 -1
-1 -1 -1 -1 -1 -1
-1 -1 -1 -1 -1 -1 -1 -1
-1 -1 -1 -1 -1 -1 -1 -1
-1 -1 -1 -1 -1 -1 -1 -1
-1 -1 -1 -1 -1 -1 -1
