-1 -1 -1 -1 -1 -1
-1 101
-1 -1 -1
-1 -1 -1
-1 139
-1 -1 -1
-1 -1 -1
-1 86
-1 -1 -1 -1 -1
-1 -1 -1 -1 -1
-1 80 -1
-1 -1
-1 357 357 -1 -1
-1 -1 -1
-1 -1 -1 -1
-1 -1 -1
-1 -1 -1 -1
-1 -1 -1
-1 371 -1
-1 -1 -1
-1 -1 -1
-1 -1 -1
-1 96 -1 -1
-1 -1
-1 337
-1 -1 -1
-1 -1 -1 -1
-1 126 -1
-1 156
-1 -1 -1
-1 -1 -1
-1 -1
-1 -1 -1
-1 -1 -1 -1 -1
-1 -1 -1 -1 -1
-1 -1 -1
-1 -1 -1
-1 -1
-1 91 -1 -1
-1 -1 -1 -1
-1 -1 -1
-1 -1 -1
-1 -1 -1 -1 -1 -1
-1 86
-1 101
-1 -1 -1 -1
-1 -1
-1 -1
-1 -1
-1 -1 -1
-1 36
-1 121 -1 -1
-1 162 162
-1 81 81 -1
-1 -1
-1 377 -1
-1 -1 -1 -1
-1 -1
-1 103
-1 -1 -1
-1 104
-1 193 -1
-1 -1
-1 281 -1
-1 -1
-1 387 -1
-1 80 -1
-1 -1 -1 -1 -1 -1
-1 356 -1
-1 21
-1 122 -1 -1
-1 -1
-1 -1 -1 -1
-1 139 -1 -1
-1 -1
-1 -1 -1
-1 -1 -1
-1 -1 -1 -1 -1
-1 -1 -1
-1 -1 -1 -1
-1 -1 -1
-1 153 -1
-1 361 -1
-1 -1
-1 -1 -1 -1
-1 -1 -1 -1
-1 380 -1
-1 -1 -1
-1 -1 -1 -1 -1
-1 -1 -1
-1 -1 356 -1
-1 -1 -1 -1 -1
-1 -1 -1 -1
-1 -1 -1 -1 -1
-1 -1 -1
-1 195 -1
-1 161
-1 -1 -1
-1 328
-1 112 112 112 -1
-1 -1
-1 -1 -1 -1 -1
-1 -1
-1 -1 -1 -1
-1 -1 -1 -1
-1 74
-1 -1 -1
-1 114 -1
-1 82
-1 -1
-1 83
-1 70 -1 -1
-1 -1 354 -1
-1 181 -1
-1 -1 -1 -1
-1 82
-1 165 -1
-1 17 -1 -1
-1 -1
-1 -1
-1 -1
-1 90
-1 -1 -1
-1 -1 -1
-1 34 -1
-1 133 -1
-1 83 -1 -1
-1 -1
-1 -1 -1 -1
-1 -1 -1 -1 -1 -1
-1 -1 -1
-1 336
-1 -1
-1 -1
-1 -1 -1
-1 -1 -1
-1 -1 -1 -1 -1
-1 323 -1
-1 -1 -1 -1 -1 -1 -1
-1 144 -1
-1 -1 -1 -1 -1
-1 109 -1 -1
-1 -1 -1 -1
-1 -1 -1 -1 -1
-1 -1 -1
-1 101 -1 -1
-1 -1
-1 -1 -1 -1
-1 -1 -1 -1 -1
-1 -1 -1
-1 -1 -1 -1
-1 -1 -1
-1 -1 -1 -1
-1 -1 -1
-1 -1
-1 124 124 124 -1
-1 126 -1
-1 -1 -1
-1 193 -1
-1 206
-1 78 78
-1 -1 -1
-1 -1
-1 -1 -1
-1 -1 -1
-1 131 131 131
-1 -1 -1 -1
-1 157 -1 -1
-1 104
-1 24
-1 -1
-1 -1 -1 -1
-1 122 -1 -1
-1 -1
-1 -1
-1 -1 -1
-1 -1
-1 -1 -1
-1 386 -1
-1 -1 -1 -1
-1 -1
-1 379
-1 -1 -1
-1 -1 -1
-1 -1 -1 -1
-1 379 -1
-1 -1 -1 -1
-1 91 -1
-1 -1 -1
-1 -1 -1
-1 -1 -1 -1 -1
-1 36 -1
-1 -1 -1
-1 -1 -1 -1 -1
-1 363
-1 -1 -1
-1 -1 -1
-1 281 -1 -1
-1 -1 -1 -1
-1 -1
-1 -1 -1
-1 -1 -1
-1 -1 351 -1
-1 16 -1 -1
-1 -1 -1
-1 193
-1 213 213 213 213 -1 -1
-1 135 -1 -1
-1 356 -1
-1 126 -1 -1
-1 -1
-1 -1 -1 -1
-1 369 369 369 -1
-1 207 -1 -1
-1 -1 -1
-1 -1 -1 -1
-1 -1 -1
-1 92
-1 158 -1
-1 -1 -1
-1 -1 -1 -1
-1 130
-1 -1
-1 34 -1
-1 178
-1 -1
-1 124 124 -1 -1
-1 -1 -1 -1 -1
-1 -1 -1 -1 -1
-1 -1 -1 -1
-1 -1 -1 -1 -1
-1 -1 -1 -1
-1 -1 -1
-1 -1 -1
-1 68 68 68 -1 -1 -1
-1 -1 -1 -1 -1 -1
-1 275 -1
-1 71 -1 -1 -1
-1 340 -1
-1 -1 -1
-1 -1 -1 -1 -1
-1 124 124 124
-1 82
-1 -1
-1 -1 -1 -1 -1
-1 -1 -1
-1 -1
-1 -1 -1 -1
-1 23 -1
-1 -1 -1
-1 74 -1
-1 -1
-1 128 -1
-1 -1 -1
-1 -1 -1
-1 -1 -1
-1 -1 -1
-1 -1 -1 -1 -1
-1 78 78 78 -1 -1 -1 -1
-1 -1
-1 -1 -1 -1 -1
-1 -1 -1
-1 -1 -1 -1 -1
-1 -1 -1
-1 -1 -1
-1 92
-1 -1 351 -1
-1 56 -1
-1 327 327
-1 -1 -1 -1 -1 -1
-1 16 -1 -1
-1 -1 -1 -1
-1 -1
-1 -1
-1 -1 -1 -1
-1 -1 -1 -1
-1 -1 -1
-1 -1 -1
-1 -1 -1 -1
-1 -1 -1
-1 -1 -1 -1
-1 199 199
-1 -1 -1 -1
-1 -1
-1 -1 -1 -1 -1
-1 -1
-1 -1 -1
-1 165
-1 -1
-1 -1 -1 -1
-1 -1
-1 -1
-1 323
-1 -1 -1 -1
-1 -1
-1 -1
-1 82
-1 -1 353 -1
-1 -1 -1 -1
-1 221 -1
-1 373 373 373 -1 -1
-1 -1 -1 -1
-1 -1 -1 -1
-1 -1
-1 -1 -1 -1
-1 99 99 -1
-1 -1 -1 -1 -1 -1 -1
-1 -1 -1 -1
-1 392 -1
-1 -1 -1 -1 -1
-1 -1 -1 72 -1
-1 -1 -1 -1 -1
-1 -1 -1 -1
-1 -1 -1 -1
-1 -1 -1
-1 -1 -1
-1 -1 -1
-1 -1 -1 -1
-1 -1 -1 -1
-1 25
-1 -1 -1 -1 -1
-1 -1
-1 -1 -1
-1 -1 -1 -1
-1 -1 -1 -1 -1
-1 364 -1 -1
-1 -1 -1 -1 -1
-1 -1 -1
-1 -1 -1
-1 -1 -1
-1 83 -1 -1
-1 -1
-1 -1 -1 -1 -1
-1 -1 -1 -1 -1
-1 38 -1
-1 -1 -1 -1
-1 -1 -1
-1 -1
-1 -1 -1 -1
-1 -1 -1 -1 -1
-1 -1 349 -1
-1 135 -1
-1 -1 -1
-1 -1 -1 -1 -1
-1 -1 -1 -1
-1 -1 -1 -1
-1 168 168 168
-1 -1
-1 -1 -1 -1
-1 -1
-1 -1 -1
-1 -1 -1 -1
-1 -1 -1 -1 -1 -1
-1 -1 -1
-1 -1 -1 -1
-1 -1 -1
-1 -1 -1 -1 -1 -1
-1 -1 -1
-1 179 -1
-1 -1 -1
-1 392 -1
-1 -1 -1 -1
-1 24
-1 -1 -1
-1 -1
-1 125 -1
-1 -1
-1 -1 -1
-1 -1 -1
-1 -1 -1 -1
-1 -1 -1 -1
-1 -1 -1 -1 -1 -1
-1 -1
-1 -1 -1 -1
-1 27 -1
-1 -1
-1 -1 -1
-1 82
-1 -1 -1
-1 38 -1 -1
-1 45 45 -1
-1 -1
-1 -1 -1
-1 38 -1
-1 165
-1 -1 -1
-1 153 -1
-1 -1 -1
-1 -1
-1 -1 -1
-1 -1 -1 -1
-1 121
-1 393 -1
-1 -1
-1 -1
-1 -1 -1 -1
-1 -1 -1
-1 -1 -1
-1 -1 -1
-1 386 -1
-1 -1
-1 -1 -1
-1 376 -1
-1 -1 -1
-1 -1
-1 -1
-1 -1 -1
-1 82
-1 -1 -1
-1 -1 -1 -1
-1 -1 -1 -1
-1 132 -1 -1
-1 -1 -1
-1 -1 -1 -1 -1
-1 163
-1 -1 -1 -1 -1
-1 39
-1 56 -1 -1
-1 82 -1
-1 126 -1
-1 -1
-1 -1 -1 -1 -1
-1 100 -1 -1 -1
-1 -1 -1 -1
-1 -1 -1 -1 -1 -1
-1 153 -1
-1 -1 -1 -1 -1
-1 -1 -1
-1 -1 -1
-1 -1
-1 50 -1
-1 -1
-1 -1 -1 -1
-1 291 -1 -1
-1 25 -1 -1 -1
-1 -1 -1
-1 -1 -1
-1 -1 -1
-1 199 199 199
-1 -1
-1 -1 -1
-1 -1 -1
-1 175 -1
-1 364 -1 -1
-1 -1 -1
-1 -1 -1 -1 -1
-1 -1 -1
-1 179
-1 39
-1 -1 -1
-1 -1 -1
-1 363
-1 -1 -1 -1 -1
-1 27 -1
-1 -1 -1 -1 -1
-1 -1 -1 -1
-1 208 -1
-1 328
-1 153 -1
-1 -1
-1 -1
-1 -1
-1 95 95 -1
-1 -1 -1 -1
-1 -1
-1 -1 26 -1 -1
-1 -1 -1
-1 -1
-1 -1 -1 -1
-1 -1 -1 -1
-1 71 -1 -1
-1 -1 -1 -1
-1 -1 -1 -1
-1 -1
-1 -1
-1 -1 -1 -1
-1 219 -1
-1 180 -1 -1
-1 -1 -1
-1 -1 -1
-1 167
-1 218
-1 -1 -1 -1 -1 -1 -1
-1 -1
-1 -1
-1 -1 -1 -1
-1 -1 -1 -1
-1 -1 -1
-1 -1 -1 -1
-1 -1 -1
-1 -1 -1
-1 -1 -1 -1 -1 -1
-1 -1 -1
-1 -1 83 -1
-1 -1 -1 -1 -1
-1 -1 -1 -1
-1 -1 -1 -1
-1 -1 -1 -1
-1 -1 -1
-1 -1 -1 -1 -1 -1
-1 -1 -1 -1 -1 -1 -1
-1 -1 -1 -1
-1 -1 -1 -1
-1 394 -1
-1 -1 -1
-1 343 -1
-1 -1 39 -1
-1 -1
-1 358 -1 -1
-1 -1
-1 -1
-1 346 346 -1 -1
-1 -1 -1 -1 -1
-1 366 -1
-1 -1 -1 -1 -1 -1 -1
-1 -1 -1 -1
-1 -1 -1
-1 23 -1 -1
-1 348 348
-1 -1
-1 218
-1 71 -1 -1
-1 -1 -1 -1
-1 -1 -1 -1 -1
-1 -1 -1 -1
-1 83 -1
-1 340
-1 -1
-1 -1
-1 81 81 -1
-1 -1 -1 38 -1
-1 -1 -1 -1 -1
-1 -1 -1 -1 -1
-1 -1 -1 -1 -1
-1 128 -1 -1 -1 -1
-1 -1 -1 -1 -1
-1 -1
-1 -1 -1 -1
-1 -1 -1
-1 -1 -1
-1 -1 -1
-1 -1 -1
-1 -1 -1 -1 -1
-1 83 -1
-1 382 382 382 -1
-1 -1 -1 -1 -1
-1 -1 -1
-1 173 173 -1
-1 -1
-1 317 -1
-1 129 -1
-1 -1 -1 -1 -1
-1 -1 -1
-1 -1 -1 -1 -1
-1 -1 39 -1
-1 184 184
-1 -1 -1 -1 -1
-1 -1 -1 -1
-1 -1 -1
-1 -1 -1
-1 -1 -1
-1 -1 -1 -1
-1 347 347 -1
-1 -1 -1
-1 343 -1
-1 -1 -1 -1 -1
-1 -1 -1
-1 -1 -1 -1
-1 200 200 -1 -1
-1 72
-1 -1 -1 -1
-1 -1 -1
-1 -1 -1 -1
-1 -1 -1
-1 43 -1
-1 -1 -1 -1 -1 -1
-1 -1
-1 373 373 -1 -1 -1
-1 -1
-1 82
-1 330
-1 -1 -1 -1 -1
-1 -1
-1 38 -1
-1 168 168 168
-1 173
-1 -1
-1 162 162
-1 -1 -1
-1 -1 -1 -1
-1 344 344 -1 -1
-1 -1
-1 198 198 -1 -1
-1 -1 -1
-1 -1
-1 345 345
-1 -1
-1 211 -1
-1 361 -1
-1 134
-1 -1 -1
-1 173 -1
-1 -1 -1
-1 101
-1 -1
-1 177
-1 126
-1 -1 -1 -1
-1 -1
-1 -1 -1 -1
-1 -1 -1
-1 134
-1 88 -1
-1 45 45 -1 -1
-1 -1 -1
-1 142
-1 -1 -1
-1 -1 -1 -1
-1 82
-1 -1 -1
-1 -1
-1 -1 -1 -1
-1 385 -1
-1 -1 -1 -1
-1 -1 -1
-1 176 176 -1 -1
-1 -1 -1 -1
-1 -1 -1
-1 -1 -1 -1 -1
-1 -1
-1 -1
-1 -1 -1
-1 -1 -1 -1 -1 -1
-1 75 -1
-1 -1 -1
-1 -1
-1 -1 -1 -1 -1
-1 -1 -1
-1 -1 -1 336
-1 -1 -1 -1 -1
-1 153 -1
-1 -1 -1 -1 -1
-1 134
-1 128
-1 -1
-1 391
-1 -1
-1 -1 -1 -1
-1 -1 -1 -1 -1
-1 -1 -1
-1 -1 -1
-1 -1 -1
-1 -1 -1 -1
-1 358 -1 -1
-1 50 -1
-1 -1 -1
-1 -1
-1 -1 -1 -1
-1 -1 -1 -1
-1 -1 -1 -1
-1 -1 -1 -1
-1 -1 -1 -1 -1 -1
-1 -1
-1 -1
-1 -1 -1 -1
-1 -1
-1 -1 -1
-1 -1 -1 -1 -1
-1 -1
-1 -1
-1 -1 -1 -1
-1 163
-1 -1 -1
-1 352
-1 93 -1
-1 -1 -1 -1 -1
-1 -1
-1 -1 -1 -1
-1 -1
-1 376 -1
-1 -1 -1 -1
-1 149
-1 -1 -1 -1 -1
-1 91
-1 -1 -1
-1 -1 -1 -1
-1 -1 -1 -1 -1
-1 111 -1
-1 -1
-1 -1
-1 -1 -1
-1 372 -1
-1 -1
-1 -1 -1
-1 140 -1
-1 -1 -1 -1
-1 -1 -1 -1 -1
-1 -1 -1 -1
-1 -1 -1
-1 130
-1 -1 -1
-1 -1
-1 -1
-1 315
-1 392 -1
-1 134
-1 122 -1 -1
-1 -1
-1 202 202 202 -1 -1 -1
-1 391 391
-1 -1 -1
-1 -1 -1 -1
-1 -1 -1
-1 -1 -1 -1 -1
-1 132 -1 -1
-1 -1 -1
-1 -1 -1
-1 -1 -1 -1
-1 -1 -1 -1
-1 -1 -1 -1 -1
-1 -1 -1
-1 -1 -1
-1 -1
-1 196 -1
-1 25
-1 -1 -1 -1
-1 -1 -1 -1
-1 -1 -1 -1
-1 -1 -1
-1 190 -1 -1
-1 -1 194 -1
-1 -1 -1 -1
-1 134
-1 -1 -1
-1 43 -1
-1 -1 -1
-1 -1 -1
-1 -1 -1
-1 -1 -1 -1
-1 -1 -1 -1 -1 -1 -1
-1 73
-1 -1 -1 -1 -1
-1 -1 -1
-1 -1 -1
-1 178
-1 -1 -1 -1
-1 174
-1 -1
-1 -1
-1 153 -1
-1 -1
-1 -1 -1
-1 -1
-1 325
-1 224 -1 -1
-1 -1 -1
-1 88 -1 -1
-1 143 -1 -1 -1
-1 -1 -1
-1 -1 -1 -1
-1 -1 -1
-1 -1 -1 -1
-1 392 -1
-1 -1 -1
-1 34 -1
-1 -1 -1 -1
-1 162 162
-1 204 204 204 -1 -1 -1
-1 -1 -1 -1
-1 82
-1 141 -1
-1 375 375
-1 -1 -1 -1
-1 -1 352 -1
-1 -1 -1
-1 -1 -1 -1
-1 -1 -1 -1
-1 -1
-1 -1 -1 -1
-1 209
-1 -1 -1 -1
-1 192 192
-1 -1 -1
-1 -1
-1 -1 -1 -1
-1 -1 -1
-1 -1 -1 -1 -1
-1 34 -1
-1 25 -1
-1 -1 -1
-1 -1 -1 -1 -1
-1 123 -1
-1 -1 -1
-1 -1 -1
-1 -1 -1 -1 -1
-1 -1 -1 -1 -1
-1 -1 -1 -1 -1
-1 -1 -1 -1 -1 -1
-1 -1 -1 -1
-1 103
-1 -1 -1 -1 -1
-1 -1 -1
-1 -1
-1 89 -1
-1 -1 -1
-1 -1 -1
-1 110 -1 -1
-1 -1 -1
-1 -1 -1 -1
-1 -1
-1 -1 -1
-1 82
-1 -1 -1 -1
-1 -1 -1 -1 -1
-1 82
-1 -1 -1
-1 105 -1 -1 -1
-1 130
-1 -1 -1 -1
-1 -1 -1 -1
-1 162 162
-1 34
-1 -1 -1
-1 -1 -1
-1 -1 -1
-1 -1 -1
-1 144 -1
-1 82
-1 -1 -1
-1 -1 -1 -1 -1
-1 -1 -1 -1
-1 -1 -1 -1 -1
-1 -1
-1 -1 -1 -1
-1 126 -1
-1 -1 -1 -1
-1 -1
-1 -1
-1 82
-1 -1 -1
-1 -1
-1 147 -1
-1 -1 -1 -1
-1 -1
-1 -1 -1
-1 82
-1 -1 -1
-1 -1 -1
-1 80 -1
-1 323
-1 281 -1
-1 -1
-1 -1 -1
-1 -1 -1 -1
-1 -1 -1
-1 323 -1
-1 153
-1 -1 -1
-1 151 151 -1
-1 -1 -1 -1
-1 -1 -1 -1 -1
-1 -1
-1 281 -1
-1 -1 -1 -1
-1 -1 -1 -1
-1 -1
-1 318 -1
-1 -1 -1
-1 323
-1 -1 -1
-1 -1
-1 322
-1 -1 -1 -1
-1 161
-1 128
-1 -1 -1 -1
-1 -1 -1 -1
-1 118 118 118
-1 181 -1
-1 -1 -1
-1 -1 -1 -1 -1
-1 -1 -1 -1 -1 -1
-1 -1
-1 92
-1 -1
-1 -1 -1
-1 121 -1 -1
-1 165
-1 -1 -1 -1 -1
-1 -1
-1 391 -1
-1 180 -1
-1 -1 -1 -1 -1
-1 -1 -1
-1 391
-1 -1 -1
-1 -1 -1 -1
-1 -1
-1 -1 -1 -1
-1 345 345
-1 109 -1 -1
-1 -1 -1 -1 -1 -1 -1
-1 82
-1 -1 -1 -1
-1 -1 -1
-1 70 -1
-1 86
-1 -1
-1 -1 -1 -1
-1 211 -1
-1 -1 -1 -1 -1 -1
-1 -1 -1 -1
-1 -1 -1
-1 -1 -1
-1 197 197
-1 -1
-1 -1 -1
-1 141 -1
-1 -1 -1 -1
-1 -1 -1 -1
-1 -1 -1
-1 -1 -1 -1 -1 -1
-1 -1 -1 -1 -1
-1 -1 -1
-1 395 -1 -1
-1 114 -1
-1 384 384 384
-1 -1
-1 -1 -1 -1
-1 -1
-1 281 -1
-1 373 373
-1 -1 -1 -1
-1 326
-1 -1 -1 -1 -1 -1
-1 -1 -1
-1 -1
-1 -1 -1 -1
-1 -1 -1 -1
-1 -1
-1 -1
-1 -1 -1 -1
-1 -1 -1 -1 -1 -1
-1 -1 -1
-1 149
-1 -1
-1 -1 -1 -1
-1 -1 -1
-1 81 81 -1
-1 -1 -1
-1 -1 -1
-1 -1 -1 -1
-1 -1 -1 -1
-1 179 -1
-1 -1 -1 -1
-1 205 205 205 -1 -1
-1 75 75 -1
-1 -1 -1 -1
-1 -1 -1 -1
-1 -1 -1 -1 -1
-1 -1 -1
-1 -1 -1
-1 158
-1 211 -1
-1 -1
-1 -1
-1 -1
-1 -1
-1 75 -1
-1 -1
-1 114
-1 -1 -1
-1 -1 -1 -1
-1 -1 -1
-1 -1 -1
-1 -1 -1 -1
-1 -1
-1 -1 -1 -1
-1 -1 -1 -1
-1 -1 -1 -1
-1 39 -1
-1 372 -1
-1 339
-1 -1 -1 -1
-1 -1 -1
-1 281 -1
-1 -1 -1 -1
-1 -1
-1 24 -1
-1 -1
-1 -1 -1 -1
-1 281 -1
-1 -1 -1
-1 -1 -1 -1
-1 -1 -1 -1
-1 39
-1 -1 -1 -1
-1 -1 -1
-1 -1 -1 -1
-1 -1 -1 -1 -1
-1 339
-1 -1
-1 -1 -1
-1 -1 -1 -1
-1 -1
-1 14 -1
-1 -1 -1 -1
-1 -1 -1
-1 -1 -1
-1 -1 -1
-1 -1 -1
-1 130
-1 114 -1
-1 -1
-1 -1 -1
-1 -1 -1 -1
-1 -1 -1 -1
-1 -1 -1 -1 -1 -1
-1 92
-1 -1 -1
-1 -1
-1 -1 -1
-1 -1 -1 -1
-1 -1 -1
-1 -1 -1
-1 -1 -1 -1 -1 -1
-1 -1 -1 -1
-1 -1 -1 -1
-1 -1 -1 -1
-1 -1 -1
-1 -1 -1 -1 -1
-1 -1 -1 -1
-1 -1 -1
-1 120
-1 -1 -1
-1 167 167 167
-1 -1
-1 -1 -1 -1
-1 189 -1
-1 178 -1 -1
-1 0
-1 -1 -1 -1
-1 -1
-1 -1 -1 -1
-1 -1
-1 362 -1 -1
-1 -1 -1
-1 340 -1
-1 -1 -1 -1
-1 -1 -1 -1
-1 -1 -1
-1 -1 -1
-1 356 -1
-1 136 -1 -1 -1
-1 -1 -1
-1 48 -1 -1
-1 -1 -1
-1 138
-1 -1 -1
-1 -1 -1 -1
-1 192 192 -1
-1 329
-1 -1 -1
-1 -1 -1
-1 169 169 -1
-1 391
-1 -1 -1 -1 -1 -1
-1 -1 -1 -1
-1 -1 -1 -1 -1
-1 -1 -1 -1
-1 -1 -1 -1 -1 -1
-1 -1 -1
-1 -1 -1
-1 -1 -1 -1 -1 -1
-1 315
-1 -1 -1 -1 -1
-1 -1 -1
-1 121 -1 -1
-1 158
-1 -1 -1 -1
-1 34
-1 82
-1 163
-1 -1 -1
-1 -1 -1
-1 -1 -1
-1 -1 -1
-1 82
-1 -1 -1 -1 -1
-1 137 -1
-1 -1 -1
-1 156
-1 -1
-1 -1 -1
-1 -1 -1
-1 130
-1 100 -1
-1 -1 -1
-1 -1 -1 -1
-1 131 131 -1
-1 -1
-1 380 -1
-1 381 381 381
-1 174
-1 -1 -1 -1
-1 281 -1
-1 -1 -1 -1 -1 -1
-1 86
-1 -1
-1 -1 -1 -1
-1 136 -1
-1 375 375
-1 138 -1
-1 -1 -1 -1
-1 71 -1 -1
-1 -1
-1 -1
-1 -1 -1 -1 -1
-1 214 214
-1 108 -1 -1
-1 153 -1
-1 -1
-1 -1 -1
-1 -1 -1 -1
-1 192 192
-1 153 -1
-1 -1 -1
-1 82
-1 -1 -1
-1 324 -1
-1 -1
-1 -1 -1 -1 -1 -1
-1 345 345
-1 -1
-1 83 -1
-1 -1
-1 -1 39 -1
-1 -1 -1
-1 -1
-1 -1 -1
-1 -1 -1
-1 -1 -1 -1
-1 -1 -1 -1 -1 -1
-1 16 -1 -1
-1 -1 -1
-1 -1 -1 -1
-1 -1 -1 -1
-1 -1 -1
-1 322
-1 195
-1 -1 -1 -1
-1 -1 -1
-1 -1 -1 -1 -1
-1 -1 -1 -1 -1
-1 90 -1
-1 82
-1 74 -1 -1
-1 376 -1
-1 -1 -1
-1 137
-1 -1 -1
-1 -1
-1 -1 -1 -1
-1 -1
-1 -1 -1 -1
-1 -1 -1
-1 -1 -1
-1 -1 -1 -1 -1
-1 -1
-1 386 -1
-1 -1 -1 -1 -1 -1
-1 -1 -1 71 -1
-1 -1 -1
-1 -1 -1 -1
-1 -1 -1 -1
-1 -1 -1
-1 -1 -1 -1
-1 -1 -1
-1 -1 -1
-1 -1 -1
-1 -1 -1 -1
-1 -1 -1 -1 -1
-1 -1 -1 -1 -1
-1 361 -1 -1
-1 -1 -1
-1 -1 -1 -1
-1 -1 -1 -1
-1 -1 -1 -1 -1
-1 -1 -1 -1
-1 53 -1
-1 156
-1 359 -1 -1
-1 148
-1 184
-1 -1 -1
-1 121
-1 -1
-1 -1 -1 -1
-1 -1 -1 -1 -1
-1 150 150
-1 -1 -1
-1 -1
-1 123 -1
-1 134
-1 110 -1 -1
-1 -1
-1 -1
-1 -1 -1 -1
-1 392 -1
-1 -1
-1 197 197 -1 -1
-1 -1 -1 -1
-1 -1 -1
-1 -1 -1 -1
-1 -1
-1 -1 -1 -1 -1
-1 9
-1 123 -1
-1 -1 -1 -1
-1 82
-1 -1 -1 -1 -1
-1 -1 -1 -1
-1 -1 -1
-1 -1 -1 -1
-1 128 -1 -1
-1 -1 -1 -1
-1 98 -1
-1 -1
-1 197 197
-1 -1 -1 -1
-1 -1 -1 -1 -1
-1 -1 -1
-1 -1 -1
-1 360 -1
-1 -1 -1
-1 -1
-1 -1
-1 -1 -1 -1 -1
-1 326
-1 164 164 -1 -1 -1
-1 -1 -1 -1
-1 -1 -1 -1
-1 -1 -1
-1 -1
-1 -1 -1
-1 -1
-1 -1 -1
-1 -1 -1 -1 -1 -1
-1 221 -1
-1 339 -1
-1 -1 -1
-1 -1
-1 -1 -1
-1 -1 -1 -1
-1 -1 -1
-1 -1 -1 -1 -1
-1 -1 -1 -1
-1 -1 -1 -1
-1 -1 -1 -1
-1 -1 -1 -1
-1 -1 -1 -1
-1 -1
-1 -1
-1 38 -1
-1 -1 -1
-1 -1 -1 -1
-1 -1 -1 -1
-1 56 -1 -1
-1 -1 -1
-1 -1 -1 -1
-1 344 344
-1 171 171 171 -1
-1 376 -1
-1 123 -1
-1 -1 -1 -1
-1 -1 -1 -1 -1 -1
-1 212 212 -1 -1
-1 -1 -1 -1 -1 -1 -1
-1 -1 -1 -1
-1 283 -1 -1 -1
-1 -1 -1 -1 -1 -1 -1
-1 -1 -1
-1 -1 -1
-1 -1 -1
-1 -1 -1 -1 -1
-1 320 -1
-1 132 -1 -1
-1 375 375 -1
-1 -1
-1 -1 -1 -1 -1 -1 -1
-1 -1
-1 -1
-1 281 -1
-1 -1 -1
-1 168 168 168
-1 -1 -1 -1 -1
-1 -1 -1 -1 -1
-1 72 -1
-1 161
-1 381 381
-1 -1 -1
-1 -1 -1
-1 -1
-1 -1 -1
-1 101 -1
-1 -1 -1 -1
-1 -1 -1 -1 -1 -1
-1 161
-1 -1 -1
-1 -1 -1 -1
-1 -1 -1
-1 347 347 -1
-1 -1
-1 374 374
-1 -1
-1 -1 -1
-1 -1 355 -1 -1
-1 -1 -1
-1 -1 121 -1
-1 -1 -1 -1
-1 204 204 204 -1 -1 -1
-1 -1 -1
-1 17 -1 -1
-1 -1 -1
-1 126 -1
-1 337
-1 -1 -1
-1 -1 -1
-1 342
-1 -1 -1
-1 23 -1 -1 -1
-1 -1
-1 -1 -1 -1
-1 -1
-1 -1 -1 -1
-1 376 -1
-1 -1 -1 -1
-1 -1 -1
-1 -1
-1 -1 -1
-1 -1
-1 -1
-1 -1 -1 -1 -1
-1 -1 -1 -1
-1 -1
-1 -1 -1
-1 110 -1
-1 149 -1 -1
-1 -1 -1
-1 -1 -1 -1
-1 -1 -1 -1 -1 -1
-1 201 201 -1
-1 205 205 -1 -1 -1 -1
-1 -1 -1
-1 -1
-1 70 -1 -1 -1
-1 14 -1
-1 12 -1
-1 378
-1 101
-1 -1 -1 -1
-1 -1 -1
-1 -1 -1
-1 -1
-1 -1 -1
-1 -1 -1
-1 -1 -1
-1 -1 -1
-1 95 95 -1
-1 -1 -1
-1 -1 -1 -1 -1
-1 -1
-1 -1 -1 -1
-1 393
-1 -1 -1 -1
-1 -1 -1
-1 -1
-1 324 -1
-1 -1 39 -1
-1 -1 -1 -1 -1
-1 -1 -1 -1
-1 -1 -1 -1 -1 -1 -1
-1 128 -1
-1 -1 -1
-1 -1 -1
-1 -1 -1 -1
-1 -1
-1 -1 -1 -1
-1 25 -1
-1 123 -1 -1 -1
-1 281 -1
-1 -1
-1 -1 -1
-1 108 -1
-1 -1
-1 -1
-1 -1 -1
-1 136 -1
-1 281 -1
-1 -1
-1 -1 -1 -1 -1
-1 169 169 169 -1
-1 -1 -1
-1 -1 -1
-1 -1 -1 -1
-1 -1 -1 -1
-1 -1
-1 391
-1 387 -1
-1 145 -1 -1
-1 146 -1 -1
-1 -1
-1 83 -1 -1 -1
-1 -1
-1 50 -1
-1 -1 -1
-1 12 -1
-1 325
-1 153 -1
-1 126 -1
-1 134
-1 387 -1
-1 169 169 169 169
-1 -1 -1 -1 -1
-1 197 197 -1
-1 -1 -1 -1
-1 -1
-1 -1 -1 -1
-1 92 -1
-1 -1 -1 -1
-1 -1 -1 -1 -1
-1 -1 -1 -1
-1 82
-1 -1
-1 339 -1
-1 -1
-1 -1 -1 -1
-1 136 -1 -1
-1 -1 -1 -1
-1 -1 -1 -1 -1 -1
-1 191 191 -1 -1
-1 -1 -1
-1 34 -1
-1 83
-1 -1 352 -1
-1 106 -1 -1
-1 -1 -1
-1 69 -1
-1 83 -1
-1 86
-1 281 -1
-1 367 367 -1 -1 -1
-1 337
-1 -1 -1
-1 332
-1 -1 -1
-1 -1 -1 -1
-1 -1 -1 -1
-1 -1
-1 112 -1 -1
-1 -1 -1
-1 -1 -1 -1
-1 376 -1
-1 -1
-1 -1 -1
-1 -1
-1 -1 -1 -1
-1 94 -1 -1
-1 -1 -1 -1 -1
-1 -1 -1 -1
-1 -1 -1 -1
-1 180 -1
-1 -1 -1 -1 -1 -1
-1 -1
-1 -1 -1 -1
-1 83
-1 75 -1 -1
-1 -1 -1 -1
-1 111 111 111 -1 -1
-1 348 348 -1
-1 -1 -1
-1 -1 -1 -1 -1
-1 126 -1
-1 140 -1 -1
-1 -1 -1
-1 -1
-1 -1
-1 -1 -1 -1
-1 -1 -1 -1
-1 -1 -1
-1 122 122
-1 345 345
-1 -1 -1 -1 -1
-1 -1
-1 -1
-1 -1 -1 -1
-1 -1 -1
-1 130 -1
-1 -1 -1 -1 -1 -1
-1 23 -1 -1 -1
-1 -1
-1 206 -1 -1
-1 -1 -1
-1 390
-1 -1 -1
-1 -1 -1 -1
-1 165
-1 344 344 -1
-1 -1 -1
-1 -1 -1
-1 -1 -1
-1 -1 -1 -1
-1 -1
-1 -1 -1 -1
-1 -1 -1
-1 -1 -1
-1 -1 -1 -1 -1 -1
-1 -1
-1 -1 -1
-1 25 -1
-1 68 68 -1 -1 -1
-1 -1
-1 -1 -1
-1 281 -1 -1
-1 -1
-1 -1
-1 -1 -1
-1 7 -1
-1 -1 -1
-1 -1 -1
-1 -1 -1 -1
-1 -1 -1
-1 -1 -1 -1 -1
-1 110 -1
-1 -1 -1 -1
-1 48 -1
-1 -1 -1 -1
-1 386 -1
-1 -1 -1
-1 70 -1 -1
-1 -1 -1
-1 70 -1
-1 -1 -1
-1 -1
-1 -1 -1 -1 -1 -1
-1 -1 -1
-1 83 -1
-1 -1 -1 -1
-1 -1 -1 -1 -1
-1 392 -1
-1 -1 -1
-1 62 -1 -1
-1 -1 -1
-1 369 369 369 -1
-1 -1 -1
-1 -1 -1
-1 -1
-1 -1 -1
-1 339 -1
-1 -1 -1
-1 -1 -1 -1
-1 -1 -1
-1 -1 -1
-1 -1 -1 -1
-1 -1
-1 -1
-1 -1 -1
-1 -1 -1
-1 -1 -1 -1
-1 -1 -1
-1 -1 -1 -1
-1 111
-1 82
-1 -1
-1 38 -1
-1 -1 -1 -1
-1 138 -1
-1 -1 -1
-1 -1 -1 -1
-1 -1 -1 -1 -1
-1 284 -1
-1 -1
-1 -1 -1 -1
-1 356
-1 -1
-1 -1 -1 -1
-1 -1 -1 -1 -1 -1
-1 129 -1
-1 -1 -1
-1 -1 -1 -1
-1 210 210 -1
-1 43 -1
-1 -1 -1
-1 -1 -1
-1 98 98 -1
-1 111 -1 -1
-1 -1 -1
-1 -1 -1 -1 -1 -1 -1
-1 -1 -1
-1 -1
-1 16 -1 -1
-1 -1
-1 163 -1 -1 -1 -1
-1 207 -1 -1
-1 -1 -1 -1 -1
-1 -1 -1
-1 -1 -1
-1 -1 -1
-1 109 -1
-1 174
-1 -1 -1 -1 -1
-1 384 384 384
-1 86
-1 -1 -1 -1 -1 -1
-1 -1 -1 -1
-1 -1 -1 -1 -1 -1 -1
-1 -1
-1 38 -1 -1
-1 -1 -1 -1 -1
-1 -1 -1
-1 -1
-1 346 346 -1 -1
-1 -1 -1 -1 -1
-1 -1 -1 -1 -1 -1
-1 110
-1 -1 -1 -1 -1
-1 -1 -1 -1
-1 100 -1 -1
-1 -1 -1 -1
-1 -1 -1 -1 -1 -1 -1 -1
-1 51 -1
-1 -1
-1 386 -1
-1 121
-1 202 202 202 -1 -1 -1
-1 -1 -1 -1 -1
-1 157 -1 -1
-1 115 -1
-1 350 -1
-1 -1
-1 23 -1 -1
-1 -1 -1 -1
-1 -1 -1 -1
-1 -1 -1 -1
-1 -1 -1
-1 201 201
-1 -1 -1
-1 -1 -1
-1 108 -1
-1 -1 -1
-1 38
-1 -1 -1
-1 -1 -1 -1
-1 -1 -1
-1 126 -1
-1 -1 -1
-1 -1 -1 -1
-1 -1 -1 -1 -1 -1
-1 -1 -1 -1
-1 38 -1
-1 -1
-1 -1
-1 -1 -1 -1
-1 109 -1 -1
-1 -1 -1
-1 -1 -1 -1 -1
-1 82
-1 -1 -1 -1
-1 -1 -1
-1 -1 -1 -1
-1 -1
-1 -1
-1 153 -1
-1 -1 -1
-1 -1
-1 -1
-1 -1 -1
-1 179 -1
-1 -1 -1 -1
-1 22 -1
-1 -1
-1 7 -1
-1 -1 -1 -1 -1
-1 131 131
-1 209 -1 -1
-1 -1
-1 -1 -1 -1 -1
-1 -1 -1 -1 -1
-1 101
-1 -1 -1 -1 -1
-1 -1
-1 -1 -1
-1 207 -1
-1 -1 -1 -1
-1 385 -1
-1 -1 -1
-1 -1
-1 109 -1 -1
-1 -1 -1 -1
-1 -1 -1
-1 -1 -1
-1 -1 -1 -1
-1 83 -1
-1 -1 -1
-1 -1 -1 -1
-1 -1 -1 -1 -1
-1 -1 -1 -1
-1 194 -1
-1 56 -1 -1
-1 -1
-1 -1 -1
-1 -1
-1 -1 -1
-1 -1 -1
-1 -1
-1 -1
-1 -1
-1 -1
-1 130
-1 315
-1 -1 -1 -1
-1 -1 -1 -1 -1
-1 339 -1
-1 86
-1 -1 -1
-1 52 -1 -1
-1 -1
-1 -1 -1
-1 334 334
-1 93 -1
-1 134
-1 -1 -1 -1
-1 -1
-1 95 95 -1
-1 75 75 -1 -1
-1 -1 -1 -1
-1 83 -1
-1 -1 -1 -1
-1 -1 -1 -1
-1 -1 -1 -1
-1 51 -1
-1 -1
-1 -1 -1 -1
-1 -1 -1 -1 -1 -1
-1 -1 -1 -1
-1 80 -1
-1 102 -1
-1 -1 -1
-1 93 -1 -1
-1 36
-1 370 -1
-1 134
-1 -1 -1 -1
-1 36
-1 -1
-1 38 -1
-1 -1
-1 -1 -1 -1
-1 387 -1 -1 -1
-1 345 345 -1
-1 -1 -1
-1 -1
-1 -1
-1 121
-1 121 -1 -1
-1 -1 -1 -1
-1 -1
-1 45 45 -1 -1
-1 329 -1
-1 -1 -1
-1 -1
-1 -1 -1
-1 88 -1
-1 -1 -1
-1 -1
-1 -1
-1 -1 -1
-1 -1 -1 -1 -1
-1 27 -1 -1
-1 74
-1 -1 -1 -1
-1 100 -1
-1 -1 -1 -1
-1 -1 -1 -1
-1 219 -1 -1
-1 -1 -1
-1 -1 -1
-1 -1 -1 -1 -1 -1
-1 348 348 348
-1 -1 -1
-1 387 -1
-1 -1 -1 -1 -1
-1 208 -1
-1 101
-1 -1 -1 -1
-1 -1 -1 -1
-1 119 -1
-1 -1 -1 -1
-1 -1 -1 -1 -1
-1 -1 -1
-1 -1 -1 -1 -1
-1 -1 -1
-1 -1 -1
-1 -1 -1
-1 -1
-1 -1 -1
-1 -1 -1
-1 -1
-1 378
-1 4
-1 -1 -1 -1 -1 -1
-1 -1 -1
-1 362 -1
-1 -1 -1
-1 -1
-1 -1
-1 -1
-1 -1 -1
-1 389 -1
-1 -1
-1 -1 -1
-1 157 -1 -1
-1 -1 -1 -1 -1 -1
-1 129 -1
-1 366
-1 -1 -1
-1 -1 -1 -1
-1 84 -1 -1
-1 -1 -1 -1 -1 -1
-1 -1 -1 -1
-1 -1 -1 -1
-1 -1
-1 -1 -1
-1 -1
-1 -1 -1 -1 -1
-1 140 -1 -1 -1
-1 -1 -1
-1 -1 -1 -1
-1 -1 -1 -1
-1 -1 -1 -1 -1
-1 -1 -1
-1 -1
-1 -1 -1 -1 -1
-1 -1
-1 -1
-1 75 -1
-1 -1 -1
-1 75 75 -1 -1 -1 -1
-1 -1 -1
-1 -1
-1 122 -1 -1
-1 -1 -1 -1 -1
-1 -1 -1 -1
-1 204 204 204 -1 -1 -1
-1 281 -1
-1 -1 -1
-1 -1 -1 -1
-1 -1 -1
-1 83 -1
-1 153 -1
-1 -1 -1
-1 -1 -1 -1 -1
-1 -1
-1 -1 -1 -1
-1 -1 -1 -1 -1
-1 24 -1
-1 -1 -1 -1
-1 224 -1
-1 -1
-1 166 166 166 -1
-1 -1 -1 -1 -1
-1 -1 -1
-1 -1 -1
-1 -1 -1 -1
-1 -1 -1 -1
-1 -1
-1 -1 -1 -1
-1 -1 -1 -1
-1 173
-1 -1 -1
-1 -1 -1 -1
-1 -1
-1 -1 -1 -1
-1 -1
-1 -1 -1 -1 -1
-1 -1 -1
-1 171 171 171
-1 -1 -1
-1 -1 -1 -1
-1 123 -1
-1 292
-1 -1 -1
-1 -1 -1 88 -1
-1 192 192 192
-1 -1 -1 -1
-1 -1 -1
-1 -1 -1 -1
-1 96 -1
-1 336
-1 -1
-1 377 -1
-1 -1 -1
-1 -1 -1
-1 -1
-1 -1 -1 -1
-1 344 344 -1
-1 -1 -1 -1
-1 -1 -1 -1
-1 -1
-1 83 -1
-1 -1 -1 -1 -1
-1 -1 -1 -1
-1 198 198 -1
-1 -1 -1 -1 -1
-1 113 -1
-1 -1 -1
-1 -1 -1 -1 -1
-1 -1 -1 -1 -1
-1 34 -1
-1 -1
-1 -1 -1
-1 -1 -1
-1 21
-1 -1
-1 -1 -1
-1 -1 -1 -1
-1 83 -1
-1 -1
-1 -1 -1
-1 -1 -1 -1
-1 -1 -1
-1 35 -1
-1 -1 -1 -1
-1 -1 -1
-1 165
-1 -1 -1
-1 171 171 171 171 171
-1 149
-1 -1 -1 -1 -1
-1 -1
-1 218
-1 -1
-1 -1 -1 -1
-1 323
-1 -1 -1
-1 -1
-1 213 213 -1
-1 -1 -1 -1
-1 -1 -1 -1 -1 -1
-1 -1 -1
-1 -1 -1 -1
-1 -1
-1 -1 -1
-1 -1 -1
-1 -1
-1 82
-1 121
-1 -1 -1
-1 -1 -1 -1
-1 -1
-1 80 -1
-1 -1
-1 -1 -1 -1
-1 141 -1 -1
-1 -1 -1 -1 -1
-1 -1 -1 -1
-1 -1 -1 -1
-1 337 -1
-1 -1 -1
-1 -1 -1 -1
-1 -1 -1
-1 130
-1 -1 -1
-1 -1 -1 -1 -1
-1 -1
-1 -1 -1
-1 -1 -1 -1
-1 -1 -1
-1 -1
-1 -1 -1
-1 -1
-1 -1 -1 -1
-1 -1 -1 -1 -1 -1
-1 381 381 381 -1
-1 -1 -1 -1
-1 -1
-1 -1 -1 -1
-1 389 -1
-1 -1 -1 -1 -1 -1
-1 -1 356 -1
-1 -1
-1 123 -1
-1 -1 -1 -1
-1 113 113 -1 -1
-1 123 -1 -1
-1 -1 -1 -1
-1 144 -1 -1
-1 -1 -1 -1 -1
-1 82
-1 -1 -1
-1 -1 -1
-1 -1 -1 -1 -1 -1
-1 -1 -1 -1
-1 126 -1 -1
-1 60 -1
-1 60 -1
-1 -1 -1 -1 -1
-1 -1 -1 -1 -1
-1 -1 -1
-1 83 -1
-1 -1 -1 -1
-1 -1
-1 -1 -1
-1 -1
-1 -1 -1 -1
-1 80 -1
-1 115 -1
-1 -1 -1 -1
-1 -1 -1 -1
-1 -1
-1 -1 -1 -1 -1
-1 -1 -1 -1 -1
-1 -1
-1 197 197
-1 -1
-1 -1 -1 -1 -1
-1 24
-1 -1
-1 -1
-1 -1 -1 -1 -1
-1 -1 -1 -1
-1 87 -1
-1 -1 -1 -1 -1
-1 -1 -1 -1 -1 -1
-1 -1 -1 1 -1
-1 -1
-1 -1 -1 -1
-1 38 -1
-1 -1
-1 -1 -1 -1
-1 -1
-1 48 -1
-1 -1 -1 -1
-1 -1 -1 -1 -1
-1 337
-1 148
-1 -1 -1
-1 38 -1
-1 -1
-1 -1 -1
-1 -1 -1
-1 -1 -1 -1 -1
-1 54 -1 -1
-1 71 -1 -1
-1 -1
-1 102 -1
-1 142
-1 -1 -1 -1 -1
-1 -1 -1 -1 -1
-1 165
-1 -1
-1 -1
-1 -1
-1 -1
-1 -1
-1 -1 -1
-1 -1 -1 -1 -1 -1 -1
-1 -1 -1
-1 -1 -1
-1 -1 -1 -1 -1 -1
-1 -1
-1 -1 -1
-1 -1 -1 -1 -1
-1 -1 -1 -1 -1
-1 -1 -1 -1 -1
-1 -1 -1
-1 -1 -1 -1 -1
-1 -1 -1 -1
-1 -1 -1
-1 190 -1 -1
-1 -1 -1
-1 -1 -1 -1
-1 344 344
-1 -1 -1 -1
-1 -1 -1
-1 -1
-1 -1
-1 -1 -1 -1 -1 -1
-1 -1 -1 -1 -1
-1 -1 -1 -1 -1 -1 -1
-1 356 -1
-1 -1 -1 -1 -1
-1 70 -1 -1
-1 -1
-1 -1
-1 90
-1 82
-1 -1
-1 -1
-1 -1
-1 -1 -1 -1 -1
-1 83 -1
-1 -1 -1
-1 -1 -1
-1 -1
-1 -1 -1 -1
-1 -1 -1 -1 -1
-1 -1 -1
-1 -1 -1
-1 -1 -1 -1 -1 -1
-1 134
-1 -1 -1
-1 -1 -1
-1 201 201
-1 395 -1 -1 -1
-1 -1
-1 162 162
-1 -1 -1 -1
-1 -1
-1 54
-1 162 162 162
-1 -1 -1
-1 82
-1 -1 -1 96 -1
-1 -1 -1 -1 -1
-1 -1 -1
-1 -1 -1 -1
-1 -1 -1
-1 379 -1
-1 337
-1 128 -1
-1 -1
-1 -1
-1 83
-1 83 -1
-1 157
-1 -1 -1
-1 -1 -1
-1 281 -1
-1 -1 -1
-1 -1
-1 -1 -1 -1
-1 -1 349 -1
-1 -1 -1
-1 -1 -1 -1
-1 321 -1
-1 -1 -1
-1 -1 -1
-1 325
-1 -1
-1 -1
-1 -1 349 -1
-1 -1 -1
-1 113 -1
-1 -1 -1
-1 34 -1
-1 180 -1
-1 -1 -1 -1 -1
-1 387 -1
-1 -1 -1 -1
-1 336
-1 -1 -1
-1 148
-1 164 164 -1 -1 -1 -1
-1 359 -1 -1
-1 204 204 204 -1 -1 -1
-1 212 212 -1
-1 -1 -1
-1 -1
-1 -1 -1
-1 -1 -1 -1
-1 169 169 169 -1 -1
-1 -1 -1
-1 -1 -1
-1 -1 -1
-1 -1 350 -1
-1 -1 -1 -1
-1 -1
-1 -1 -1 -1
-1 -1 -1
-1 148 -1
-1 -1 -1
-1 -1 -1 -1 -1
-1 377 -1
-1 -1 -1 -1
-1 -1 -1 -1 -1
-1 -1 356 -1
-1 281 -1
-1 -1 -1
-1 -1 -1
-1 -1 -1
-1 -1
-1 -1 -1 -1 -1 -1 -1
-1 283
-1 -1 -1 -1
-1 180 -1
-1 -1 -1 -1 -1 -1
-1 -1 -1 -1
-1 -1
-1 112 112 -1
-1 -1 -1
-1 50 -1
-1 23 -1 -1
-1 136 -1
-1 -1 -1 -1
-1 -1 -1
-1 -1 -1
-1 100 -1 -1 -1
-1 25 -1 -1
-1 372 -1
-1 -1
-1 -1 -1 -1 -1 -1
-1 391 391
-1 99 99 99 -1
-1 26 -1 -1
-1 -1 -1 -1
-1 346 346 -1
-1 -1 -1
-1 77 77 -1 -1
-1 -1
-1 86
-1 345 345
-1 -1
-1 110 -1
-1 -1 -1 -1
-1 70 -1 -1
-1 -1 194 -1
-1 -1 -1 -1 -1
-1 -1 -1
-1 153 -1
-1 345 345
-1 -1 -1 -1 -1 -1 -1
-1 128 -1
-1 92
-1 -1 -1
-1 -1 -1 -1 -1
-1 -1 -1 -1
-1 -1 -1 -1
-1 38 -1
-1 364 -1 -1
-1 -1 -1
-1 386 -1 -1
-1 -1 -1 -1 -1
-1 -1 -1
-1 -1
-1 -1 -1
-1 331 331
-1 -1 -1
-1 -1 -1 -1
-1 15 -1 -1
-1 -1 -1
-1 377 -1
-1 210 210 -1
-1 -1 -1
-1 -1 -1 -1
-1 -1 -1 -1 -1
-1 293 -1 -1 -1
-1 -1 -1
-1 -1 -1
-1 -1 -1
-1 333
-1 -1 -1
-1 -1
-1 -1
-1 -1 -1
-1 -1
-1 -1 -1 -1
-1 -1 -1
-1 -1 -1 -1
-1 -1 -1
-1 -1
-1 -1 -1 -1
-1 153 -1
-1 281 -1
-1 -1
-1 375 375 -1 -1 -1
-1 -1 -1
-1 197 197 -1
-1 71 -1 -1
-1 -1 -1
-1 171 171
-1 -1 -1 -1 -1
-1 -1 -1 -1
-1 -1
-1 -1
-1 -1 -1 -1 -1
-1 -1
-1 376 -1
-1 -1
-1 364 -1 -1
-1 348 348 348
-1 -1
-1 -1
-1 70 -1
-1 143 -1
-1 -1 -1 -1
-1 -1 -1
-1 -1 -1 -1
-1 281 -1
-1 -1
-1 -1 -1
-1 -1
-1 -1 -1 -1
-1 -1 -1 -1
-1 -1 -1
-1 339
-1 -1 -1 -1
-1 -1
-1 370 -1
-1 -1 -1 -1 -1
-1 -1 -1
-1 -1 -1 -1
-1 -1 -1 -1
-1 82
-1 -1
-1 -1 -1
-1 -1 -1
-1 386
-1 180 -1
-1 -1
-1 148
-1 120
-1 210 210 -1
-1 53 -1
-1 -1 -1 -1
-1 45 45 -1
-1 -1 -1 -1 -1 -1
-1 -1 -1
-1 -1
-1 -1
-1 366 366 366 -1 -1
-1 391 -1
-1 -1 -1 -1
-1 -1 -1 -1
-1 -1 -1
-1 -1 -1 -1 -1
-1 -1 -1
-1 363 -1
-1 -1 -1
-1 -1 -1 -1 -1 -1 -1
-1 -1 -1
-1 91 -1
-1 -1 -1
-1 139 -1
-1 -1 -1 -1
-1 110 -1 -1
-1 358 -1
-1 130
-1 -1
-1 -1 -1 -1 -1
-1 -1 -1 -1 -1
-1 -1
-1 -1 -1 -1
-1 -1 -1
-1 -1 -1
-1 -1 -1 -1
-1 374 374 -1
-1 -1 -1
-1 -1
-1 -1 352 -1
-1 -1 -1
-1 -1 -1
-1 -1
-1 -1
-1 -1 -1 -1 -1
-1 -1 -1
-1 121
-1 54 -1
-1 38 -1
-1 -1 -1 -1 -1
-1 -1 -1 -1
-1 387 -1 -1
-1 -1 -1 -1
-1 -1 -1 -1 -1
-1 -1 -1
-1 -1
-1 -1 -1
-1 130 -1
-1 -1 -1 -1
-1 281 -1
-1 -1
-1 -1 -1
-1 173 -1 -1
-1 156
-1 83 -1
-1 281 -1
-1 -1
-1 -1 -1
-1 -1 -1
-1 -1 -1 -1 -1
-1 -1 -1
-1 193 -1
-1 115 -1
-1 -1 -1
-1 -1 -1
-1 -1 -1 -1
-1 -1 -1 -1
-1 -1
-1 209
-1 331 331
-1 -1
-1 -1 -1 -1 -1
-1 82
-1 171 171 171
-1 -1
-1 -1
-1 -1 -1
-1 98 -1
-1 68 68 -1 -1
-1 -1 -1
-1 380 380 -1
-1 -1 -1
-1 -1 -1
-1 328
-1 -1 -1
-1 -1 -1 -1 -1
-1 -1 -1
-1 -1 -1 -1
-1 -1 -1
-1 98 -1
-1 70 -1 -1 -1
-1 91
-1 -1 -1
-1 -1 -1 -1 -1
-1 171 171
-1 138 -1
-1 -1 -1 -1
-1 -1 -1 -1 -1 -1
-1 -1
-1 -1 -1
-1 -1
-1 -1 -1
-1 -1 -1 -1
-1 -1 -1 -1
-1 -1 -1
-1 131 131 -1
-1 -1 -1 -1
-1 385 385 -1
-1 -1
-1 -1 -1
-1 -1
-1 -1
-1 367 367 -1
-1 -1
-1 115 -1
-1 194 194 -1
-1 -1 -1
-1 -1
-1 -1 -1 -1 -1
-1 -1 -1
-1 -1 -1 -1
-1 -1 -1
-1 -1 -1
-1 -1 -1
-1 281 -1
-1 150 150
-1 322 -1
-1 -1 -1 -1
-1 180 -1
-1 386 -1
-1 10
-1 361 -1
-1 -1
-1 -1 -1 -1 -1
-1 -1 -1
-1 356
-1 -1
-1 199 199
-1 387
-1 164 164
-1 345 345 -1
-1 -1 -1
-1 177 -1
-1 -1 -1 -1
-1 -1 -1
-1 129 -1
-1 -1
-1 -1 -1
-1 -1
-1 -1 -1 -1
-1 -1 -1 -1 -1
-1 -1 -1 -1
-1 -1 -1 -1
-1 -1
-1 -1 -1
-1 -1
-1 -1 -1 -1
-1 -1
-1 385 -1
-1 -1 -1
-1 -1 -1 -1 -1
-1 -1 -1
-1 -1 -1 -1
-1 392 -1
-1 -1 -1
-1 -1
-1 -1 -1 -1
-1 -1
-1 -1 -1 -1
-1 38 -1 -1
-1 -1
-1 281 -1 -1
-1 3 -1 -1
-1 -1 -1
-1 -1 -1 -1
-1 -1
-1 126 -1 -1
-1 -1
-1 -1 -1
-1 -1
-1 -1
-1 -1
-1 90
-1 -1
-1 -1 -1 -1
-1 356
-1 -1
-1 -1
-1 48 -1
-1 -1
-1 -1 -1 -1
-1 -1
-1 -1 -1
-1 146 -1 -1
-1 281
-1 -1 -1 -1
-1 110 -1
-1 27 -1
-1 -1 -1 -1 -1
-1 -1
-1 -1 -1
-1 -1 -1
-1 153 -1
-1 -1
-1 -1 -1 -1
-1 -1 -1 -1
-1 -1 -1
-1 51 -1
-1 -1 -1 -1
-1 -1 -1
-1 -1 -1
-1 356 -1
-1 356 -1
-1 23
-1 -1 -1 -1
-1 -1 -1
-1 -1 -1 -1
-1 123 -1 -1
-1 -1 -1
-1 -1 -1
-1 130 -1
-1 45 45 -1
-1 -1 -1
-1 -1 -1
-1 -1
-1 20 -1
-1 -1
-1 -1 -1 -1 -1
-1 -1 -1 -1 -1 -1
-1 149
-1 -1 -1
-1 344 344 -1
-1 -1 -1 -1 -1
-1 -1
-1 388 388 -1
-1 382 382 382
-1 -1
-1 -1 -1 -1 -1
-1 71 -1
-1 -1 -1 -1
-1 -1 -1
-1 -1 -1 -1
-1 163
-1 -1 -1 -1
-1 166 166 166
-1 -1 -1 -1
-1 -1
-1 -1 -1
-1 -1 -1
-1 -1 -1 -1 -1 -1 -1
-1 360 -1
-1 345 345 -1
-1 -1 -1
-1 -1 -1 -1 -1
-1 83 -1
-1 53 -1
-1 334 334
-1 146 -1 -1
-1 -1 -1
-1 -1 -1 126 -1
-1 134
-1 -1 -1 -1
-1 -1 -1
-1 -1 -1
-1 -1 -1 -1
-1 -1 -1
-1 109 -1
-1 114
-1 -1 -1 -1 -1 -1 -1
-1 -1 -1
-1 100 -1
-1 387 -1
-1 -1
-1 -1 -1 -1
-1 -1 -1
-1 -1 -1
-1 -1 -1
-1 138 -1
-1 -1 -1 -1
-1 -1 -1 -1 -1 -1 -1
-1 -1 -1 -1 -1
-1 -1 -1
-1 -1
-1 378 -1
-1 194 -1
-1 83 -1
-1 -1
-1 -1 -1 -1
-1 -1
-1 -1 -1 -1
-1 -1 -1 -1
-1 -1 -1
-1 -1
-1 -1 -1 -1 -1
-1 -1
-1 -1 -1
-1 387
-1 -1
-1 345 345
-1 -1 -1
-1 143 -1 -1 -1
-1 -1 -1
-1 -1 356 -1
-1 -1
-1 199 199
-1 -1
-1 -1 -1
-1 -1 -1
-1 376 -1
-1 -1 352 -1
-1 -1 -1
-1 -1 -1
-1 123 -1 -1
-1 83 -1
-1 92
-1 -1
-1 -1
-1 -1 -1 -1
-1 318 -1
-1 92
-1 -1 -1 -1 -1 -1
-1 -1 -1 -1 -1
-1 376 -1
-1 -1 -1
-1 -1 -1 -1 -1
-1 -1 -1
-1 194 194 -1
-1 376 -1
-1 -1 -1 -1
-1 339
-1 7 -1 -1
-1 -1
-1 345 345 -1
-1 -1 -1
-1 -1
-1 -1 -1 -1
-1 -1 -1
-1 213 213 213
-1 -1 -1
-1 163
-1 -1 -1 -1
-1 71 -1
-1 -1
-1 -1
-1 -1 -1
-1 126 -1
-1 -1 -1
-1 -1 -1 -1
-1 189 189 189 -1
-1 316 -1
-1 -1 -1 -1
-1 -1 -1 -1
-1 -1 -1 -1 -1
-1 88 -1
-1 -1 -1
-1 -1 -1 -1 -1
-1 -1 -1 -1
-1 -1 -1 -1
-1 -1 -1
-1 -1 -1
-1 373 373 -1
-1 -1 -1 -1
-1 -1 -1
-1 -1
-1 -1 -1
-1 -1 -1 -1 -1
-1 126 -1
-1 -1 -1 -1
-1 -1
-1 48 -1
-1 196 196 -1
-1 -1 -1 -1
-1 91 -1 -1
-1 -1 -1 -1 -1
-1 281 -1
-1 119 -1
-1 -1
-1 -1 -1 -1 -1 -1 -1
-1 -1
-1 -1 -1
-1 -1
-1 -1
-1 -1 -1 -1 -1
-1 -1
-1 -1 -1 -1
-1 -1
-1 -1 -1 -1
-1 358 -1 -1
-1 -1 -1
-1 -1
-1 352
-1 -1 -1
-1 34
-1 -1 -1 -1
-1 -1 -1 -1
-1 38 -1
-1 339 -1
-1 208 -1
-1 118 118 118
-1 345 345
-1 -1 -1 -1
-1 83 -1
-1 357 -1 -1
-1 -1 -1 -1 -1
-1 -1 -1 -1 -1 -1
-1 -1 -1 -1
-1 -1 -1 -1
-1 -1
-1 -1 -1 -1
-1 -1
-1 -1 -1 -1
-1 -1
-1 -1 -1
-1 -1 -1
-1 326
-1 -1 -1
-1 -1 -1 -1
-1 201 201 -1
-1 -1 -1 -1
-1 128 -1
-1 -1 -1 -1
-1 200 200 200 200
-1 -1 -1 -1
-1 -1 -1 -1
-1 -1 354 -1
-1 -1
-1 121
-1 163
-1 -1 -1
-1 -1 -1 -1
-1 -1 -1
-1 -1 -1
-1 -1 -1
-1 -1 -1 -1 -1 -1
-1 -1 -1 -1 -1
-1 -1 -1
-1 -1
-1 -1
-1 -1 -1 -1
-1 34
-1 135 -1
-1 -1 -1
-1 169 169
-1 -1 -1
-1 126
-1 -1
-1 212 212 -1 -1
-1 179 179 -1
-1 -1 -1 -1
-1 -1 -1 -1 -1
-1 -1 -1
-1 -1 -1 -1
-1 -1 -1
-1 -1 -1 -1
-1 -1
-1 -1 -1 -1 -1 -1
-1 385 385 -1
-1 -1 -1 -1 -1 -1
-1 -1
-1 -1 -1 -1
-1 -1 -1 -1 -1
-1 21
-1 -1 -1 -1
-1 -1 -1 -1
-1 168 168 168 -1
-1 -1
-1 136 -1 -1 -1
-1 -1
-1 -1
-1 78 78 78
-1 21
-1 -1 -1 -1
-1 94 -1 -1
-1 -1 -1 -1 -1
-1 -1 -1
-1 -1
-1 -1 -1 -1
-1 -1 -1 -1
-1 -1 -1
-1 -1 -1 -1
-1 -1 -1
-1 -1 -1
-1 -1 -1
-1 -1 -1 -1
-1 -1
-1 -1 -1 -1
-1 -1
-1 -1 -1
-1 -1 -1
-1 -1 -1 -1
-1 -1 -1
-1 -1
-1 7 -1
-1 -1 -1 -1
-1 -1 -1
-1 -1 -1
-1 -1 -1
-1 75 -1 -1
-1 -1 -1 -1 -1
-1 -1 -1 -1
-1 -1
-1 181
-1 115 -1
-1 -1 -1
-1 -1
-1 162 162
-1 -1 -1 -1
-1 206 -1 -1
-1 -1 -1 -1
-1 113 -1 -1
-1 -1
-1 50 -1
-1 -1 -1 -1
-1 -1 -1
-1 -1 -1
-1 -1 -1 -1
-1 -1
-1 -1 -1
-1 -1 -1 -1
-1 -1 -1 -1
-1 79 79
-1 386 -1 -1
-1 -1 -1 -1
-1 -1 -1
-1 -1 -1
-1 337
-1 -1
-1 -1
-1 -1
-1 281
-1 -1 -1 -1 -1 -1
-1 385 385 -1
-1 -1 -1
-1 -1
-1 -1
-1 -1 -1 -1 -1
-1 281 -1 -1
-1 -1 -1 -1 -1
-1 -1
-1 -1 -1
-1 201 201 -1
-1 -1
-1 327 327
-1 -1 -1 -1 -1
-1 100 -1
-1 -1 -1
-1 -1 -1 -1 -1 -1
-1 -1 -1 -1
-1 -1 -1
-1 -1 -1 -1
-1 -1 -1
-1 -1 -1 -1
-1 -1 -1 -1
-1 -1 -1
-1 -1 -1
-1 -1 -1 -1
-1 -1 -1 -1
-1 -1
-1 -1 -1
-1 99 99 -1
-1 200 200
-1 75
-1 -1 -1
-1 -1
-1 -1 -1 -1
-1 -1 -1 -1 -1 -1
-1 -1 -1
-1 363
-1 -1 -1 -1 -1
-1 376 -1
-1 -1 -1 -1
-1 -1 -1
-1 199 199
-1 -1 -1
-1 -1 -1
-1 -1 -1 -1 -1 -1 -1 -1
-1 53 -1 -1
-1 345 345
-1 385 -1
-1 -1 -1
-1 125 -1
-1 -1 -1
-1 -1 -1 -1
-1 -1 -1 -1
-1 -1 -1 -1
-1 -1 -1 -1
-1 -1 -1 -1
-1 -1 -1
-1 1 -1
-1 -1
-1 -1 -1 -1
-1 -1
-1 -1 83 -1
-1 138 -1
-1 -1 -1
-1 -1 -1 -1
-1 325
-1 -1 -1 -1
-1 -1
-1 219
-1 -1 -1 -1 -1 -1
-1 -1
-1 392 -1 -1
-1 -1 -1
-1 -1 -1 -1
-1 -1 -1 -1
-1 140 -1
-1 -1 -1
-1 -1 -1 -1
-1 -1 -1 -1
-1 -1 -1 -1
-1 -1 -1 -1 -1 -1 -1
-1 110 -1 -1
-1 -1 -1
-1 82
-1 -1
-1 -1 -1
-1 -1
-1 -1 -1 -1
-1 26 -1 -1
-1 171 171
-1 54 -1
-1 138 -1
-1 -1 -1 -1
-1 -1
-1 -1 -1 -1
-1 -1 -1 -1
-1 -1
-1 -1
-1 -1 -1 -1
-1 376 -1
-1 -1 -1 -1 -1
-1 73
-1 -1 -1 -1
-1 -1 -1
-1 -1 82
-1 -1
-1 -1 -1
-1 -1 -1
-1 -1 -1
-1 -1 -1
-1 -1 -1
-1 126 -1
-1 -1 -1 -1
-1 376 -1
-1 -1 -1 -1
-1 -1 -1
-1 -1 -1 -1
-1 -1 -1
-1 -1
-1 151 151 -1 -1
-1 -1 -1
-1 55 -1 -1
-1 211 -1 -1
-1 121 -1 -1
-1 -1 -1
-1 -1 -1 -1
-1 -1 -1
-1 -1 -1
-1 -1 -1 -1
-1 -1 -1 -1
-1 73 -1
-1 -1
-1 -1 -1
-1 -1 -1
-1 123 -1 -1
-1 346 346 -1
-1 -1 -1
-1 -1
-1 -1 -1
-1 -1 -1 -1 -1
-1 -1
-1 -1 -1
-1 53 -1
-1 198 198 -1 -1
-1 -1 -1
-1 -1 -1
-1 -1
-1 -1
-1 -1 -1
-1 -1
-1 -1 -1 -1
-1 119 -1
-1 -1 -1
-1 -1 -1 -1
-1 -1 -1 -1
-1 -1
-1 -1
-1 -1
-1 -1
-1 -1 -1 -1
-1 -1 -1
-1 122 -1 -1
-1 -1 -1
-1 -1 -1
-1 -1
-1 -1 350 -1
-1 -1
-1 100 -1
-1 7 -1 -1
-1 -1 -1 -1
-1 -1 -1 -1 -1 -1 -1
-1 153 -1
-1 136 -1 -1
-1 69 -1
-1 336
-1 387 -1 -1
-1 -1 -1
-1 -1 -1 -1
-1 391 -1
-1 -1 -1
-1 -1 -1
-1 -1
-1 -1 -1 123 -1
-1 -1 -1
-1 -1 -1 -1
-1 356 -1 -1
-1 175 -1
-1 -1 -1
-1 -1
-1 -1 -1 -1 -1
-1 173 -1
-1 153 -1
-1 -1 -1 -1
-1 138 -1
-1 114 -1
-1 347 347 -1
-1 89 -1
-1 148
-1 -1 -1
-1 -1 -1
-1 -1 -1
-1 371 -1
-1 1
-1 -1
-1 373 373
-1 158 -1
-1 283
-1 -1 -1 -1
-1 -1
-1 381 381 381
-1 -1 -1 -1
-1 -1 -1
-1 -1 -1 -1 -1
-1 -1
-1 -1 -1 -1
-1 175 -1
-1 -1
-1 34
-1 38 -1 -1
-1 -1
-1 386 -1
-1 -1 -1 -1 -1
-1 96 -1
-1 -1 1 -1
-1 -1 -1 -1
-1 -1 -1 -1
-1 -1 -1 -1
-1 124 124 124 -1 -1
-1 38 -1
-1 79 79 79
-1 -1 -1 -1 -1 -1
-1 60
-1 -1
-1 -1
-1 -1 -1
-1 136 -1
-1 -1
-1 73
-1 69 -1
-1 181 -1
-1 130 -1
-1 34 -1
-1 -1 -1 -1
-1 -1 -1
-1 -1 -1 -1
-1 -1
-1 25 -1
-1 -1 -1 -1 -1
-1 100 -1 -1
-1 -1 -1
-1 -1 -1
-1 -1 -1 -1
-1 -1 -1 -1
-1 -1 -1
-1 -1 -1 -1
-1 92
-1 53 -1
-1 -1 -1 -1
-1 -1 -1
-1 -1 -1 -1 -1 -1
-1 -1 -1
-1 -1 -1
-1 -1 -1
-1 347 347 -1 -1
-1 -1
-1 -1 -1
-1 375 375
-1 -1
-1 373 373 -1
-1 -1 -1 -1
-1 -1 -1 -1
-1 -1 -1 -1 -1
-1 -1 -1
-1 -1 -1 -1 -1 -1
-1 384 384
-1 -1 -1 -1
-1 -1 -1
-1 -1
-1 -1
-1 3 -1
-1 -1 -1 -1
-1 -1
-1 -1
-1 -1
-1 1
-1 -1 -1 -1 -1
-1 -1
-1 -1 -1 -1 -1
-1 -1 -1
-1 -1 -1 -1 -1 -1
-1 -1 -1
-1 -1 -1 -1
-1 -1 -1
-1 -1 -1 -1
-1 -1 -1
-1 173 173 -1
-1 -1
-1 1
-1 97 -1
-1 -1 -1
-1 -1 355 -1 -1
-1 -1 -1
-1 -1 -1 -1
-1 38 -1
-1 -1
-1 378 -1
-1 -1 -1 -1 -1 -1
-1 -1 -1
-1 126 -1
-1 77 77 -1
-1 -1 -1
-1 -1 -1 -1
-1 45 45 -1 -1
-1 -1 -1
-1 324
-1 -1 -1 -1
-1 75 -1 -1 -1
-1 -1 -1
-1 -1 -1 -1
-1 -1 -1 -1
-1 -1 -1
-1 69 -1
-1 -1
-1 -1
-1 -1 -1
-1 -1 -1
-1 342
-1 -1 -1 -1
-1 -1 -1 -1
-1 -1 -1
-1 -1 -1
-1 -1 -1 -1
-1 -1 -1 -1
-1 337
-1 -1 -1
-1 -1 -1 -1
-1 50 -1
-1 -1 -1
-1 -1 -1
-1 -1 -1 -1 -1
-1 39
-1 -1 -1 -1
-1 -1 -1
-1 -1 -1
-1 -1 -1
-1 333 -1
-1 17 -1 -1
-1 -1 -1
-1 121 -1
-1 -1 -1 -1
-1 -1 -1 -1 -1
-1 -1 -1
-1 -1
-1 -1 -1 -1
-1 170 170 170
-1 -1
-1 -1 -1 -1
-1 -1
-1 -1 -1
-1 392
-1 345 345 -1
-1 180 -1
-1 -1 -1 -1
-1 -1
-1 -1
-1 69 -1
-1 -1 -1
-1 -1 -1 -1 -1
-1 -1 -1
-1 -1 -1 -1
-1 -1 -1
-1 -1 -1 -1 -1
-1 84 -1 -1
-1 -1
-1 -1
-1 -1 -1
-1 -1 -1 -1
-1 -1 -1
-1 -1 -1
-1 140 -1 -1
-1 345 345 -1
-1 -1 -1
-1 -1 -1
-1 -1
-1 -1
-1 -1 -1 -1
-1 -1
-1 136 -1
-1 -1
-1 356
-1 139 -1
-1 96 -1
-1 376 -1
-1 385 -1
-1 -1 -1
-1 -1 -1
-1 -1 -1
-1 -1 -1
-1 -1
-1 -1
-1 281 -1
-1 -1 -1 -1
-1 -1 -1 -1
-1 -1 -1
-1 341
-1 109
-1 -1 -1
-1 34
-1 -1 -1
-1 -1 39 -1
-1 364 -1 -1
-1 54 -1
-1 101
-1 -1 -1
-1 -1
-1 -1
-1 -1 -1 -1
-1 208 -1
-1 -1 -1 -1 -1 -1
-1 -1 -1 -1 -1
-1 -1 -1 -1 -1
-1 -1 -1
-1 -1 -1
-1 -1 -1 -1
-1 -1 -1 -1
-1 -1 -1
-1 138 -1
-1 -1
-1 -1
-1 7 -1 -1
-1 -1
-1 7 -1
-1 391 -1
-1 -1
-1 388 388 -1
-1 82
-1 -1 -1 -1 -1 -1
-1 -1 -1
-1 140 -1
-1 147
-1 -1 -1
-1 -1
-1 -1 -1 -1 -1 -1 -1
-1 -1
-1 -1
-1 376 -1
-1 -1
-1 -1 -1
-1 -1 -1
-1 -1 -1 -1
-1 -1 -1 -1
-1 -1 -1 -1
-1 324
-1 -1
-1 -1 -1 -1
-1 -1 -1 -1
-1 -1 -1
-1 -1 353 -1
-1 21
-1 -1 -1
-1 197 197 -1 -1 -1
-1 131 131 -1
-1 345 345 -1
-1 281 -1
-1 -1
-1 -1 -1 -1 -1
-1 -1
-1 317 -1 -1
-1 -1 -1
-1 138
-1 372
-1 82
-1 -1 -1 -1 -1
-1 -1 -1
-1 24
-1 -1 -1 -1
-1 -1 -1
-1 14 -1
-1 68 68 -1 -1 -1
-1 52 -1
-1 -1 -1
-1 -1 -1 -1
-1 -1 -1 -1
-1 -1
-1 -1 -1 -1 -1 -1
-1 -1 -1
-1 322
-1 293 -1
-1 356 -1 -1
-1 -1 -1
-1 -1
-1 -1 -1
-1 -1 -1 -1 -1 -1
-1 209 -1 -1
-1 21 -1
-1 -1 -1 -1
-1 -1 -1 -1 -1
-1 -1 -1
-1 -1 -1 -1
-1 143 -1 -1
-1 -1
-1 92
-1 -1 -1 -1
-1 -1
-1 -1 -1 -1
-1 -1 -1
-1 88 -1
-1 -1 -1 -1 -1 -1 -1 -1 -1
-1 38 -1
-1 128 -1
-1 -1 -1
-1 -1 -1
-1 -1 -1 -1
-1 179 179 -1
-1 -1 -1
-1 -1 -1 -1 -1 -1
-1 -1 -1 -1
-1 370 -1
-1 -1 -1 -1
-1 -1 -1
-1 -1
-1 -1
-1 -1 -1 -1
-1 -1 -1
-1 -1 -1 -1 -1
-1 -1 -1
-1 -1 -1 -1
-1 -1
-1 -1
-1 -1 -1
-1 -1
-1 -1 -1 -1 -1
-1 -1
-1 -1 -1 -1
-1 -1 -1 -1 -1 -1
-1 54 -1
-1 -1
-1 -1 349 -1
-1 -1 -1
-1 -1 -1 -1 -1
-1 -1
-1 -1 -1 -1
-1 345 345 -1
-1 -1
-1 -1 -1 -1 -1 -1
-1 89 -1
-1 140 -1 -1
-1 -1 -1 -1
-1 -1
-1 -1 -1 -1 -1
-1 106 -1
-1 -1 -1
-1 -1 -1 -1
-1 -1 -1 -1 -1
-1 123 -1
-1 -1 -1 -1 -1
-1 -1 -1 -1
-1 -1
-1 -1
-1 -1 -1
-1 -1 356 -1
-1 -1 -1
-1 195 -1
-1 34 -1
-1 138 -1
-1 -1 -1
-1 -1 -1
-1 -1
-1 318 -1
-1 -1
-1 -1 -1
-1 70 -1
-1 83 -1
-1 -1 -1
-1 281
-1 -1
-1 -1
-1 114 -1
-1 -1
-1 88 -1 -1
-1 333
-1 -1 -1 -1
-1 -1
-1 110 -1 -1
-1 171 171
-1 -1 -1
-1 -1 82
-1 -1 -1 -1
-1 -1 -1 -1 -1 -1 -1
-1 -1 -1
-1 385 -1
-1 -1 -1
-1 -1 -1
-1 -1
-1 169 169 169 -1
-1 48 -1
-1 -1 -1 -1 -1
-1 -1 -1 -1
-1 -1 -1 -1
-1 -1 -1 -1 -1
-1 -1 -1 -1 -1 -1
-1 -1 -1
-1 337
-1 -1
-1 317 -1
-1 -1
-1 281 -1 -1
-1 -1
-1 81 81 -1
-1 -1 -1
-1 -1
-1 -1 -1 -1
-1 92 -1
-1 390
-1 -1 -1
-1 53 -1
-1 284 -1
-1 -1 -1 -1
-1 -1 126 -1
-1 -1
-1 -1 -1
-1 -1 -1
-1 -1 -1
-1 -1 -1
-1 -1 -1
-1 -1 -1 -1
-1 -1 -1
-1 -1 -1
-1 180 -1
-1 -1 -1
-1 175 -1
-1 -1
-1 125 -1
-1 -1
-1 82
-1 -1 -1
-1 -1 -1
-1 -1 -1
-1 83 -1 -1
-1 345 345 -1
-1 -1 -1
-1 -1 -1
-1 -1
-1 -1 -1 -1 -1 -1
-1 -1 -1
-1 -1 -1 -1
-1 -1 -1
-1 -1
-1 360 -1
-1 121 -1 -1
-1 -1 -1 -1 -1
-1 -1 -1 -1 -1
-1 97 -1
-1 -1 -1 -1
-1 -1
-1 38 -1
-1 -1 -1
-1 -1 -1 -1 -1
-1 110 110
-1 -1 -1
-1 -1
-1 -1
-1 -1 -1 -1 -1
-1 130 -1
-1 -1 -1 -1 -1
-1 -1 -1 -1
-1 337
-1 -1 -1 -1
-1 23 -1
-1 -1 -1 -1
-1 356 -1
-1 359 -1 -1
-1 -1 -1 -1 -1
-1 -1 -1
-1 -1 -1
-1 -1 -1
-1 -1 -1 -1 -1
-1 -1 -1 379
-1 -1 -1
-1 387 -1
-1 -1 -1
-1 93 -1 -1
-1 345 345 -1
-1 -1 -1 -1
-1 83 -1
-1 -1 -1 -1
-1 -1 -1 -1 -1
-1 -1
-1 345 345
-1 207 -1 -1
-1 -1
-1 -1 -1 -1
-1 -1 -1 -1
-1 -1 340
-1 -1
-1 386 -1
-1 88 -1 -1 -1 -1
-1 -1 -1
-1 -1 -1
-1 75 -1
-1 -1 -1 -1 -1 -1 -1
-1 -1
-1 -1
-1 -1
-1 -1 -1 -1 -1
-1 -1 -1
-1 -1 -1
-1 -1 -1
-1 -1 -1
-1 34
-1 -1 -1 -1
-1 -1
-1 -1 -1
-1 331 331
-1 175 -1 -1 -1
-1 -1 -1
-1 322 -1
-1 -1 -1
-1 -1 -1
-1 -1 -1
-1 173 -1
-1 -1 -1 -1
-1 146 -1 -1
-1 -1 -1
-1 -1 -1
-1 -1 -1 -1
-1 -1 -1 -1 -1
-1 -1 -1 -1 -1
-1 -1 -1
-1 -1 -1 -1
-1 -1 -1 -1
-1 -1 -1 -1
-1 -1 -1
-1 148 -1
-1 -1 -1 -1
-1 326
-1 -1 -1 -1
-1 -1
-1 -1 -1
-1 -1
-1 -1 -1 -1
-1 210 210 -1
-1 -1
-1 -1 -1 -1
-1 86
-1 175 -1
-1 54 -1
-1 -1 -1 -1
-1 376 -1
-1 -1 -1
-1 -1 -1
-1 -1 -1
-1 51 -1
-1 -1 -1 -1
-1 -1 -1
-1 -1 -1
-1 -1 -1 89 -1
-1 71 -1
-1 83 -1
-1 -1 -1
-1 -1
-1 -1 -1
-1 54 -1 -1
-1 -1 -1
-1 -1 -1 -1
-1 -1
-1 -1 -1
-1 90
-1 -1 -1
-1 -1
-1 -1 -1
-1 -1 -1 -1
-1 -1 -1 -1
-1 149
-1 43 -1
-1 -1
-1 175 -1
-1 53
-1 -1 -1 -1
-1 -1 -1 -1
-1 60 -1
-1 -1 -1 -1 -1
-1 -1 -1
-1 18 -1 -1
-1 -1 -1 -1 -1
-1 -1 -1 -1
-1 377 -1
-1 -1 -1 -1 -1 -1
-1 -1
-1 -1 -1
-1 -1 -1 -1
-1 -1 -1
-1 -1
-1 -1 -1
-1 375 375
-1 -1 -1
-1 -1 -1 -1 -1
-1 -1
-1 -1 -1
-1 -1 -1 -1 -1 -1
-1 -1
-1 -1 -1 -1 -1 -1
-1 -1 -1 -1
-1 -1
-1 212 212 212 -1
-1 -1 -1
-1 -1
-1 340 -1
-1 -1 -1
-1 -1 -1 -1 -1
-1 -1 -1
-1 -1 -1 -1
-1 -1 -1 -1 -1 -1
-1 -1 -1 -1
-1 -1 -1
-1 15 -1 -1 -1
-1 110 -1 -1
-1 -1 -1 -1
-1 54 -1
-1 -1 -1
-1 -1
-1 -1 -1 -1 -1 -1
-1 -1 -1 -1
-1 25 -1
-1 -1 -1
-1 -1 -1 -1
-1 -1 -1
-1 0 -1
-1 -1
-1 -1 -1
-1 339 -1
-1 -1 -1
-1 130 -1
-1 -1 -1 -1
-1 -1 -1
-1 -1 -1 -1
-1 -1 -1 -1
-1 -1 -1 -1
-1 -1
-1 -1 -1 -1 -1
-1 -1 -1 -1
-1 -1
-1 93 -1 -1
-1 -1 -1
-1 -1 -1 -1
-1 36 -1
-1 -1 -1
-1 100 -1
-1 194 -1
-1 281 -1
-1 -1 -1
-1 3 -1
-1 123 -1 -1 -1
-1 -1 -1
-1 -1 -1 -1 -1 -1
-1 -1 -1
-1 -1 -1 -1 -1
-1 -1 -1
-1 48 -1
-1 -1 -1
