-1 -1
-1 80 -1 -1 -1
-1 80 -1
-1 80 -1
-1 80 225 -1 -1
-1 80 -1 -1
-1 80 -1
-1 80 729 -1
-1 80 -1 -1
-1 80 -1
-1 80 80 199 -1
-1 80 80 -1 -1 -1
-1 80 80 444 444 -1 -1
-1 80 80 105 105 -1
-1 80 80 383 383
-1 80 80 -1
-1 80 80 729 -1
-1 80 80 790 790 -1 -1
-1 80 80 689 689 -1 -1
-1 80 80 164 164 -1
-1 80 80 370
-1 80 80 619
-1 80 80 -1
-1 80 80 -1 -1 -1
-1 80 80 507 507 -1
-1 80 80 -1 -1 -1
-1 80 80 -1
-1 80 80 186 -1
-1 80 80 405 405
-1 80 199 -1
-1 80 410 -1
-1 80 166 -1
-1 80 441 441 -1
-1 80 513 -1 -1
-1 80 199 -1
-1 80 410 -1
-1 80 166 -1
-1 80 441 441 -1
-1 80 -1
-1 80 199 -1
-1 80 410 -1
-1 80 370
-1 80 354
-1 80 -1 -1 -1
-1 80 441 441 -1
-1 80 80 811
-1 80 80 507 507 -1
-1 80 80 -1
-1 80 513 -1 -1
-1 80 409
-1 80 225 -1 -1
-1 80 699
-1 80 338
-1 80 513 -1 -1
-1 80 80 371 371
-1 80 80 584 584
-1 80 225 -1 -1 -1 -1
-1 80 699
-1 80 338
-1 80 263
-1 80 105 105 -1
-1 80 842 842
-1 80 -1
-1 80 557
-1 80 -1
-1 80 441 441 -1
-1 80 731 -1 -1
-1 80 747 -1 -1 -1
-1 80 789 -1 -1
-1 -1 -1 -1
-1 -1 -1 -1
-1 -1 -1 -1 -1
-1 -1 -1
-1 -1 -1 -1 -1
-1 -1
-1 -1 -1
-1 -1 -1
-1 -1 -1
-1 -1 -1 -1 -1 -1
-1 -1
-1 80 -1
-1 80 662 -1
-1 80 436 -1
-1 80 769 -1
-1 80 679
-1 80 629 -1
-1 80 -1 -1 -1
-1 80 -1 -1
-1 80 634 634
-1 80 -1 -1 -1
-1 80 410 -1
-1 80 473 -1
-1 80 166 -1
-1 80 832 -1
-1 80 729 -1
-1 80 -1 -1
-1 80 -1 -1
-1 80 -1 -1
-1 80 -1 -1 -1 -1
-1 80 389 389
-1 80 370
-1 80 354 -1
-1 80 -1
-1 80 -1 -1
-1 80 420 -1 -1
-1 80 -1 -1 -1
-1 80 -1 -1 -1
-1 80 195
-1 80 811
-1 80 731 -1 -1
-1 80 747 -1 -1 -1
-1 80 783 -1
-1 80 789 -1 -1
-1 80 -1
-1 80 -1
-1 80 -1 -1
-1 80 584 584 -1
-1 80 371 371 -1
-1 80 729 -1
-1 80 747 -1 -1 -1 -1
-1 80 783 -1
-1 80 789 -1 -1 -1
-1 80 -1
-1 80 -1
-1 80 -1
-1 80 782
-1 80 82
-1 80 -1
-1 80 461
-1 80 -1
-1 80 -1
-1 80 811
-1 80 -1 -1
-1 80 139 139 -1
-1 80 105 105 -1
-1 80 441 441 -1
-1 80 729 -1
-1 80 410 -1
-1 80 -1 -1 -1 -1
-1 80 513 -1 -1
-1 80 749 -1
-1 80 80 353
-1 80 80 782
-1 80 80 370
-1 80 80 670
-1 80 80 -1
-1 80 80 519
-1 80 80 -1
-1 80 80 -1
-1 80 80 -1
-1 80 80 -1
-1 80 80 -1 -1
-1 80 80 -1 -1
-1 80 80 -1
-1 80 80 -1
-1 80 80 82
-1 80 80 139 139 -1
-1 80 80 -1 -1
-1 80 80 731 -1 -1
-1 80 80 747 -1 -1 -1
-1 80 80 271 -1
-1 80 80 461
-1 80 461
-1 80 164 164 -1 -1
-1 80 -1 -1
-1 80 -1 -1
-1 80 -1 -1
-1 80 -1 -1
-1 80 -1
-1 80 -1
-1 80 -1
-1 80 -1
-1 80 -1
-1 80 -1
-1 80 -1
-1 80 -1
-1 80 -1
-1 80 -1
-1 80 -1
-1 80 -1 -1 -1
-1 80 -1
-1 -1 -1
-1 -1 -1
-1 -1 -1 -1 -1
-1 -1 -1 -1 -1
-1 -1 -1 -1 -1
-1 80 80 -1 -1
-1 80 80 749 -1
-1 80 80 -1 -1
-1 80 80 -1
-1 80 80 475
-1 80 80 -1 -1
-1 80 80 513 -1 -1
-1 80 80 634 634
-1 80 80 811
-1 80 80 -1 -1
-1 80 80 729 -1
-1 80 80 164 164 -1
-1 80 80 731 -1 -1
-1 80 80 747 -1 -1 -1
-1 80 80 789 -1 -1
-1 80 80 281 -1
-1 80 80 176 -1
-1 80 80 551 -1
-1 -1 -1 -1
-1 -1 -1 -1 -1
-1 -1 -1
-1 80 444 444 -1
-1 80 105 105 -1
-1 80 383 383
-1 80 410 -1
-1 80 166 -1
-1 80 225 -1 -1 -1
-1 80 729 -1
-1 80 -1 -1 -1
-1 80 790 790 -1
-1 80 689 689 -1
-1 80 -1 -1
-1 80 619
-1 80 -1 -1 -1
-1 80 507 507 -1
-1 80 -1 -1
-1 80 -1 -1 -1
-1 80 186 -1
-1 80 405 405 -1
-1 80 616 -1
-1 80 513 -1 -1
-1 80 -1
-1 80 105 105 -1
-1 80 782
-1 80 811
-1 80 670
-1 80 553
-1 80 -1
-1 80 139 139 -1
-1 80 225 -1 -1
-1 80 -1 -1 -1
-1 80 -1
-1 80 -1 -1
-1 80 -1
-1 80 729 -1
-1 80 -1 -1 -1
-1 80 -1
-1 80 206
-1 80 -1 -1 -1 -1
-1 80 -1
-1 80 -1 -1
-1 80 441 441 -1
-1 80 405 405 -1
-1 80 271 -1
-1 80 731 -1 -1
-1 80 747 -1 -1 -1
-1 80 -1 -1 -1
-1 80 503
-1 80 553
-1 80 225 -1 -1
-1 80 729 -1
-1 80 519
-1 80 271 -1
-1 80 747 -1 -1 -1
-1 80 503
-1 -1 -1 -1 -1
-1 78 78 -1 -1
-1 78 78 -1 -1 -1
-1 -1 -1 -1 -1
-1 -1 -1 -1 -1
-1 -1 -1 -1 -1 -1
-1 -1 -1 -1 -1 -1
-1 -1 -1 -1 -1 -1
-1 -1 -1 -1
-1 -1 -1 -1
-1 -1 -1 -1 -1
-1 -1 -1 -1 -1 -1
-1 -1 -1 -1 -1 -1 -1 -1
-1 -1 -1 -1
-1 -1 -1 -1 -1 -1 -1 -1
-1 -1 -1 -1 -1 -1
-1 -1 -1 -1 -1 -1
-1 -1 -1 -1 -1 -1 -1
-1 -1 -1 -1 -1
-1 -1 -1 -1 -1 -1 -1
-1 -1 -1 -1 -1
-1 -1 -1 -1 -1 -1
-1 -1 -1 -1 -1 -1 -1
-1 -1 -1 -1 -1 -1 -1 -1
-1 -1 -1 -1 -1
-1 -1 -1 -1 -1
-1 -1 -1 -1 -1
-1 -1 -1 -1 -1
-1 -1 -1 -1 -1
-1 -1 -1 -1 -1 -1 -1 -1 -1
-1 -1 -1 -1 -1
-1 -1 -1 -1 -1 -1
-1 -1 -1 -1 -1 -1
-1 -1 -1 -1 -1 -1
-1 -1 -1 -1 -1
-1 -1 -1 -1 -1
-1 -1 -1
-1 -1 -1 -1 -1 -1
-1 -1 -1 -1 -1 -1 -1
-1 -1 -1 -1 -1
-1 -1 -1 -1 -1 -1
-1 -1 -1 -1 -1 -1
-1 -1 -1 -1 -1 -1 -1
-1 -1 -1 -1 -1 -1
-1 -1 -1 -1 -1 -1
-1 -1 -1 -1 -1 -1
-1 -1 -1 -1 -1 -1
-1 -1 -1 -1 -1 -1 -1
-1 -1 -1 -1 -1 -1
-1 -1 -1 -1 -1 -1
-1 -1 -1 -1 -1 -1
-1 -1 -1 -1
-1 -1 -1 -1 -1
-1 -1 -1 -1 -1
-1 -1 -1 -1
-1 -1 -1 -1 -1
-1 -1 -1 -1 -1
-1 -1 -1 -1
-1 -1 -1 -1 -1 -1 -1
-1 -1 -1 -1 -1 -1 -1
-1 -1 -1 -1 -1
-1 -1 -1 -1 -1
-1 -1 -1 -1 -1 -1 -1 -1 -1
-1 -1 -1 -1 -1 -1 -1 -1 -1
-1 -1 -1 -1 -1 -1
-1 -1 -1 -1 -1 -1
-1 -1 -1 -1 -1 -1
-1 -1 -1 -1 -1 -1
-1 -1 -1 -1 -1 -1
-1 -1 -1 -1 -1 -1
-1 -1 -1 -1 -1
-1 -1 -1 -1 -1 -1
-1 -1 -1 -1 -1
-1 -1 -1 -1 -1 -1
-1 -1 -1 -1 -1
-1 -1 -1 -1 -1 -1
-1 -1 -1 -1 -1
-1 -1 -1 -1 -1 -1
-1 -1 -1 -1 -1 -1
-1 -1 -1
-1 -1 -1 -1
-1 -1 -1 -1 -1 -1 -1 -1
-1 -1 -1 -1
-1 -1 -1 -1
-1 -1 -1
-1 -1 -1 -1
-1 -1 -1 -1
-1 -1 -1
-1 -1 -1 -1
-1 -1 -1 -1 -1
-1 -1 -1 -1 -1
-1 -1 -1 -1 -1
-1 -1 -1 -1
-1 -1 -1 -1
-1 -1 -1 -1 -1 -1
-1 -1 -1
-1 -1 -1
-1 -1 -1 -1
-1 -1 -1 -1
-1 -1 -1
-1 -1 -1 -1 -1 -1
-1 -1 -1 -1
-1 -1 -1
-1 -1 -1
-1 -1 -1 -1
-1 -1 -1 -1
-1 -1 -1 -1 -1 -1 -1
-1 -1 -1
-1 -1 -1 -1 -1
-1 -1 -1 -1 -1 -1
-1 -1 -1 -1
-1 -1 -1
-1 -1 -1 -1
-1 -1 -1 -1
-1 -1 -1 -1 -1 -1 -1
-1 -1 -1 -1 -1
-1 -1 -1 -1
-1 -1 -1 -1 -1 -1
-1 -1 -1 -1 -1
-1 -1 -1
-1 -1 -1
-1 -1 -1 -1
-1 -1 -1
-1 74 74 85
-1 -1 -1 -1 -1
-1 80 204 204
-1 80 674 -1 -1
-1 80 431 -1 -1
-1 80 641 641
-1 -1 -1
-1 -1 -1
-1 -1 -1
-1 -1 -1 -1
-1 -1 -1 -1 -1
-1 -1 -1 -1
-1 -1 -1 -1
-1 -1 -1 -1
-1 -1 -1 -1
-1 -1 -1 -1
-1 -1 -1 -1
-1 -1 -1 -1
-1 -1 -1 -1
-1 -1 -1 -1
-1 -1 -1 -1
-1 -1 -1 -1
-1 -1 -1 -1
-1 -1 -1 -1 -1 -1
-1 -1 -1 -1 -1 -1 -1
-1 -1 -1 -1 -1 -1 -1
-1 -1 -1 -1 -1
-1 -1 -1 -1
-1 -1 -1 -1
-1 -1 -1 -1
-1 -1 -1 -1 -1
-1 -1 -1 -1
-1 -1 -1 -1 -1 -1
-1 -1 -1
-1 -1 -1 -1 -1 -1
-1 -1 -1 -1 -1 -1 -1
-1 -1 -1 -1 -1
-1 50 -1 -1 -1
-1 50 -1 -1 -1 -1
-1 -1 -1 -1
-1 -1 -1 -1
-1 -1 -1
-1 -1 -1
-1 -1 -1
-1 -1 -1
-1 -1 -1
-1 -1 -1 -1 -1
-1 -1 -1 -1
-1 80 80 -1 -1 -1 -1 -1
-1 80 80 486 486
-1 80 80 741 -1 -1
-1 80 80 -1 -1 -1 -1 -1
-1 80 80 -1 -1
-1 80 80 -1 -1 -1
-1 80 80 151 151 -1 -1
-1 80 80 746 746 746 -1 -1 -1
-1 80 80 151 151 -1 -1
-1 80 280
-1 80 445
-1 80 399
-1 80 144
-1 80 166 -1 -1
-1 80 321 321
-1 -1 -1
-1 -1 -1 -1 -1
-1 -1 -1 -1 -1
-1 -1 -1 -1 -1 -1
-1 -1 -1 -1 -1 -1
-1 -1 -1 -1 -1
-1 -1 -1 -1 -1 -1 -1
-1 -1 -1 -1
-1 -1 -1 -1
-1 -1 -1 -1
-1 -1 -1 -1 -1
-1 -1 -1 -1 -1
-1 -1 -1
-1 -1 -1 -1 -1 -1
-1 -1 -1 -1
-1 -1
-1 -1
-1 -1 -1 -1
-1 -1 -1 -1 -1
-1 80 -1 -1 -1 -1
-1 80 870 870 870 -1
-1 80 610 610 610 -1
-1 80 251 -1
-1 80 706 -1
-1 80 285 -1
-1 80 606 606 -1
-1 80 -1 -1 -1
-1 80 -1 -1 -1 -1 -1
-1 80 793 793 793 -1 -1
-1 80 870 870 870 -1
-1 80 610 610 610 -1
-1 80 606 606 -1
-1 -1 -1 -1 -1 -1 -1 -1
-1 -1 -1 -1 -1
-1 -1 -1 -1 -1 -1
-1 -1 -1 -1 -1 -1
-1 -1 -1 -1
-1 -1 -1 -1 -1
-1 -1 -1 -1 -1 -1
-1 -1 -1 -1 -1 -1
-1 -1 -1 -1 -1
-1 -1 -1 -1 -1 -1
-1 80 80 -1 -1
-1 -1 -1 -1 -1 -1
-1 69 69 -1 -1
-1 -1
-1 -1 -1 -1
-1 -1 -1 -1 -1
-1 -1 -1 -1 -1
-1 -1 -1
-1 80 741 -1 -1
-1 80 509 509 -1
-1 80 463 463 463 -1
-1 80 814 814 814
-1 80 610 610 610 -1
-1 80 427 427 -1 -1
-1 80 295 295 295
-1 80 757 757 757 -1 -1
-1 80 401 401 401 -1
-1 80 774
-1 80 793 793 793 -1 -1
-1 80 215
-1 80 204 204
-1 80 544 544
-1 80 823 -1 -1 -1 -1
-1 80 246 246
-1 80 166 -1 -1
-1 80 265 265 -1 -1 -1
-1 80 368 368 -1 -1
-1 80 452 452 452 -1
-1 80 291 291 291 -1 -1
-1 80 170 170
-1 80 813 813
-1 80 633 633
-1 80 650
-1 80 763 763 -1
-1 80 157 157 -1 -1 -1
-1 80 807 -1 -1 -1
-1 80 555 555
-1 80 88 88 -1
-1 80 794 794
-1 80 401 401 401 -1
-1 80 869 869 869
-1 80 463 463 463
-1 80 187 187 187
-1 80 814 814 814
-1 80 774
-1 80 793 793 793 -1 -1
-1 80 485 485 485
-1 80 235 235 -1
-1 80 583 583 -1
-1 80 269 269 269 269
-1 80 538 538 538 -1
-1 80 395 395
-1 80 169 169 169
-1 80 728 728 728
-1 80 331 -1 -1 -1 -1
-1 80 685 685 -1 -1
-1 80 849 -1 -1 -1 -1
-1 80 804 -1 -1 -1 -1
-1 80 781 781 -1 -1 -1
-1 80 817 -1 -1 -1
-1 80 635 635 635 -1 -1
-1 80 462 462 462
-1 80 861 861 861 -1
-1 80 161 -1
-1 80 870 870 870 -1
-1 80 610 610 610 -1
-1 80 259 -1 -1 -1 -1
-1 80 342 342 -1
-1 80 470 470 -1 -1 -1
-1 80 665 -1 -1 -1 -1
-1 80 212
-1 80 449 -1 -1
-1 80 396 -1 -1 -1
-1 80 853 -1 -1
-1 80 735 -1 -1 -1 -1
-1 80 874
-1 80 730 -1
-1 80 715
-1 80 743
-1 80 526
-1 80 160
-1 80 466
-1 80 210
-1 80 238 -1
-1 80 576
-1 80 589 -1
-1 80 129 -1
-1 -1 -1
-1 -1 -1 -1
-1 -1 -1
-1 -1 -1 -1 -1
-1 -1 -1 -1 -1
-1 -1 -1 -1
-1 -1 -1 -1 -1 -1 -1 -1
-1 -1 -1 -1 -1
-1 -1 -1 -1 -1 -1 -1 -1
-1 -1 -1 -1 -1 -1
-1 -1 -1 -1 -1 -1
-1 -1 -1 -1 -1
-1 -1 -1 -1 -1 -1
-1 -1 -1 -1 -1 -1
-1 80 80 832 -1 -1 -1 -1
-1 80 80 -1 -1
-1 -1 -1 -1
-1 -1 -1
-1 -1 -1
-1 80 741 -1 -1
-1 80 215
-1 80 295 295 295
-1 80 463 463 463
-1 80 870 870 870 -1
-1 80 761 -1
-1 80 427 427 -1 -1
-1 80 207 207 207
-1 80 732 732 732
-1 80 793 793 793 -1 -1
-1 80 452 452 452 -1
-1 -1 -1 -1
-1 -1 -1 -1 -1 -1 -1
-1 -1 -1 -1
-1 -1 -1 -1
-1 -1 -1 -1
-1 -1 -1 -1
-1 -1 -1
-1 -1 -1 -1
-1 -1 -1 -1
-1 -1 -1 -1
-1 -1 -1 -1 -1
-1 -1 -1 -1 -1 -1 -1 -1
-1 -1 -1 -1
-1 -1 -1 -1 -1
-1 -1 -1 -1 -1 -1
-1 -1 -1 -1 -1
-1 46 46 -1 -1 -1
-1 46 46 -1 -1 -1 -1
-1 -1 -1 -1
-1 -1 -1 -1
-1 -1 -1 -1
-1 -1 -1
-1 -1 -1 -1 -1
-1 -1 -1 -1
-1 -1 -1 -1
-1 -1 -1 -1
-1 -1 -1 -1
-1 80 -1 -1
-1 -1 -1 -1
-1 43 43 -1
-1 43 43 -1
-1 80 862 -1
-1 80 204 204
-1 80 198 198 -1 -1
-1 80 189 189
-1 80 188 188 188
-1 80 343 343 -1 -1 -1 -1
-1 80 781 781 -1 -1 -1
-1 80 638 -1
-1 80 121 121 121 121 -1
-1 -1 -1 -1
-1 -1 -1 -1 -1 -1
-1 -1 -1 -1 -1
-1 -1 -1 -1 -1 -1 -1 -1
-1 -1 -1
-1 -1 -1
-1 -1 -1 -1
-1 -1 -1
-1 -1 -1
-1 -1 -1
-1 -1 -1
-1 -1 -1 -1 -1 -1
-1 -1 -1 -1 -1
-1 -1 -1 -1 -1
-1 -1 -1 -1 -1 -1
-1 -1 -1 -1 -1
-1 -1 -1 -1 -1
-1 -1 -1 -1 -1
-1 -1 -1 -1 -1 -1 -1
-1 -1 -1 -1 -1 -1
-1 -1 -1 -1 -1
-1 -1 -1 -1 -1
-1 -1 -1 -1 -1
-1 80 -1 -1
-1 80 -1 -1
-1 80 -1
-1 80 -1 -1
-1 80 -1 -1
-1 80 166 -1
-1 -1 -1 -1 -1
-1 -1 -1 -1 -1
-1 80 321 321
-1 80 321 321
-1 80 321 321
-1 -1 -1
-1 -1 -1
-1 -1 -1 -1 -1 -1
-1 -1 -1 -1 -1 -1
-1 -1 -1
-1 -1 -1 -1 -1
-1 -1 -1 -1 -1
-1 -1 -1 -1 -1
-1 -1 -1 -1 -1
-1 -1 -1 -1
-1 -1 -1 -1
-1 -1 -1 -1 -1 -1
-1 -1 -1 -1
-1 -1 -1 -1
-1 -1 -1 -1 -1 -1
-1 -1 -1 -1 -1
-1 -1 -1 -1 -1 -1
-1 -1 -1 -1 -1 -1
-1 -1 -1 -1 -1
-1 -1 -1 -1 -1 -1 -1
-1 -1 -1 -1 -1 -1 -1
-1 -1 -1 -1
-1 -1 -1 -1 -1
-1 -1 -1 -1 -1
-1 -1 -1 -1 -1
-1 -1 -1 -1 -1
-1 -1 -1 -1
-1 -1 -1 -1 -1 -1
-1 -1 -1
-1 -1 -1 -1 -1
-1 -1 -1 -1
-1 -1 -1 -1 -1
-1 -1 -1
-1 -1 -1 -1 -1 -1
-1 -1 -1 -1
-1 11 11 -1 -1
-1 11 11 -1 -1
-1 11 11 848 -1
-1 -1 -1 -1 -1 -1
-1 -1 -1 -1 -1 -1
-1 -1 -1 -1 -1 -1
-1 -1 -1 -1 -1
-1 -1 -1 -1 -1
-1 -1 -1 -1 -1 -1
-1 -1 -1 -1 -1 -1 -1
-1 -1 -1 -1 -1 -1
-1 -1 -1 -1
-1 -1 -1 -1
-1 -1 -1 -1 -1
-1 -1 -1 -1 -1
-1 -1 -1 -1 -1
-1 -1 -1 -1 -1
-1 -1 -1 -1 -1
-1 -1 -1 -1 -1 -1 -1
-1 -1 -1 -1 -1 -1 -1
-1 -1 -1 -1 -1 -1 -1
-1 -1 -1 -1 -1 -1 -1 -1
-1 -1 -1 -1 -1 -1
-1 -1 -1 -1 -1 -1
-1 -1 -1 -1 -1
-1 -1 -1 -1 -1 -1
-1 -1 -1 -1 -1 -1 -1 -1
-1 -1 -1 -1 -1 -1 -1 -1
-1 -1 -1 -1 -1 -1
-1 -1 -1 -1 -1 -1 -1 -1
-1 -1 -1 -1 -1 -1 -1
-1 -1 -1 -1 -1 -1 -1 -1 -1
-1 -1 -1 -1 -1 -1 -1
-1 -1 -1 -1 -1 -1 -1 -1 -1
-1 -1 -1 -1
-1 -1 -1 -1 -1
-1 -1 -1 -1 -1 -1
-1 -1 -1 -1 -1 -1 -1
-1 -1 -1 -1 -1 -1 -1
-1 -1 -1 -1 -1 -1 -1
-1 -1 -1 -1 -1 -1 -1
-1 -1 -1 -1 -1 -1
-1 -1 -1 -1 -1 -1 -1 -1 -1
-1 -1 -1 -1 -1 -1 -1 -1 -1
-1 -1 -1 -1 -1 -1 -1 -1
-1 -1 -1 -1 -1 -1 -1
-1 -1 -1 -1 -1 -1 -1
-1 -1 -1 -1 -1 -1 -1 -1
-1 -1 -1 -1 -1 -1 -1
-1 -1 -1 -1 -1
-1 -1 -1 -1 -1
-1 -1 -1 -1 -1
-1 -1 -1 -1 -1 -1 -1
-1 -1 -1 -1 -1 -1
-1 -1 -1 -1 -1 -1
-1 -1 -1 -1 -1 -1 -1
-1 -1 -1 -1 -1
-1 -1 -1 -1
-1 42 42 -1
-1 42 42 -1 -1
-1 42 42 -1 -1
-1 42 42 -1 -1
-1 42 42 -1
-1 -1 -1
-1 -1 -1 -1 -1 -1 -1
-1 -1 -1 -1 -1 -1
-1 -1 -1 -1 -1 -1 -1
-1 -1 -1 -1 -1 -1 -1
-1 -1 -1 -1 -1 -1 -1 -1
-1 -1 -1 -1 -1 -1 -1 -1
-1 -1 -1 -1 -1
-1 -1 -1 -1 -1 -1 -1
-1 -1 -1 -1 -1 -1
-1 -1 -1 -1 -1 -1 -1 -1
-1 -1 -1 -1 -1 -1 -1 -1
-1 -1 -1 -1 -1 -1 -1
-1 -1 -1 -1 -1 -1
-1 -1 -1 -1 -1 -1 -1
-1 -1 -1 -1 -1 -1 -1 -1
-1 -1 -1 -1 -1 -1
-1 -1 -1 -1 -1 -1 -1
-1 -1 -1 -1 -1 -1
-1 -1 -1 -1 -1 -1 -1
-1 -1 -1 -1 -1 -1 -1
-1 -1 -1 -1 -1 -1 -1 -1
-1 -1 -1 -1
-1 -1 -1 -1 -1 -1 -1 -1
-1 -1 -1 -1 -1
-1 -1 -1 -1 -1 -1
-1 -1 -1 -1 -1 -1
-1 -1 -1 -1 -1
-1 -1 -1 -1
-1 -1 -1 -1 -1
-1 -1 -1 -1 -1
-1 -1 -1 -1 -1 -1
-1 -1 -1 -1 -1
-1 -1 -1 -1 -1 -1 -1
-1 -1 -1 -1 -1
-1 -1 -1 -1 -1 -1 -1
-1 -1 -1 -1 -1 -1
-1 -1 -1 -1 -1 -1 -1
-1 -1 -1 -1 -1 -1 -1
-1 -1 -1 -1 -1 -1 -1 -1
-1 -1 -1 -1 -1 -1 -1
-1 -1 -1 -1 -1 -1 -1 -1
-1 -1 -1 -1 -1 -1 -1
-1 -1 -1 -1 -1 -1
-1 -1 -1 -1 -1 -1 -1
-1 -1 -1 -1 -1 -1 -1
-1 -1 -1 -1 -1 -1 -1
-1 -1 -1 -1 -1 -1
-1 -1 -1 -1 -1 -1 -1 -1 -1
-1 -1 -1 -1 -1 -1 -1
-1 -1 -1 -1 -1
-1 -1 -1 -1
-1 -1 -1 -1 -1
-1 -1 -1
-1 -1
-1 -1 -1 -1 -1
-1 -1 -1 -1
-1 -1 -1 -1
-1 -1 -1 -1 -1 -1
-1 -1 -1 -1 -1 -1 -1 -1
-1 -1 -1 -1 -1
-1 -1 -1 -1
-1 -1 -1 -1 -1 -1 -1 -1
-1 -1 -1 -1 -1 -1
-1 -1 -1 -1 -1 -1 -1 -1
-1 -1 -1 -1 -1 -1 -1 -1
-1 -1 -1 -1 -1 -1
-1 -1 -1 -1 -1 -1 -1
-1 -1 -1 -1 -1 -1 -1 -1 -1 -1
-1 -1 -1 -1 -1 -1 -1 -1 -1 -1
-1 -1 -1 -1 -1 -1 -1 -1
-1 -1 -1 -1 -1 -1 -1 -1
-1 -1 -1 -1 -1 -1 -1
-1 -1 -1 -1 -1 -1 -1 -1 -1
-1 -1 -1 -1 -1 -1 -1
-1 -1 -1 -1 -1 -1 -1 -1 -1 -1 -1
-1 -1 -1 -1 -1 -1 -1 -1 -1 -1 -1 -1 -1
-1 -1 -1 -1
-1 -1 -1 -1
-1 -1 -1 -1 -1 -1 -1
-1 -1 -1 -1 -1 -1
-1 -1 -1 -1 -1
-1 -1 -1 -1
-1 -1 -1 -1 -1 -1
-1 -1 -1 -1
-1 -1 -1 -1
-1 -1 -1 -1 -1 -1
-1 -1 -1 -1 -1
-1 -1 -1 -1
-1 -1 -1 -1 -1 -1
-1 -1 -1 -1 -1
-1 -1 -1 -1
-1 -1 -1 -1 -1 -1
-1 -1 -1 -1 -1
-1 -1 -1 -1
-1 -1 -1 -1 -1
-1 -1 -1
-1 -1 -1 -1
-1 -1 -1 -1 -1 -1 -1
-1 -1 -1 -1 -1 -1 -1 -1
-1 -1 -1 -1 -1 -1 -1
-1 -1 -1 -1 -1
-1 -1 -1 -1 -1 -1 -1
-1 -1 -1 -1 -1 -1
-1 -1 -1 -1 -1
-1 -1 -1 -1 -1 -1 -1
-1 -1 -1 -1 -1 -1
-1 -1 -1 -1 -1 -1
-1 -1 -1 -1 -1 -1
-1 -1 -1 -1 -1
-1 -1 -1 -1
-1 -1 -1 -1 -1
-1 -1 -1 -1 -1 -1
-1 -1 -1 -1 -1 -1 -1
-1 -1 -1 -1 -1
-1 -1 -1 -1 -1 -1
-1 -1 -1 -1 -1 -1
-1 -1 -1 -1 -1 -1 -1
-1 -1 -1 -1 -1 -1
-1 38 429 -1 -1
-1 38 840 840
-1 38 785 -1 -1
-1 38 448
-1 38 165 165 -1
-1 38 -1 -1 -1 -1 -1 -1
-1 38 -1 -1 -1 -1
-1 -1
-1 -1 -1 -1 -1 -1
-1 -1 -1 -1 -1
-1 80 399
-1 -1 -1 -1 -1
-1 80 80 -1
-1 80 80 -1
-1 80 80 -1 -1
-1 80 80 -1 -1
-1 80 80 -1
-1 80 80 -1
-1 80 80 -1 -1 -1 -1
-1 80 -1 -1 -1
-1 80 176 -1
-1 80 551 -1
-1 80 729 -1
-1 80 -1 -1 -1
-1 80 -1 -1
-1 80 -1 -1
-1 80 -1 -1 -1
-1 80 -1
-1 80 -1
-1 80 199 -1
-1 80 -1 -1 -1
-1 80 -1 -1
-1 80 -1 -1 -1 -1
-1 80 -1 -1 -1
-1 80 -1 -1
-1 80 -1 -1 -1 -1
-1 80 -1
-1 80 -1
-1 80 -1
-1 80 -1 -1
-1 80 -1 -1
-1 80 -1
-1 80 -1
-1 80 80 281 -1
-1 80 80 551 -1
-1 80 80 -1 -1
-1 80 80 873
-1 80 786
-1 80 381 -1 -1 -1
-1 80 152 -1 -1 -1
-1 80 293 -1 -1 -1
-1 80 250
-1 80 661 661
-1 80 228 228
-1 80 551 -1
-1 80 176 -1
-1 80 236 236 236
-1 80 821 821 821
-1 80 202 202 -1
-1 80 333 -1
-1 80 202 202 -1
-1 80 333 -1
-1 80 202 202 -1
-1 80 333 -1 -1
-1 80 80 551 -1
-1 80 80 176 -1
-1 80 80 281 -1
-1 80 80 202 202 -1
-1 -1
-1 -1 -1 -1 -1 -1 -1
-1 -1 -1 -1 -1 -1
-1 -1 -1 -1 -1 -1 -1
-1 -1 -1 -1 -1 -1
-1 -1 -1 -1 -1 -1
-1 -1 -1 -1 -1 -1
-1 -1 -1 -1 -1 -1 -1 -1
-1 -1 -1 -1 -1 -1 -1 -1
-1 -1 -1 -1 -1 -1 -1
-1 -1 -1 -1 -1 -1
-1 -1 -1 -1 -1 -1 -1
-1 -1 -1 -1 -1 -1
-1 -1 -1 -1 -1 -1
-1 -1 -1 -1 -1 -1
-1 -1 -1 -1 -1 -1
-1 -1 -1 -1 -1 -1
-1 -1 -1 -1 -1
-1 -1 -1 -1 -1
-1 -1 -1 -1 -1 -1
-1 -1 -1
-1 -1 -1 -1 -1 -1
-1 -1 -1
-1 -1 -1 -1 -1 -1
-1 -1 -1 -1 -1 -1
-1 -1 -1 -1 -1
-1 -1 -1 -1 -1
-1 -1 -1 -1 -1 -1
-1 -1 -1 -1 -1 -1 -1 -1
-1 -1 -1 -1
-1 -1 -1 -1 -1
-1 -1 -1 -1 -1 -1 -1 -1
-1 -1 -1 -1 -1 -1
-1 -1 -1 -1 -1 -1
-1 -1 -1 -1 -1
-1 -1 -1 -1 -1
-1 -1 -1 -1 -1 -1 -1
-1 -1 -1 -1 -1 -1
-1 -1 -1 -1 -1
-1 -1 -1 -1 -1
-1 -1 -1 -1
-1 -1 -1 -1 -1 -1 -1
-1 -1 -1 -1 -1
-1 -1 -1 -1 -1
-1 -1 -1 -1 -1
-1 -1 -1 -1 -1 -1
-1 -1 -1 -1 -1 -1 -1
-1 -1 -1 -1
-1 -1 -1 -1 -1
-1 -1 -1 -1
-1 -1 -1 -1
-1 -1 -1 -1 -1 -1
-1 -1 -1 -1 -1 -1
-1 -1 -1 -1 -1 -1
-1 -1 -1 -1 -1 -1
-1 -1 -1 -1 -1 -1
-1 -1 -1 -1 -1 -1 -1 -1
-1 -1 -1 -1 -1 -1 -1 -1 -1
-1 -1 -1 -1 -1
-1 -1 -1 -1 -1 -1 -1 -1
-1 -1 -1 -1 -1 -1
-1 -1 -1 -1 -1 -1
-1 -1 -1 -1 -1 -1 -1
-1 -1 -1 -1 -1 -1 -1
-1 -1 -1 -1 -1 -1 -1 -1
-1 -1 -1 -1 -1
-1 -1 -1 -1 -1
-1 -1 -1 -1 -1 -1
-1 -1 -1 -1 -1
-1 -1 -1 -1 -1
-1 -1 -1 -1
-1 -1 -1 -1
-1 -1 -1 -1 -1 -1
-1 -1 -1 -1 -1 -1
-1 -1 -1 -1 -1 -1 -1
-1 -1 -1 -1 -1 -1 -1 -1
-1 -1 -1 -1 -1 -1
-1 -1 -1 -1 -1 -1 -1
-1 -1 -1 -1 -1 -1 -1
-1 -1 -1 -1 -1
-1 -1 -1 -1 -1
-1 -1 -1 -1 -1 -1
-1 -1 -1 -1 -1 -1
-1 -1 -1 -1 -1 -1 -1
-1 -1 -1 -1
-1 -1 -1 -1 -1 -1 -1
-1 -1 -1 -1 -1 -1 -1
-1 -1 -1 -1 -1 -1 -1 -1
-1 -1 -1 -1 -1 -1 -1 -1 -1 -1
-1 -1 -1 -1 -1 -1 -1 -1 -1 -1 -1 -1 -1
-1 -1 -1 -1 -1 -1 -1 -1 -1 -1 -1 -1 -1
-1 -1 -1 -1
-1 -1 -1 -1 -1 -1 -1 -1
-1 -1 -1 -1 -1 -1 -1
-1 -1 -1 -1 -1 -1 -1 -1 -1
-1 -1 -1 -1 -1 -1 -1
-1 -1 -1 -1 -1 -1 -1 -1 -1 -1
-1 -1 -1 -1 -1 -1 -1 -1 -1 -1
-1 -1 -1 -1 -1 -1
-1 -1 -1 -1 -1 -1 -1
-1 -1 -1 -1 -1 -1 -1 -1 -1 -1 -1
-1 -1 -1 -1 -1 -1 -1 -1 -1 -1 -1 -1 -1
-1 -1 -1 -1 -1 -1 -1 -1 -1 -1 -1 -1 -1 -1
-1 -1 -1 -1 -1 -1 -1 -1
-1 -1 -1 -1 -1 -1
-1 -1 -1 -1 -1 -1 -1 -1
-1 -1 -1 -1 -1 -1 -1 -1
-1 -1 -1 -1 -1 -1 -1 -1 -1
-1 -1 -1 -1 -1 -1 -1 -1 -1 -1 -1
-1 -1 -1 -1 -1 -1 -1 -1 -1 -1 -1 -1
-1 -1 -1 -1 -1 -1 -1 -1
-1 -1 -1 -1 -1 -1
-1 -1 -1 -1 -1 -1 -1 -1 -1 -1 -1 -1 -1
-1 -1 -1 -1 -1 -1 -1 -1 -1
-1 -1 -1 -1 -1 -1 -1
-1 -1 -1 -1 -1 -1
-1 -1 -1 -1 -1 -1 -1 -1
-1 -1 -1 -1 -1
-1 -1 -1 -1 -1 -1
-1 -1 -1 -1 -1 -1 -1
-1 -1 -1 -1 -1 -1 -1
-1 -1 -1 -1 -1 -1
-1 -1 -1 -1 -1 -1
-1 -1 -1 -1 -1 -1 -1
-1 -1 -1 -1 -1 -1 -1
-1 -1 -1 -1 -1 -1 -1 -1
-1 -1 -1 -1 -1 -1 -1 -1
-1 -1 -1 -1 -1 -1
-1 -1 -1 -1 -1 -1 -1 -1 -1
-1 -1 -1 -1 -1 -1 -1 -1 -1
-1 -1 -1 -1 -1 -1 -1 -1 -1
-1 -1 -1 -1 -1 -1 -1 -1 -1
-1 -1 -1 -1 -1 -1 -1 -1 -1
-1 -1 -1 -1 -1 -1 -1 -1 -1
-1 -1 -1 -1 -1 -1 -1 -1 -1
-1 -1 -1 -1 -1 -1 -1 -1 -1
-1 -1 -1 -1 -1 -1 -1 -1 -1
-1 -1 -1 -1 -1 -1 -1 -1 -1
-1 -1 -1 -1 -1 -1 -1 -1 -1
-1 -1 -1 -1 -1 -1 -1 -1 -1
-1 -1 -1 -1 -1 -1 -1 -1 -1
-1 -1 -1 -1 -1 -1 -1 -1 -1
-1 -1 -1 -1 -1 -1 -1 -1 -1
-1 -1 -1 -1 -1 -1 -1 -1 -1
-1 -1 -1 -1 -1 -1 -1 -1 -1
-1 -1 -1 -1 -1 -1 -1 -1 -1
-1 -1 -1 -1 -1 -1 -1 -1 -1
-1 -1 -1 -1 -1 -1 -1 -1 -1
-1 -1 -1 -1 -1 -1 -1 -1 -1
-1 -1 -1 -1 -1 -1
-1 -1 -1 -1 -1 -1 -1 -1 -1
-1 -1 -1 -1 -1 -1 -1 -1
-1 -1 -1 -1 -1 -1 -1 -1 -1
-1 -1 -1 -1 -1
-1 -1 -1 -1 -1 -1
-1 -1 -1 -1 -1
-1 -1 -1 -1
-1 -1 -1 -1 -1 -1
-1 -1 -1 -1 -1
-1 -1 -1 -1 -1
-1 -1 -1 -1 -1 -1 -1
-1 -1 -1 -1 -1 -1 -1
-1 -1 -1 -1 -1 -1
-1 -1 -1 -1 -1 -1 -1 -1
-1 -1 -1 -1
-1 -1 -1 -1 -1
-1 -1 -1 -1 -1
-1 -1 -1 -1 -1 -1
-1 -1 -1 -1 -1 -1
-1 -1 -1 -1 -1 -1
-1 -1 -1 -1 -1
-1 -1 -1 -1
-1 -1 -1 -1
-1 -1 -1 -1 -1 -1
-1 -1 -1 -1 -1 -1 -1
-1 -1 -1 -1 -1 -1
-1 -1 -1 -1 -1 -1
-1 -1 -1 -1 -1 -1 -1 -1 -1 -1 -1
-1 -1 -1 -1 -1 -1 -1 -1 -1 -1
-1 -1 -1 -1 -1 -1 -1 -1 -1 -1
-1 -1 -1 -1 -1 -1 -1 -1
-1 -1 -1 -1 -1 -1 -1
-1 -1 -1 -1 -1 -1 -1
-1 -1 -1 -1 -1 -1 -1
-1 -1 -1 -1 -1
-1 -1 -1
-1 -1 -1
-1 -1 -1 -1 -1
-1 -1 -1 -1 -1
-1 -1 -1
-1 -1 -1 -1 -1 -1 -1
-1 -1 -1 -1 -1
-1 -1 -1 -1 -1
-1 -1 -1 -1 -1 -1 -1
-1 -1 -1 -1 -1 -1 -1
-1 -1 -1 -1
-1 -1 -1 -1
-1 -1 -1 -1 -1
-1 -1 -1 -1
-1 -1 -1 -1
-1 -1
-1 -1 -1
-1 -1 -1
-1 -1 -1 -1 -1 -1
-1 -1 -1 -1 -1 -1
-1 -1 -1 -1
-1 -1 -1 -1 -1 -1
-1 76 76 -1
-1 76 76 -1
-1 76 76 -1
-1 76 76 -1
-1 76 76 -1
-1 76 76 -1 -1
-1 76 76 -1 -1
-1 76 76 -1 -1 -1
-1 71 71 -1 -1 -1
-1 71 71 -1 -1 -1
-1 71 71 497
-1 71 71 872
-1 71 71 -1
-1 71 71 -1
-1 71 71 -1
-1 71 71 375
-1 71 71 -1 -1
-1 71 71 -1 -1
-1 71 71 -1 -1 -1
-1 71 71 -1 -1
-1 71 71 -1 -1
-1 71 71 306 306 -1
-1 71 71 -1 -1
-1 71 71 -1
-1 71 71 -1 -1 -1 -1 -1 -1
-1 -1 -1 -1 -1 -1
-1 71 71 573 -1
-1 71 71 424 -1
-1 71 71 306 306 -1
-1 71 71 573 -1
-1 71 71 424 -1
-1 71 71 306 306 -1
-1 -1 -1 -1
-1 71 71 71 497
-1 71 71 71 872
-1 71 71 71 375
-1 71 71 334 -1
-1 71 71 -1 -1 -1
-1 71 71 334 -1
-1 71 71 -1 -1 -1
-1 -1 -1 -1 -1
-1 -1 -1 -1 -1 -1 -1
-1 -1 -1 -1 -1
-1 -1 -1 -1 -1 -1 -1
-1 -1 -1 -1 -1 -1
-1 -1 -1 -1 -1 -1
-1 -1 -1 -1 -1 -1 -1
-1 -1 -1 -1 -1 -1 -1
-1 -1 -1 -1 -1 -1 -1 -1
-1 -1 -1 -1 -1 -1 -1 -1
-1 -1 -1 -1 -1 -1 -1
-1 -1 -1 -1 -1 -1 -1 -1
-1 -1 -1 -1 -1 -1 -1 -1
-1 -1 -1 -1 -1 -1 -1
-1 -1 -1 -1 -1 -1 -1
-1 -1 -1 -1 -1 -1 -1
-1 76 76 76 -1
-1 76 76 76 -1 -1 -1 -1
-1 76 76 76 -1 -1
-1 76 76 76 213 -1
-1 -1 -1 -1 -1 -1
-1 -1 -1 -1 -1
-1 -1 -1 -1 -1 -1
-1 -1 -1 -1 -1
-1 -1 -1 -1 -1 -1
-1 -1 -1 -1
-1 -1 -1 -1
-1 -1 -1 -1 -1 -1 -1
-1 -1 -1 -1 -1 -1 -1
-1 -1 -1 -1
-1 -1 -1 -1
-1 -1 -1 -1 -1 -1
-1 -1 -1 -1 -1
-1 -1 -1 -1 -1 -1
-1 -1 -1 -1 -1 -1
-1 -1 -1 -1 -1 -1
-1 -1 -1 -1 -1 -1 -1
-1 -1 -1 -1 -1 -1 -1
-1 -1 -1 -1 -1
-1 76 76 -1 -1
-1 76 76 -1 -1 -1
-1 76 76 628 -1
-1 76 76 -1 -1
-1 76 76 748 -1
-1 76 76 -1 -1
-1 -1 -1 -1 -1
-1 -1 -1 -1
-1 -1 -1 -1 -1
-1 -1 -1 -1 -1 -1
-1 -1 -1 -1 -1
-1 -1 -1 -1 -1 -1
-1 -1 -1 -1 -1 -1
-1 -1 -1
-1 -1 -1
-1 -1 -1
-1 -1 -1 -1
-1 -1 -1 -1 -1
-1 60 60 -1 -1 -1
-1 60 60 -1 -1 -1 -1
-1 60 60 -1 -1 -1 -1 -1 -1
-1 60 60 -1 -1 -1 -1
-1 60 60 -1 -1 -1
-1 60 60 776 776 -1 -1
-1 -1 -1
-1 -1 -1
-1 -1 -1 -1
-1 60 -1 -1 -1 -1
-1 60 560 -1
-1 60 -1 -1
-1 60 -1 -1 -1 -1 -1
-1 60 60 60 -1 -1 -1
-1 -1 -1 -1 -1
-1 -1 -1 -1 -1
-1 -1 -1
-1 -1 -1 -1
-1 -1 -1 -1
-1 -1 -1 -1 -1 -1
-1 -1 -1 -1 -1 -1
-1 -1 -1 -1 -1 -1
-1 60 60 -1 -1 -1
-1 60 60 -1 -1 -1
-1 -1 -1
-1 -1 -1 -1
-1 60 60 -1 -1 -1
-1 -1 -1 -1 -1
-1 -1 -1 -1
-1 14 14 -1 -1 -1
-1 14 14 -1 -1 -1
-1 14 14 -1 -1 -1 -1
-1 14 14 -1 -1 -1
-1 14 14 14 -1 -1 -1
-1 -1 -1 -1 -1 -1 -1 -1
-1 -1 -1 -1 -1 -1
-1 60 60 647 -1
-1 -1 -1 -1
-1 60 60 60 776 776 -1
-1 60 60 60 -1 -1 -1
-1 -1 -1 -1 -1
-1 -1 -1 -1 -1
-1 -1 -1
-1 -1 -1 -1
-1 -1 -1 -1 -1
-1 -1 -1 -1
-1 60 60 60 -1 -1 -1
-1 -1 -1 -1
-1 -1 -1 -1
-1 60 60 219 219 219 219 -1
-1 60 60 -1 -1 -1
-1 -1 -1 -1
-1 -1 -1 -1
-1 -1 -1 -1 -1 -1
-1 60 60 560 -1
-1 60 60 -1 -1 -1
-1 60 60 -1 -1 -1 -1
-1 60 60 -1 -1 -1
-1 -1 -1
-1 -1 -1 -1
-1 -1 -1 -1 -1
-1 60 60 -1 -1 -1
-1 60 60 -1 -1 -1
-1 60 60 -1 -1 -1
-1 60 60 -1 -1 -1
-1 60 60 60 -1 -1 -1 -1
-1 60 60 60 -1 -1 -1 -1
-1 60 60 60 -1 -1 -1
-1 60 60 60 -1 -1 -1
-1 60 60 60 -1 -1 -1
-1 60 60 60 -1 -1 -1
-1 60 60 60 -1 -1 -1
-1 -1 -1
-1 60 60 60 -1 -1 -1
-1 -1 -1 -1 -1
-1 -1 -1 -1 -1
-1 60 60 -1 -1 -1
-1 60 60 -1 -1 -1
-1 -1 -1 -1
-1 -1 -1 -1
-1 60 60 560 -1 -1
-1 60 60 -1 -1 -1 -1
-1 60 60 -1 -1 -1
-1 60 60 -1 -1 -1
-1 60 60 -1 -1 -1 -1 -1
-1 60 60 -1 -1 -1
-1 60 60 219 219 219 219 -1
-1 -1 -1 -1 -1
-1 -1 -1 -1 -1
-1 -1 -1 -1 -1
-1 -1 -1 -1 -1
-1 -1 -1 -1
-1 -1 -1 -1
-1 -1 -1
-1 -1 -1 -1
-1 60 60 560 -1
-1 -1 -1 -1 -1 -1 -1
-1 -1 -1 -1 -1 -1 -1
-1 -1 0 0 -1 -1 -1
-1 -1 0 0 -1
-1 -1 0 0 -1
-1 -1 0 0 -1
-1 -1 0 0 -1
-1 -1 0 0 -1
-1 -1 0 0 -1
-1 -1 0 0 -1
-1 -1 0 0 -1
-1 -1 0 0 -1 -1 -1 -1
-1 -1 0 0 -1
-1 -1 0 0 -1 -1
-1 -1 0 0 -1
-1 -1 0 0 -1 -1
-1 -1 0 0 -1 -1 -1 -1 -1
-1 -1 0 0 -1
-1 -1 0 0 -1 -1 -1
-1 -1 0 0 -1
-1 -1 0 0 -1 -1
-1 -1 0 0 -1 -1
-1 -1 60 60 -1 -1 -1 -1
-1 -1 -1 -1
-1 -1 -1 -1 -1
-1 -1 -1 -1 -1
-1 -1 -1 -1 -1 -1
-1 -1 -1 -1 -1 -1
-1 -1 -1
-1 -1 -1 -1 -1
-1 -1 -1 -1 -1
-1 -1 -1 -1 -1
-1 -1 -1 -1
-1 -1 -1 -1 -1 -1
-1 -1 -1 -1 -1
-1 -1 -1 -1
-1 -1 -1 -1
-1 -1 -1 -1 -1
-1 -1 -1 -1 -1
-1 -1 -1 -1 -1
-1 -1 -1 -1 -1
-1 -1 -1 -1
-1 -1 -1 -1 -1
-1 -1 -1 -1
-1 -1 -1 -1
-1 -1 -1 -1
-1 -1 -1 -1
-1 -1 -1 -1
-1 -1 -1 -1
-1 -1 -1 -1
-1 -1 -1 -1
-1 -1 -1 -1
-1 -1 -1 -1
-1 -1 -1 -1
-1 -1 -1 -1
-1 -1 -1 -1
-1 -1 -1 -1
-1 -1 -1 -1
-1 -1 -1 -1
-1 -1 -1 -1
-1 -1 -1 -1
-1 -1 -1 -1
-1 -1 -1 -1
-1 -1 -1 -1
-1 -1 -1 -1
-1 -1 -1 -1
-1 -1 -1 -1
-1 -1 -1 -1 -1
-1 -1 -1 -1 -1
-1 -1 -1 -1 -1
-1 -1 -1 -1
-1 -1 -1 -1
-1 -1 -1 -1
-1 -1 -1 -1 -1
-1 -1 -1 -1 -1
-1 -1 -1 -1 -1
-1 -1 -1 -1
-1 -1 -1 -1
-1 -1 -1 -1
-1 -1 -1 -1 -1
-1 -1 -1 -1 -1 -1
-1 -1 -1 -1 -1
-1 -1 -1 -1 -1 -1 -1
-1 -1 -1 -1 -1
-1 -1 -1 -1 -1
-1 -1 -1 -1 -1 -1
-1 -1 -1 -1 -1
-1 -1 -1 -1
-1 80 80 -1
-1 80 862 -1 -1
-1 -1
-1 -1 -1 -1 -1 -1 -1 -1
-1 -1 -1 -1 -1 -1 -1 -1
-1 -1 -1 -1 -1 -1 -1 -1
-1 -1 -1 -1 -1 -1 -1 -1
-1 -1 -1 -1 -1 -1 -1 -1
-1 -1 -1 -1 -1 -1 -1
-1 -1 -1 -1 -1 -1 -1
-1 -1 -1 -1 -1 -1 -1 -1
-1 -1 -1 -1 -1 -1 -1 -1
-1 -1 -1 -1 -1 -1 -1 -1
-1 -1 -1 -1 -1 -1 -1 -1
-1 -1 -1 -1 -1 -1 -1 -1
-1 -1 -1 -1 -1 -1 -1 -1
-1 -1 -1 -1 -1 -1 -1 -1
-1 -1 -1 -1 -1 -1 -1 -1
-1 -1 -1 -1 -1 -1 -1 -1
-1 -1 18 18 18 780 -1 -1
-1 -1 18 18 18 341 -1 -1
-1 -1 18 18 18 460 -1 -1
-1 -1 18 18 18 780 -1 -1
-1 -1 18 18 18 341 -1 -1
-1 -1 18 18 18 460 -1 -1
-1 -1 8 8 8 778 -1 -1
-1 -1 8 8 8 339 -1 -1
-1 -1 8 8 8 458 -1 -1
-1 -1 8 8 8 8 778 -1 -1
-1 -1 8 8 8 8 339 -1 -1
-1 -1 8 8 8 8 458 -1 -1
-1 -1 -1 -1 -1 -1 -1 -1 -1
-1 -1 -1 -1 -1 -1 -1 -1 -1
-1 -1 -1 -1 -1 -1
-1 -1 -1 -1 -1 -1
-1 -1 -1 -1 -1
-1 -1 -1 -1 -1 -1
-1 -1 -1 -1 -1
-1 -1 -1 -1 -1 -1
-1 -1 -1 -1 -1
-1 -1 -1 -1 -1
-1 -1 -1 -1 -1 -1 -1
-1 80 -1 -1
-1 -1 -1 -1 -1
-1 -1 -1 -1 -1 -1
-1 -1 -1 -1
-1 -1 -1
-1 65 65 535
-1 65 65 535
-1 -1 -1 -1 -1 -1 -1
-1 -1 -1 -1 -1 -1 -1
-1 -1 -1 -1 -1 -1 -1
-1 -1 -1 -1 -1
-1 -1 -1 -1 -1
-1 -1 -1 -1 -1 -1
-1 -1 -1 -1 -1
-1 -1 -1 -1 -1 -1
-1 -1 -1 -1 -1 -1
-1 -1 -1 -1 -1 -1
-1 -1 -1 -1 -1 -1
-1 -1 -1
-1 -1 -1
-1 -1 -1
-1 -1 -1
-1 -1 -1
-1 -1 -1
-1 -1 -1
-1 -1 -1
-1 -1 -1
-1 -1 -1
-1 -1 -1 -1 -1
-1 -1 -1 -1
-1 -1 -1 -1 -1 -1 -1
-1 -1 -1 -1
-1 -1 -1 -1 -1 -1
-1 -1 -1 -1 -1 -1
-1 -1 -1 -1 -1 -1
-1 -1 -1 -1 -1 -1
-1 -1 -1 -1 -1
-1 -1 -1 -1 -1 -1
-1 -1 -1 -1 -1 -1
-1 -1 -1 -1 -1 -1 -1
-1 -1 -1 -1 -1 -1
-1 -1 -1 -1 -1 -1
-1 -1 -1 -1 -1 -1
-1 -1 -1 -1 -1 -1
-1 -1 -1 -1 -1 -1
-1 -1 -1 -1 -1
-1 -1 -1 -1 -1 -1 -1
-1 -1 -1 -1 -1 -1 -1
-1 -1 -1 -1 -1 -1 -1
-1 -1 -1 -1 -1 -1
-1 -1 -1 -1 -1 -1 -1
-1 -1 -1 -1
-1 -1 -1 -1
-1 -1 -1
-1 -1 -1 -1
-1 -1 -1 -1 -1
-1 -1 -1 -1
-1 59 59 59 433 -1 -1 -1
-1 59 59 59 718 -1
-1 77 77 222
-1 -1 -1 -1 -1
-1 -1 -1 -1 -1
-1 -1 -1 -1
-1 -1 -1 -1 -1 -1
-1 -1 -1 -1
-1 -1 -1 -1 -1 -1
-1 -1 -1 -1 -1 -1
-1 -1 -1
-1 67 67 67 221
-1 67 67 67 756 756 756
-1 67 67 67 104 104
-1 67 67 67 474 -1
-1 67 67 67 493 -1 -1 -1
-1 77 77 77 222
-1 -1 -1 -1
-1 -1 -1 -1
-1 67 67 67 221
-1 67 67 67 756 756 756
-1 67 67 67 104 104
-1 67 67 67 474 -1
-1 67 67 67 493 -1 -1 -1
-1 77 77 77 222
-1 -1 -1 -1 -1 -1
-1 -1 -1 -1 -1 -1
-1 -1 -1 -1 -1
-1 -1 -1 -1 -1 -1
-1 -1 -1 -1 -1
-1 -1 -1 -1 -1 -1
-1 -1 -1 -1 -1
-1 -1 -1 -1
-1 -1 -1 -1 -1 -1
-1 -1 -1 -1 -1
-1 -1 -1 -1 -1 -1
-1 -1 -1 -1 -1
-1 -1 -1 -1
-1 -1 -1 -1 -1
-1 -1 -1 -1 -1 -1
-1 -1 -1 -1 -1 -1
-1 -1 -1 -1 -1
-1 -1 -1 -1 -1 -1
-1 -1 -1 -1 -1
-1 -1 -1 -1 -1
-1 -1 -1 -1 -1
-1 -1 -1 -1 -1
-1 -1 -1 -1 -1
-1 -1 -1 -1 -1 -1
-1 -1 -1 -1
-1 -1 -1 -1 -1
-1 -1 -1 -1 -1
-1 -1 -1 -1 -1
-1 -1 -1 -1 -1 -1
-1 -1 -1 -1 -1 -1
-1 -1 -1 -1
-1 -1 -1 -1 -1 -1
-1 -1 -1 -1 -1
-1 -1 -1 -1 -1 -1
-1 -1 -1 -1 -1
-1 -1 -1 -1 -1
-1 -1 -1 -1 -1 -1
-1 -1 -1 -1 -1
-1 -1 -1 -1 -1
-1 -1 -1 -1
-1 -1 -1
-1 -1 -1
-1 -1 -1 -1 -1
-1 -1 -1 -1
-1 -1 -1 -1 -1 -1
-1 -1 -1 -1 -1 -1
-1 -1 -1 -1 -1 -1
-1 -1 -1 -1 -1
-1 -1 -1 -1
-1 -1 -1 -1
-1 -1 -1 -1 -1 -1
-1 -1 -1 -1 -1 -1 -1
-1 -1 -1 -1 -1 -1 -1
-1 -1 -1 -1 -1 -1 -1
-1 -1 -1 -1 -1 -1 -1
-1 -1 -1 -1 -1 -1
-1 -1 -1 -1
-1 -1 -1 -1
-1 -1 -1 -1 -1
-1 -1 -1 -1 -1
-1 -1 -1 -1 -1
-1 -1 -1 -1 -1 -1
-1 -1 -1 -1
-1 -1 -1 -1 -1
-1 -1 -1 -1 -1
-1 -1 -1 -1 -1
-1 -1 -1 -1 -1
-1 -1 -1 -1 -1
-1 -1 -1 -1
-1 81 -1 -1
-1 81 -1 -1 -1 -1 -1
-1 81 -1 -1 -1 -1 -1 -1
-1 81 -1 -1 -1 -1
-1 81 537 -1 -1
-1 81 835 835
-1 81 -1 -1
-1 81 101 -1 -1
-1 81 488 488
-1 81 739 739 -1
-1 81 81 -1 -1
-1 81 81 -1 -1 -1 -1
-1 81 81 488 488
-1 81 81 261 261 261
-1 81 81 101 -1 -1
-1 81 81 -1 -1 -1
-1 81 81 81 81 -1 -1
-1 81 81 81 81 -1 -1 -1 -1 -1 -1 -1
-1 81 81 81 81 -1 -1 -1 -1
-1 81 81 81 81 357 -1 -1
-1 81 81 81 81 -1 -1 -1 -1 -1
-1 81 81 81 81 -1 -1 -1 -1 -1 -1 -1 -1
-1 81 81 81 81 -1 -1 -1
-1 -1 -1 -1 -1 -1
-1 -1 -1 -1 -1 -1
-1 -1 -1 -1 -1 -1 -1 -1
-1 -1 -1 -1 -1
-1 -1 -1 -1 -1 -1 -1
-1 -1 -1 -1
-1 -1 -1 -1 -1 -1 -1 -1
-1 -1 -1 -1 -1
-1 -1
-1 -1 -1 -1 -1 -1
-1 -1 -1 -1 -1 -1
-1 -1 -1 -1 -1 -1
-1 -1 -1 -1
-1 -1 -1 -1 -1 -1 -1
-1 16 16 860 860
-1 16 16 -1 -1
-1 16 16 533
-1 16 16 -1 -1
-1 16 16 738 738 -1
-1 16 16 860 860
-1 16 16 -1 -1
-1 16 100 -1 -1
-1 16 487 487
-1 16 260 260 260
-1 16 533
-1 16 16 -1 -1 -1 -1 -1
-1 16 16 -1 -1 -1 -1 -1 -1 -1 -1 -1
-1 16 16 487 487
-1 16 16 260 260 260
-1 16 16 -1
-1 16 16 771 -1
-1 16 16 -1 -1 -1 -1 -1
-1 16 16 834 834
-1 16 16 100 -1 -1
-1 16 16 -1 -1
-1 16 16 -1 -1 -1 -1 -1
-1 16 16 738 738 -1
-1 16 16 533
-1 -1 -1
-1 -1 -1 -1 -1
-1 -1 -1 -1
-1 -1 -1 -1 -1
-1 -1 -1 -1 -1
-1 -1 -1 -1
-1 -1 -1 -1
-1 -1 -1
-1 -1 -1
-1 -1 -1
-1 -1 -1
-1 -1 -1
-1 80 80 691
-1 80 80 558
-1 80 80 762
-1 80 80 437
-1 -1 -1
-1 -1 -1
-1 -1 -1
-1 -1 -1 -1
-1 -1 -1 -1 -1 -1
-1 -1 -1 -1 -1
-1 -1 -1 -1 -1
-1 -1 -1 -1
-1 -1 -1 -1 -1
-1 -1 31 31 31 305 -1
-1 -1 31 31 31 -1
-1 -1 31 31 31 652
-1 -1 31 31 31 31 358 -1 -1
-1 -1 -1
-1 -1 -1 -1
-1 -1 -1 -1 -1 -1 -1
-1 -1 -1 -1 -1
-1 -1 31 31 31 305 -1
-1 -1 31 31 31 388 -1
-1 -1 31 31 31 -1
-1 -1 31 31 31 31 358 -1 -1
-1 -1 31 31 -1
-1 -1 31 31 -1
-1 -1 31 31 -1
-1 -1 31 31 -1
-1 -1 31 31 -1 -1
-1 -1 31 31 -1
-1 -1 31 31 -1
-1 -1 31 31 -1 -1
-1 38 464 464
-1 38 443 443 -1
-1 -1
-1 38 38 38 38 -1 -1 -1 -1 -1
-1 38 38 38 38 147 -1 -1
-1 38 38 38 38 820 -1
-1 38 38 38 38 -1 -1 -1 -1 -1
-1 -1 -1
-1 38 38 38 -1
-1 38 38 38 -1
-1 38 38 38 -1
-1 38 38 38 840 840
-1 38 38 38 -1 -1
-1 38 38 38 -1 -1
-1 38 38 38 -1 -1 -1 -1
-1 -1 -1 -1 -1 -1
-1 -1 -1 -1 -1 -1 -1
-1 -1 -1 -1
-1 -1 -1 -1 -1 -1 -1
-1 -1 -1 -1 -1 -1 -1 -1
-1 -1 -1 -1 -1 -1
-1 38 247 247 247 -1 -1
-1 38 165 165 -1
-1 38 464 464
-1 38 372 372 372
-1 38 690 690 -1 -1 -1 -1
-1 38 443 443
-1 -1 -1
-1 -1 -1 -1 -1 -1 -1
-1 -1 -1 -1 -1
-1 -1 -1 -1 -1 -1 -1
-1 -1 -1 -1 -1
-1 -1 -1 -1 -1
-1 -1 -1 -1 -1 -1
-1 -1 -1 -1 -1 -1
-1 -1 -1 -1 -1
-1 -1 -1 -1
-1 -1 -1 -1
-1 -1 -1 -1 -1
-1 -1 -1 -1 -1 -1 -1
-1 -1 -1 -1 -1
-1 -1 -1 -1 -1
-1 -1 -1 -1
-1 -1 -1 -1
-1 -1 -1 -1
-1 -1 -1 -1 -1
-1 -1 -1 -1 -1
-1 -1 -1 -1 -1
-1 -1 -1 -1
-1 -1 -1 -1
-1 -1 -1 -1
-1 -1 -1 -1 -1 -1
-1 -1 -1 -1 -1 -1
-1 -1 -1 -1 -1 -1
-1 -1 -1 -1 -1
-1 -1 -1 -1 -1
-1 -1 -1 -1 -1
-1 -1 -1 -1 -1
-1 -1 -1 -1
-1 -1 -1 -1
-1 -1 -1 -1 -1
-1 -1 -1 -1 -1
-1 -1 -1 -1 -1
-1 -1 -1 -1 -1
-1 64 64 -1 -1
-1 64 64 -1 -1
-1 64 64 -1 -1 -1
-1 64 64 -1 -1 -1 -1
-1 64 64 -1 -1
-1 64 64 -1 -1
-1 64 64 -1 -1 -1 -1
-1 64 64 -1 -1 -1 -1
-1 64 64 605 -1
-1 64 64 -1 -1
-1 64 64 369 369
-1 64 64 481
-1 64 64 -1 -1
-1 64 64 -1 -1 -1
-1 64 64 602
-1 64 64 -1
-1 64 64 -1
-1 64 64 -1 -1
-1 64 64 -1 -1 -1 -1
-1 64 64 -1 -1 -1
-1 64 64 294 294 294 -1 -1
-1 64 64 678 -1 -1
-1 64 64 387 -1 -1 -1
-1 64 64 64 356 -1 -1
-1 64 64 64 435 435 -1
-1 64 64 64 563 563 -1
-1 64 64 64 598 598 -1 -1
-1 64 64 64 220 220 -1 -1
-1 64 64 64 837 -1
-1 64 64 64 193 193 -1
-1 64 64 64 812 812 -1
-1 64 64 64 117 117 -1 -1
-1 64 64 64 865 865 -1 -1
-1 64 64 64 721 721 721 -1 -1 -1
-1 -1 -1
-1 64 64 -1 -1
-1 64 64 304 -1
-1 64 64 603
-1 64 64 -1 -1 -1 -1
-1 64 64 563 563 -1
-1 64 64 -1 -1
-1 64 64 -1 -1 -1
-1 64 64 -1 -1 -1
-1 64 64 651 -1 -1
-1 64 64 -1 -1 -1 -1
-1 64 64 812 812 -1
-1 64 64 -1 -1
-1 64 64 692
-1 64 64 -1
-1 64 64 -1
-1 64 64 168
-1 64 64 838 838
-1 64 64 -1
-1 64 64 -1 -1 -1 -1
-1 64 64 -1 -1
-1 64 64 -1 -1 -1
-1 64 64 -1 -1 -1
-1 64 64 -1 -1
-1 64 64 -1 -1
-1 64 64 540 540
-1 64 64 -1 -1 -1
-1 64 64 -1 -1 -1
-1 64 64 -1 -1
-1 64 64 392 392
-1 64 64 229
-1 64 64 -1
-1 64 64 605 -1
-1 64 64 402 402 402
-1 64 64 425
-1 64 64 833 -1
-1 64 64 666 -1 -1 -1 -1
-1 64 64 -1
-1 64 64 239 -1
-1 64 64 191 -1 -1 -1
-1 64 64 450 -1 -1
-1 64 64 -1
-1 64 64 -1
-1 64 64 545
-1 64 64 -1 -1
-1 64 64 664 -1
-1 64 64 772 -1
-1 64 64 -1 -1 -1
-1 64 64 232 232 232 232
-1 64 64 442 442 442
-1 64 64 380 380 380
-1 64 64 532 532 532
-1 64 64 752 752 752
-1 64 64 724 -1
-1 64 64 520 -1 -1
-1 64 64 522 -1 -1 -1
-1 64 64 217 217 -1
-1 64 64 226 -1
-1 64 64 205 -1 -1 -1
-1 64 64 802 802 -1 -1
-1 64 64 -1 -1
-1 64 64 -1 -1
-1 64 64 -1 -1
-1 64 64 -1 -1
-1 64 64 -1 -1 -1
-1 64 64 603
-1 64 64 92 92 92 -1
-1 64 64 292 292 -1 -1
-1 64 64 745 -1 -1
-1 64 64 712 -1
-1 64 64 89 89 -1
-1 64 64 481
-1 64 64 491 -1
-1 64 64 367 367
-1 64 64 406
-1 64 64 653 -1
-1 64 64 722
-1 64 64 744 744 -1
-1 64 64 303 -1 -1 -1
-1 64 64 578
-1 64 64 472 -1
-1 64 64 233
-1 64 64 773
-1 64 64 684
-1 64 64 467
-1 64 64 332 332 332 -1 -1
-1 64 64 760 -1
-1 64 64 211
-1 64 64 529 529 -1
-1 64 64 411 411 -1
-1 64 64 637 637 -1
-1 64 64 197 197 -1
-1 64 64 824 -1
-1 64 64 478 478 -1 -1
-1 64 64 98 98
-1 64 64 439 -1
-1 64 64 272 272 -1
-1 64 64 559 559 -1
-1 64 64 182 -1
-1 64 64 107 -1
-1 64 64 602
-1 64 64 400 -1
-1 64 64 428 428
-1 64 64 816
-1 64 64 777 777 777 -1
-1 64 64 218 -1
-1 64 64 795 795 -1
-1 64 64 508 508
-1 64 64 624 -1 -1
-1 64 64 216
-1 64 64 230 -1
-1 64 64 137 -1
-1 64 64 866 866 -1
-1 64 64 276 276 -1
-1 64 64 697 697 -1 -1
-1 64 64 264
-1 64 64 658 658 -1
-1 64 64 419 -1
-1 64 64 287
-1 64 64 150 -1
-1 64 64 376 -1 -1
-1 64 64 656 -1 -1
-1 64 64 615 615
-1 64 64 294 294 294 -1 -1
-1 64 64 678 -1 -1
-1 64 64 173 -1 -1 -1 -1
-1 64 64 575 575 575 -1
-1 64 64 128 -1 -1
-1 64 64 355 -1
-1 -1 -1 -1
-1 -1 -1 -1
-1 -1 -1 -1 -1 -1 -1
-1 -1 -1 -1 -1
-1 -1 -1
-1 64 64 64 711 711 -1
-1 -1 -1 -1 -1
-1 -1 -1 -1
-1 -1 -1 -1 -1
-1 -1 -1 -1
-1 -1 -1 -1
-1 -1 -1 -1 -1
-1 -1 -1 -1 -1
-1 -1 -1 -1 -1 -1 -1
-1 -1 -1 -1 -1 -1 -1
-1 -1 -1 -1 -1 -1 -1
-1 -1 -1 -1 -1 -1 -1
-1 -1 -1 -1 -1 -1 -1
-1 -1 -1
-1 -1 -1
-1 64 64 304 -1
-1 64 64 -1
-1 64 64 -1 -1 -1
-1 64 64 -1 -1
-1 64 64 -1
-1 64 64 -1 -1 -1 -1
-1 64 64 -1 -1 -1 -1
-1 64 64 -1 -1
-1 64 64 369 369
-1 64 64 167 -1 -1
-1 64 64 -1 -1 -1
-1 64 64 387 -1 -1 -1
-1 -1 -1 -1
-1 64 64 64 435 435 -1
-1 64 64 64 598 598 -1 -1
-1 64 64 64 220 220 -1 -1
-1 64 64 64 394 394 -1 -1
-1 64 64 64 398 398 -1 -1
-1 64 64 64 837 -1
-1 64 64 64 193 193 -1
-1 64 64 64 117 117 -1 -1
-1 64 64 64 865 865 -1 -1
-1 64 64 64 450 -1 -1
-1 64 64 64 721 721 721 -1 -1 -1
-1 -1 -1 -1
-1 -1 -1 -1
-1 -1 -1 -1
-1 -1 -1 -1
-1 -1 -1 -1
-1 -1 -1 -1
-1 -1 -1 -1 -1
-1 -1 -1 -1
-1 -1
-1 -1 -1 -1 -1
-1 -1 -1 -1 -1
-1 -1 -1 -1 -1
-1 -1 -1 -1 -1 -1
-1 -1 -1 -1
-1 -1 -1 -1 -1 -1 -1
-1 -1 -1 -1 -1
-1 -1 -1 -1 -1
-1 -1 -1 -1 -1 -1
-1 -1 64 64 545
-1 -1 -1 -1 -1
-1 -1 -1 -1 -1
-1 -1 -1 -1
-1 -1 -1 -1 -1
-1 -1 -1 -1
-1 -1 -1 -1 -1 -1
-1 -1 -1 -1 -1 -1 -1 -1 -1
-1 -1 -1 -1 -1 -1
-1 -1 -1
-1 -1 -1 -1 -1
-1 -1 -1 -1
-1 -1 -1 -1 -1
-1 -1 -1 -1
-1 -1 -1 -1 -1 -1 -1
-1 -1 -1 -1
-1 -1 -1 -1
-1 -1 64 64 -1 -1
-1 -1 64 64 369 369
-1 -1 64 64 167 -1
-1 -1 -1 -1 -1 -1
-1 -1 -1 -1 -1
-1 -1 -1 -1 -1 -1
-1 -1 -1
-1 -1 -1 -1
-1 -1 -1 -1
-1 55 55 55 -1 -1
-1 55 55 -1 -1
-1 -1 -1 -1 -1 -1
-1 -1 -1 -1
-1 -1
-1 -1 -1
-1 -1 -1 -1
-1 -1
-1 -1 -1 -1
-1 -1 -1 -1 -1 -1
-1 -1 -1 -1
-1 -1 -1 -1 -1
-1 -1 -1 -1 -1
-1 -1 -1 -1 -1
-1 -1 -1 -1 -1 -1
-1 -1 -1 -1 -1 -1 -1
-1 -1 -1 -1 -1 -1
-1 55 55 -1 -1 -1 -1
-1 55 55 -1 -1 -1
-1 -1 -1 -1 -1 -1
-1 -1 -1 -1
-1 -1 -1 -1
-1 -1 -1 -1
-1 -1 -1 -1
-1 -1 -1 -1
-1 -1 -1 -1
-1 -1 -1 -1
-1 -1 -1 -1
-1 -1 -1
-1 -1 -1
-1 -1 -1 -1
-1 -1 -1 -1
-1 -1 -1 -1
-1 -1 -1 -1
-1 -1 -1 -1
-1 -1 -1 -1
-1 -1 -1 -1
-1 -1 -1 -1
-1 -1 -1 -1
-1 -1 -1 -1
-1 -1 -1
-1 -1 -1
-1 -1 -1 -1 -1 -1
-1 -1 -1 -1 -1 -1
-1 -1 36 36 643
-1 -1 36 36 -1 -1
-1 -1 36 36 -1
-1 -1 36 36 -1
-1 -1 36 36 -1 -1
-1 -1 36 36 -1
-1 -1 -1 -1 -1 -1 -1
-1 -1 -1 -1 -1 -1 -1
-1 -1 -1 -1
-1 -1 -1 -1
-1 -1 -1 -1 -1 -1 -1 -1 -1 -1 -1
-1 -1 -1 -1 -1 -1 -1 -1 -1 -1 -1
-1 -1 61 61 61 -1 -1 -1
-1 -1 61 61 61 -1 -1 -1
-1 -1 61 61 -1
-1 -1 -1 -1 -1
-1 -1 -1 -1 -1
-1 -1 -1 -1 -1
-1 -1 -1 -1 -1 -1 -1 -1
-1 -1 -1 -1 -1
-1 -1 -1 -1 -1 -1
-1 -1 -1 -1 -1 -1 -1
-1 -1 -1 -1 -1 -1
-1 -1 -1 -1 -1
-1 -1 -1 -1 -1
-1 -1 -1 -1 -1
-1 -1 -1 -1 -1
-1 -1 -1 -1 -1
-1 -1 -1 -1 -1 -1
-1 -1 -1 -1 -1
-1 -1 -1 -1 -1
-1 -1 -1 -1 -1
-1 -1 -1 -1 -1
-1 -1 61 61 434 -1
-1 -1 61 61 -1 -1 -1 -1 -1
-1 -1 61 61 -1 -1
-1 -1 61 61 -1 -1 -1
-1 -1 -1 -1 -1 -1 -1
-1 -1 -1 -1 -1
-1 -1 -1 -1 -1
-1 -1 -1 -1 -1 -1
-1 -1 -1 -1 -1 -1
-1 -1 -1 -1
-1 -1 -1
-1 -1 -1
-1 -1 -1 -1
-1 -1
-1 -1 -1 -1
-1 -1 -1 -1
-1 -1 -1
-1 -1 -1
-1 -1 -1 -1
-1 -1
-1 -1 -1
-1 -1
-1 -1 -1
-1 -1 -1 -1 -1
-1 -1 -1 -1 -1
-1 -1 -1 -1
-1 -1 -1 -1
-1 -1 -1 -1
-1 -1 -1
-1 -1 -1 -1
-1 -1 -1
-1 -1 -1 -1 -1
-1 -1 -1 -1
-1 -1 -1 -1
-1 -1 -1 -1 -1 -1
-1 -1 -1 -1 -1
-1 -1 -1 -1
-1 -1 -1 -1 -1
-1 -1 -1
-1 -1 -1 -1 -1
-1 -1 -1 -1 -1
-1 -1 -1 -1
-1 -1 -1
-1 -1 -1 -1
-1 -1 -1
-1 -1 -1
-1 -1 -1
-1 -1 -1
-1 -1 -1 -1
-1 -1 -1
-1 -1 -1
-1 -1 -1 -1 -1 -1
-1 -1 -1 -1 -1
-1 -1 -1 -1 -1
-1 -1 -1
-1 -1 -1 -1
-1 -1 -1
-1 -1 -1 -1
-1 -1 -1
-1 -1 -1 -1
-1 -1 -1 -1
-1 -1 -1
-1 -1 -1
-1 -1 -1
-1 -1 -1 -1
-1 -1 -1 -1 -1
-1 -1 -1 -1 -1
-1 -1 -1
-1 -1 -1 -1 -1
-1 -1 -1
-1 -1 -1 -1
-1 -1 -1 -1 -1 -1 -1 -1
-1 -1 -1 -1 -1 -1
-1 -1 -1 -1 -1 -1
-1 -1 -1 -1
-1 -1 -1 -1
-1 -1 -1 -1 -1
-1 -1 -1 -1
-1 -1 -1 -1
-1 -1 -1 -1
-1 -1 -1 -1 -1
-1 -1 -1 -1 -1
-1 -1 -1 -1 -1 -1
-1 -1 -1 -1 -1
-1 -1 -1 -1 -1
-1 -1 -1 -1 -1
-1 -1 -1 -1
-1 -1 -1 -1 -1 -1
-1 -1 -1 -1 -1 -1
-1 -1 -1 -1 -1 -1 -1
-1 78 -1 -1 -1
-1 78 78 78 645 -1 -1 -1 -1
-1 78 78 78 645 -1 -1 -1 -1
-1 78 78 78 78 645 -1 -1 -1 -1
-1 78 78 78 78 645 -1 -1 -1 -1
-1 78 78 78 78 645 -1 -1 -1 -1
-1 78 78 78 78 645 -1 -1 -1 -1
-1 78 78 430 -1 -1 -1
-1 78 78 -1 -1 -1 -1 -1
-1 -1 -1 -1 -1 -1 -1
-1 -1 -1 -1
-1 -1 -1 -1 -1
-1 -1 -1 -1 -1 -1
-1 -1 -1 -1 -1 -1
-1 -1 -1 -1 -1 -1
-1 -1 -1 -1 -1 -1
-1 -1 -1 -1 -1
-1 -1 -1 -1
-1 -1 -1 -1 -1
-1 -1 -1 -1 -1 -1
-1 -1 -1 -1 -1 -1
-1 -1 -1 -1 -1 -1 -1
-1 -1 -1 -1 -1 -1
-1 -1 -1 -1 -1 -1
-1 -1 -1 -1 -1 -1
-1 -1 -1 -1 -1
-1 -1 -1 -1 -1 -1
-1 -1 -1
-1 -1 -1 -1
-1 -1 -1 -1 -1
-1 -1 -1 -1
-1 -1 -1 -1 -1 -1
-1 -1 -1 -1
-1 -1 -1 -1
-1 -1 -1 -1 -1 -1 -1
-1 -1 -1 -1 -1
-1 -1 -1 -1
-1 -1 -1 -1 -1
-1 -1 -1 -1 -1 -1
-1 -1 -1 -1
-1 -1 -1 -1 -1 -1 -1
-1 -1 -1
-1 -1 -1 -1 -1 -1
-1 -1 -1 -1 -1 -1
-1 -1 -1 -1 -1 -1
-1 -1 -1 -1 -1
-1 -1 -1 -1 -1 -1 -1
-1 -1 -1
-1 -1 -1 -1
-1 -1 -1 -1
-1 -1 -1 -1
-1 -1 -1 -1 -1 -1 -1 -1
-1 -1 -1 -1 -1 -1
-1 -1 -1 -1
-1 -1 -1
-1 -1 -1 -1
-1 -1 -1 -1 -1
-1 -1 -1
-1 -1 -1 -1
-1 -1 -1 -1 -1 -1
-1 -1 -1 -1
-1 -1 -1 -1
-1 -1 -1 -1 -1
-1 -1 -1 -1 -1 -1
-1 -1 -1 -1 -1
-1 -1 -1 -1 -1
-1 -1 -1 -1 -1 -1
-1 -1 -1 -1 -1 -1 -1
-1 -1 -1 -1
-1 -1 -1 -1 -1 -1
-1 -1 -1 -1
-1 -1 -1 -1
-1 -1 -1 -1
-1 -1 -1
-1 -1 -1 -1
-1 -1 -1 -1
-1 -1 -1
-1 -1 -1 -1
-1 -1 -1 -1
-1 -1 -1 -1 -1 -1 -1
-1 -1 -1 -1 -1 -1 -1 -1
-1 -1 -1 -1 -1 -1 -1 -1
-1 -1 -1 -1 -1 -1
-1 -1 -1
-1 -1 -1 -1
-1 -1 -1 -1 -1
-1 -1 -1 -1 -1 -1
-1 -1 -1 -1 -1 -1
-1 -1 -1 -1 -1
-1 -1 -1 -1 -1 -1
-1 -1 -1 -1 -1 -1 -1
-1 -1 -1 -1 -1 -1
-1 -1 -1 -1 -1 -1
-1 -1 -1
-1 -1 -1 -1 -1
-1 -1 -1 -1
-1 -1 -1 -1 -1
-1 -1 -1 -1 -1
-1 -1 -1 -1
-1 -1 -1 -1
-1 -1 -1
-1 -1 -1 -1 -1
-1 -1 -1 -1 -1 -1 -1 -1
-1 -1 -1 -1
-1 -1 -1 -1 -1 -1 -1
-1 -1 -1 -1 -1 -1
-1 -1 -1 -1 -1
-1 -1 -1 -1 -1 -1
-1 -1 -1 -1 -1
-1 -1 -1 -1 -1 -1 -1
-1 -1 -1 -1
-1 -1 -1 -1 -1 -1 -1
-1 -1 -1 -1 -1
-1 -1 -1 -1 -1
-1 -1 -1 -1 -1 -1
-1 -1 -1 -1
-1 -1 -1 -1 -1 -1 -1
-1 -1 -1 -1 -1
-1 -1 -1 -1 -1
-1 -1 -1 -1 -1
-1 -1 -1 -1 -1 -1
-1 -1 -1 -1 -1 -1 -1
-1 -1 -1
-1 -1 -1 -1 -1
-1 -1 -1 -1 -1 -1
-1 -1 -1 -1
-1 -1 -1 -1 -1 -1
-1 -1 -1
-1 -1 -1 -1 -1 -1 -1
-1 -1 -1
-1 -1 -1 -1
-1 -1 -1 -1 -1 -1 -1
-1 -1 -1 -1 -1 -1 -1
-1 -1 -1 -1 -1 -1 -1
-1 -1 -1 -1 -1 -1
-1 -1 -1 -1 -1 -1 -1
-1 -1 -1 -1 -1 -1 -1
-1 -1 -1 -1 -1 -1
-1 -1 -1 -1 -1 -1
-1 -1 -1 -1 -1
-1 -1 -1
-1 -1 -1 -1
-1 -1 -1 -1 -1
-1 -1 -1
-1 -1 -1 -1
-1 -1 -1 -1
-1 -1 -1
-1 -1 -1 -1
-1 -1 -1 -1
-1 -1 -1 -1
-1 -1 -1 -1
-1 -1 -1 -1 -1
-1 -1 -1
-1 -1 -1 -1
-1 -1 -1 -1 -1 -1
-1 -1 -1 -1 -1
-1 -1 -1 -1
-1 -1 -1 -1
-1 -1 -1
-1 -1 -1
-1 -1 -1 -1
-1 -1 -1
-1 -1 -1 -1
-1 -1 -1 -1
-1 -1 -1 -1
-1 -1 -1 -1 -1 -1 -1
-1 -1 -1
-1 -1 -1
-1 -1 -1 -1 -1
-1 -1 -1 -1 -1 -1
-1 -1 -1 -1
-1 -1 -1 -1 -1 -1
-1 -1 -1 -1 -1 -1 -1
-1 -1 -1 -1 -1 -1
-1 -1
-1 -1 -1 -1 -1 -1 -1
-1 -1 -1 -1 -1 -1 -1 -1
-1 -1 -1 -1 -1 -1
-1 -1 -1 -1 -1 -1
-1 -1 -1 -1 -1 -1 -1
-1 -1 -1 -1 -1 -1 -1 -1
-1 -1 -1 -1 -1 -1 -1 -1 -1 -1 -1
-1 -1 -1 -1 -1 -1 -1
-1 -1 -1 -1 -1 -1 -1
-1 -1 -1 -1
-1 -1 -1 -1 -1
-1 -1 -1 -1 -1
-1 -1 -1 -1 -1 -1 -1 -1 -1
-1 -1 -1 -1 -1 -1 -1 -1 -1
-1 -1 -1 -1 -1 -1 -1 -1 -1
-1 -1 -1 -1 -1 -1 -1 -1 -1
-1 -1 -1 -1 -1 -1 -1
-1 -1 -1 -1 -1
-1 -1 -1 -1 -1 -1
-1 -1 -1
-1 -1 -1 -1 -1 -1
-1 -1 -1
-1 -1 -1 -1 -1 -1 -1
-1 -1 -1 -1 -1
-1 -1 -1 -1 -1
-1 -1 -1 -1 -1
-1 -1 -1 -1
-1 -1 -1 -1 -1
-1 -1 -1 -1 -1 -1 -1
-1 -1 -1 -1 -1
-1 -1 -1 -1 -1 -1 -1
-1 -1 -1 -1 -1
-1 -1 -1
-1 -1 -1
-1 -1 -1 -1 -1
-1 -1 -1 -1 -1 -1 -1
-1 -1 -1
-1 -1 -1 -1
-1 -1 -1 -1
-1 -1 -1
-1 -1 -1 -1
-1 -1 -1 -1 -1
-1 -1 -1 -1
-1 -1 -1 -1 -1
-1 -1 -1 -1
-1 -1 -1 -1 -1 -1 -1
-1 -1 -1 -1 -1 -1
-1 -1 -1 -1
-1 -1 -1 -1 -1 -1 -1 -1 -1 -1 -1
-1 -1 -1 -1 -1 -1 -1 -1
-1 -1
-1 -1
-1 -1 -1 -1 -1
-1 -1 -1 -1 -1 -1
-1 -1 -1 -1 -1 -1 -1 -1 -1
-1 -1 -1 -1 -1 -1
-1 -1 -1 -1 -1 -1 -1 -1 -1
-1 -1 -1 -1 -1 -1
-1 -1 -1 -1 -1 -1 -1 -1 -1 -1 -1
-1 -1 -1 -1 -1 -1 -1 -1
-1 3 3 3 3 3 -1 -1 -1 -1 -1
-1 3 3 3 3 3 -1 -1 -1 -1 -1 -1
-1 52 52 52 52 52 -1 -1 -1 -1 -1
-1 -1 -1 -1 -1 -1 -1 -1 -1 -1
-1 9 9 9 -1 -1 -1 -1 -1
-1 70 70 -1 -1 -1 -1 -1
-1 70 70 70 -1 -1 -1 -1 -1
-1 70 70 70 -1 -1 -1
-1 -1 -1 -1
-1 -1 -1 -1 -1 -1
-1 -1 -1 -1 -1 -1
-1 -1 -1 -1 -1
-1 70 70 70 -1 -1 -1 -1 -1 -1
-1 70 70 70 -1 -1 -1
-1 -1 -1 -1 -1 -1
-1 -1 -1 -1
-1 -1 -1
-1 -1 -1 -1
-1 -1
-1 -1 -1 -1 -1
-1 -1 -1 -1
-1 -1 -1
-1 -1 -1
-1 -1 -1 -1 -1 -1
-1 -1 -1 -1 -1
-1 -1 -1 -1 -1 -1 -1 -1
-1 -1 -1 -1 -1 -1 -1
-1 -1 -1 -1 -1 -1 -1 -1
-1 -1 -1
-1 -1 -1
-1 -1 -1 -1 -1 -1 -1
-1 -1 -1
-1 -1 -1 -1
-1 -1 -1 -1 -1
-1 32 642 -1 -1 -1 -1
-1 32 -1 -1 -1
-1 32 32 642 -1 -1 -1 -1
-1 32 642 -1 -1 -1 -1
-1 51 51 -1 -1
-1 51 51 -1 -1 -1 -1 -1
-1 51 51 -1 -1 -1 -1 -1
-1 51 51 -1 -1 -1 -1 -1 -1
-1 51 51 -1 -1
-1 51 51 -1 -1 -1
-1 51 51 -1 -1 -1 -1 -1 -1
-1 51 51 -1 -1 -1
-1 51 51 -1 -1
-1 51 51 -1 -1 -1 -1
-1 51 51 -1 -1 -1 -1
-1 51 51 -1 -1 -1
-1 51 51 -1 -1 -1 -1 -1 -1
-1 51 51 51 -1 -1 -1 -1 -1
-1 51 51 51 -1 -1 -1
-1 51 51 51 -1 -1
-1 51 51 51 -1 -1 -1 -1
-1 51 51 51 -1 -1 -1 -1 -1
-1 51 51 51 -1 -1 -1
-1 51 51 51 -1 -1
-1 51 51 51 -1 -1 -1 -1
-1 51 51 51 -1 -1 -1 -1 -1
-1 51 51 51 -1 -1
-1 51 51 51 -1 -1 -1
-1 -1 -1 -1 -1 -1
-1 -1 -1 -1 -1 -1 -1
-1 -1 -1 -1 -1
-1 -1 -1 -1
-1 -1 -1 -1
-1 -1 -1 -1
-1 -1 -1
-1 -1 -1 -1 -1
-1 -1 -1 -1
-1 -1 -1 -1 -1
-1 -1 -1 -1 -1
-1 -1 -1 -1 -1
-1 -1 -1 -1 -1
-1 -1 -1 -1 -1 -1 -1
-1 -1 -1
-1 -1 -1 -1
-1 -1 -1 -1
-1 -1 -1
-1 -1 -1
-1 -1 -1
-1 -1 -1
-1 -1 -1
-1 -1 -1 -1 -1
-1 -1 -1 -1 -1
-1 -1 -1 -1 -1
-1 -1 -1 -1 -1 -1
-1 -1 -1 -1 -1 -1
-1 -1 -1 -1 -1
-1 -1 -1 -1
-1 -1 -1 -1 -1
-1 -1 -1 -1 -1 -1
-1 -1 -1 -1 -1 -1
-1 -1 -1 -1
-1 -1 -1 -1
-1 -1 -1 -1
-1 -1 -1 -1
-1 -1 -1 -1
-1 -1 -1 -1
-1 -1 -1 -1 -1
-1 -1 -1 -1
-1 -1 -1 -1 -1
-1 -1 -1 -1 -1 -1
-1 -1 -1 -1
-1 -1 -1 -1 -1
-1 -1 -1 -1
-1 -1 -1 -1
-1 -1 -1 -1
-1 -1 -1 -1 -1 -1
-1 -1 -1 -1
-1 -1 -1 -1 -1 -1
-1 -1 -1 -1 -1
-1 -1 -1 -1 -1
-1 -1 -1 -1 -1
-1 -1 -1 -1
-1 -1 -1 -1 -1
-1 -1 -1 -1 -1
-1 -1 -1 -1 -1
-1 -1 -1 -1 -1
-1 -1 -1 -1 -1
-1 -1 -1 -1 -1 -1 -1
-1 -1 -1 -1 -1 -1 -1
-1 -1 -1 -1 -1 -1 -1
-1 -1 -1 -1 -1 -1 -1 -1 -1
-1 -1 -1 -1 -1 -1 -1 -1 -1 -1
-1 -1 -1 -1 -1 -1 -1 -1 -1 -1
-1 -1 -1 -1 -1 -1 -1
-1 -1 -1 -1 -1 -1
-1 -1 -1 -1 -1 -1 -1
-1 -1 -1 -1 -1 -1 -1 -1
-1 -1 -1 -1 -1 -1 -1 -1
-1 -1 -1 -1 -1 -1 -1 -1 -1
-1 -1 -1 -1 -1 -1 -1 -1
-1 -1 -1 -1 -1 -1 -1
-1 -1 -1 -1
-1 -1 -1 -1 -1 -1
-1 -1 -1 -1 -1
-1 -1 -1 -1 -1
-1 -1 -1 -1 -1
-1 -1 -1 -1 -1
-1 -1 -1 -1
-1 -1 -1 -1 -1
-1 -1 -1 -1
-1 -1 -1 -1
-1 -1 -1 -1 -1 -1
-1 -1 -1 -1
-1 -1 -1
-1 -1 -1
-1 -1 -1 -1 -1 -1
-1 -1 -1 -1 -1 -1
-1 -1 -1 -1 -1 -1
-1 -1 -1 -1 -1
-1 -1 -1 -1 -1
-1 -1 -1 -1
-1 -1 -1
-1 80 80 676
-1 80 80 347
-1 80 80 476
-1 80 80 -1
-1 80 80 700 -1
-1 80 80 815 -1
-1 80 80 -1 -1
-1 80 80 -1 -1
-1 80 80 749 -1
-1 80 80 729 -1
-1 -1 -1 -1 -1 -1 -1
-1 -1 -1 -1 -1 -1 -1 -1
-1 -1 -1 -1 -1 -1 -1 -1
-1 -1 -1 -1
-1 -1 -1 -1 -1 -1
-1 -1 -1 -1
-1 -1 -1 -1 -1 -1 -1
-1 -1 -1 -1 -1 -1
-1 -1 -1 -1 -1 -1 -1
-1 -1 -1 -1 -1 -1
-1 -1 -1 -1 -1 -1 -1
-1 -1 -1 -1 -1 -1
-1 45 329
-1 45 480
-1 45 -1 -1
-1 45 -1 -1
-1 45 45 314
-1 45 45 -1 -1 -1 -1
-1 45 45 682
-1 45 45 329
-1 45 45 480
-1 45 45 742 -1
-1 -1 -1
-1 -1 -1
-1 -1 -1 -1
-1 -1 -1 -1 -1 -1 -1 -1
-1 -1 -1 -1 -1 -1 -1 -1 -1
-1 -1 -1 -1
-1 -1 -1
-1 -1 -1
-1 -1 -1
-1 -1 -1 -1 -1
-1 -1 -1 -1 -1
-1 -1 -1 -1 -1 -1
-1 -1 -1 -1 -1
-1 -1 -1 -1 -1 -1
-1 -1 -1 -1 -1
-1 -1 -1 -1 -1
-1 -1 -1 -1 -1
-1 -1 -1 -1 -1
-1 -1 -1 -1 -1 -1
-1 -1 -1 -1 -1 -1 -1 -1
-1 -1 -1 -1 -1 -1 -1
-1 -1 -1 -1 -1 -1 -1 -1 -1
-1 -1 -1 -1 -1 -1
-1 -1 -1 -1 -1 -1
-1 -1 -1 -1 -1 -1 -1 -1
-1 -1 -1 -1 -1 -1
-1 -1 -1 -1 -1 -1 -1 -1 -1
-1 -1 -1 -1 -1 -1
-1 -1 -1 -1 -1 -1 -1
-1 -1 -1 -1 -1 -1 -1
-1 -1 -1 -1 -1 -1 -1 -1 -1
-1 -1 -1 -1 -1 -1 -1 -1 -1 -1
-1 -1 -1 -1 -1 -1 -1 -1 -1 -1
-1 -1 -1 -1 -1 -1 -1 -1 -1
-1 -1 -1 -1 -1 -1 -1
-1 -1 -1 -1 -1 -1 -1 -1
-1 -1 -1 -1 -1 -1 -1 -1
-1 -1 -1 -1 -1 -1 -1 -1 -1
-1 -1 -1 -1 -1 -1 -1 -1 -1
-1 -1 -1 -1 -1 -1 -1
-1 -1 -1 -1 -1 -1 -1 -1
-1 -1 -1 -1 -1 -1 -1
-1 -1 -1 -1 -1 -1 -1
-1 -1 -1 -1 -1 -1 -1 -1
-1 -1 -1 -1
-1 -1 -1 -1
-1 -1 -1 -1 -1
-1 -1 -1 -1
-1 -1 -1 -1
-1 -1 -1 -1 -1 -1 -1 -1 -1 -1 -1
-1 -1 -1 -1 -1 -1 -1 -1 -1 -1 -1
-1 -1 -1 -1 -1 -1 -1 -1 -1 -1 -1
-1 -1 -1 -1 -1 -1 -1 -1 -1 -1
-1 -1 -1 -1 -1 -1 -1 -1 -1 -1 -1 -1
-1 -1 -1 -1 -1 -1 -1 -1 -1 -1 -1 -1
-1 -1 -1 -1 -1 -1 -1 -1 -1 -1 -1 -1
-1 -1 -1 -1 -1 -1 -1 -1 -1 -1
-1 -1 -1 -1 -1 -1 -1 -1 -1
-1 -1 -1 -1 -1 -1 -1 -1 -1 -1 -1
-1 -1 -1 -1 -1 -1 -1 -1 -1
-1 -1 -1 -1 -1 -1 -1 -1
-1 -1 -1 -1 -1 -1 -1
-1 -1 -1 -1 -1
-1 -1 -1 -1 -1
-1 -1 -1 -1 -1
-1 -1 -1 -1 -1
-1 -1 -1 -1 -1 -1
-1 -1 -1 -1
-1 -1 -1 -1
-1 -1 -1 -1
-1 -1 -1 -1 -1
-1 -1 -1 -1
-1 -1 -1 -1
-1 -1 -1 -1 -1
-1 -1 -1 -1 -1 -1 -1 -1
-1 -1 -1 -1 -1 -1
-1 -1 -1 -1
-1 -1
-1 -1 -1 -1 -1 -1 -1 -1 -1
-1 -1 -1 -1 -1 -1 -1
-1 -1 -1 -1 -1 -1 -1
-1 -1 -1 -1 -1 -1 -1
-1 -1 -1 -1 -1 -1 -1 -1 -1 -1
-1 -1 -1 -1 -1 -1 -1 -1 -1 -1
-1 -1 -1 -1 -1 -1 -1 -1 -1 -1 -1
-1 -1 -1 -1 -1 -1 -1 -1 -1 -1 -1
-1 -1 -1 -1 -1 -1 -1 -1 -1 -1 -1
-1 -1 -1 -1 -1 -1 -1 -1 -1 -1 -1
-1 56 177 177
-1 56 56 646 -1 -1
-1 56 56 177 177 -1
-1 56 56 646 -1 -1 -1 -1
-1 56 56 646 -1 -1 -1 -1
-1 56 56 646 -1 -1 -1 -1
-1 -1 -1 -1
-1 80 681
-1 80 -1
-1 80 -1
-1 80 473 -1
-1 80 654 -1
-1 80 -1 -1
-1 80 186 -1 -1
-1 80 -1 -1 -1
-1 80 853
-1 80 80 677 677
-1 80 80 268 268
-1 -1 -1 -1 -1
-1 80 -1 -1 -1
-1 80 -1 -1 -1 -1
-1 80 -1 -1 -1
-1 80 681
-1 80 473 -1
-1 80 654 -1
-1 80 -1 -1 -1 -1
-1 80 80 592 592
-1 80 80 268 268
-1 -1 -1 -1 -1
-1 80 80 832 -1
-1 80 80 449 -1 -1
-1 80 80 743
-1 80 80 485 485 485
-1 80 80 210
-1 80 80 870 870 870 -1
-1 80 80 814 814 814
-1 80 80 580
-1 80 80 446
-1 80 80 80 -1
-1 -1 -1 -1
-1 -1 -1 -1 -1
-1 -1 -1 -1 -1
-1 -1 -1 -1 -1
-1 -1 -1 -1 -1
-1 -1 -1 -1 -1
-1 -1 -1 -1 -1
-1 -1 -1 -1 -1
-1 -1 -1 -1 -1
-1 -1 -1
-1 -1 -1
-1 -1 -1 -1
-1 -1 -1 -1 -1 -1
-1 81 556 556
-1 81 252 -1
-1 81 707 -1
-1 -1 -1 -1 -1 -1
-1 -1 -1 -1 -1 -1 -1
-1 -1 -1 -1 -1 -1
-1 -1 -1 -1 -1 -1 -1
-1 -1 -1 -1 -1 -1 -1
-1 -1 -1 -1 -1 -1 -1
-1 -1 -1 -1 -1 -1
-1 -1 -1 -1 -1 -1 -1
-1 -1 -1 -1 -1 -1 -1 -1
-1 -1 -1 -1 -1 -1 -1 -1 -1
-1 -1 -1 -1 -1 -1 -1
-1 -1 -1 -1 -1 -1 -1 -1
-1 -1 -1 -1 -1 -1 -1 -1
-1 -1 -1 -1 -1 -1 -1 -1 -1
-1 -1 -1 -1 -1 -1
-1 -1 -1 -1 -1 -1 -1
-1 -1 -1 -1 -1 -1
-1 -1 -1 -1 -1 -1 -1
-1 -1 -1 -1 -1 -1 -1 -1
-1 -1 -1 -1 -1 -1 -1 -1
-1 -1 -1 -1 -1 -1
-1 -1 -1 -1 -1 -1 -1
-1 -1 -1 -1 -1 -1 -1 -1
-1 -1 -1 -1 -1 -1 -1 -1
-1 -1 -1 -1 -1 -1
-1 -1 -1 -1 -1 -1 -1
-1 -1 -1 -1 -1 -1 -1 -1
-1 -1 -1 -1 -1 -1 -1 -1
-1 -1 -1 -1 -1 -1 -1 -1
-1 -1 -1 -1 -1 -1 -1 -1
-1 -1 -1 -1 -1 -1 -1 -1
-1 -1 -1 -1 -1 -1 -1 -1 -1
-1 -1 -1 -1 -1 -1
-1 -1 -1 -1 -1 -1 -1
-1 -1 -1 -1 -1 -1 -1 -1
-1 -1 -1 -1 -1
-1 -1 -1 -1 -1 -1 -1
-1 -1 -1 -1 -1
-1 -1 -1 -1 -1 -1 -1
-1 -1 -1 -1 -1
-1 -1 -1 -1 -1 -1 -1
-1 -1 -1 -1 -1 -1
-1 -1 -1 -1 -1 -1 -1 -1
-1 -1 -1 -1 -1 -1
-1 -1 -1 -1 -1
-1 -1 -1 -1 -1 -1
-1 -1 -1 -1 -1 -1
-1 -1 -1 -1 -1 -1 -1
-1 -1 -1 -1 -1 -1
-1 -1 -1 -1 -1 -1 -1
-1 -1 -1 -1 -1 -1 -1
-1 -1 -1 -1 -1 -1 -1
-1 -1 -1 -1 -1
-1 -1 -1 -1 -1 -1
-1 -1 -1 -1 -1 -1
-1 -1 -1 -1 -1 -1 -1 -1
-1 -1 -1 -1 -1 -1 -1 -1
-1 -1 -1 -1 -1 -1 -1 -1
-1 -1 -1 -1 -1 -1
-1 -1 -1 -1 -1 -1 -1
-1 -1 -1 -1 -1 -1
-1 -1 -1 -1 -1
-1 -1 -1 -1 -1 -1
-1 -1 -1 -1
-1 -1 -1 -1 -1 -1
-1 -1 -1 -1 -1 -1
-1 -1 -1 -1 -1 -1 -1
-1 -1 -1 -1 -1 -1 -1
-1 -1 -1 -1 -1 -1
-1 -1 -1 -1 -1 -1 -1
-1 -1 -1 -1 -1 -1
-1 -1 -1 -1 -1 -1
-1 -1 -1 -1 -1 -1
-1 -1 -1 -1 -1 -1 -1
-1 -1 -1 -1 -1 -1
-1 -1 -1 -1 -1 -1 -1
-1 -1 -1 -1 -1
-1 -1 -1 -1 -1 -1
-1 -1 -1 -1 -1 -1
-1 -1 -1 -1 -1 -1
-1 -1 -1 -1 -1 -1 -1
-1 -1 -1 -1 -1 -1 -1
-1 -1 -1 -1 -1 -1
-1 -1 -1 -1 -1
-1 -1 -1 -1 -1
-1 -1 -1 -1 -1
-1 -1 -1 -1 -1
-1 -1 -1 -1 -1 -1 -1
-1 -1 -1 -1 -1
-1 -1 -1 -1 -1 -1
-1 -1 -1 -1 -1 -1 -1
-1 -1 -1 -1 -1 -1 -1
-1 -1 -1 -1 -1 -1 -1 -1
-1 -1 -1 -1 -1 -1 -1 -1
-1 -1 -1 -1 -1 -1 -1 -1
-1 -1 -1 -1 -1 -1 -1 -1
-1 -1 -1 -1 -1 -1 -1 -1
-1 -1 -1 -1 -1 -1 -1 -1
-1 -1 -1 -1 -1 -1 -1
-1 -1 -1 -1 -1 -1 -1 -1
-1 -1 -1 -1 -1 -1 -1
-1 -1 -1 -1 -1 -1 -1 -1
-1 -1 -1 -1 -1 -1 -1
-1 -1 -1 -1 -1 -1 -1 -1
-1 -1 -1 -1 -1 -1 -1
-1 -1 -1 -1 -1 -1 -1 -1
-1 -1 -1 -1 -1 -1 -1
-1 -1 -1 -1 -1 -1 -1 -1
-1 -1 -1 -1 -1 -1
-1 -1 -1 -1 -1 -1
-1 -1 -1 -1 -1
-1 -1 -1 -1 -1 -1
-1 -1 -1 -1 -1
-1 -1 -1 -1 -1 -1
-1 -1 -1 -1 -1 -1
-1 -1 -1 -1 -1 -1 -1
-1 -1 -1 -1 -1 -1
-1 -1 -1 -1 -1 -1 -1
-1 -1 -1 -1 -1 -1 -1 -1
-1 -1 -1 -1 -1 -1 -1 -1
-1 -1 -1 -1 -1 -1 -1 -1
-1 -1 -1 -1 -1 -1 -1 -1
-1 -1 -1 -1 -1 -1
-1 -1 -1 -1 -1 -1 -1
-1 -1 -1 -1 -1
-1 -1 -1 -1 -1 -1
-1 -1 -1 -1 -1 -1
-1 -1 -1 -1 -1 -1 -1
-1 -1 -1 -1 -1 -1
-1 -1 -1 -1 -1 -1
-1 -1 -1 -1 -1 -1
-1 -1 -1 -1 -1 -1
-1 -1 -1 -1 -1 -1 -1
-1 -1 -1 -1 -1 -1 -1
-1 -1 -1 -1 -1 -1 -1
-1 -1 -1 -1 -1 -1 -1
-1 -1 -1 -1 -1 -1 -1
-1 -1 -1 -1 -1 -1 -1 -1
-1 -1 -1 -1 -1 -1 -1
-1 -1 -1 -1 -1 -1 -1 -1
-1 -1 -1 -1 -1 -1
-1 -1 -1 -1 -1 -1
-1 -1 -1 -1 -1 -1
-1 -1 -1 -1 -1 -1
-1 -1 -1 -1 -1 -1 -1
-1 -1 -1 -1 -1 -1 -1
-1 -1 -1 -1 -1 -1 -1
-1 -1 -1 -1 -1 -1 -1
-1 -1 -1 -1 -1 -1
-1 -1 -1 -1 -1 -1 -1
-1 -1 -1 -1 -1 -1
-1 -1 -1 -1 -1 -1 -1
-1 -1 -1 -1 -1
-1 -1 -1 -1 -1 -1
-1 -1 -1 -1 -1
-1 -1 -1 -1 -1 -1
-1 -1 -1 -1 -1 -1
-1 -1 -1 -1 -1 -1 -1 -1 -1
-1 -1 -1 -1 -1
-1 -1 -1 -1
-1 -1 -1
-1 -1 -1
-1 -1 -1 -1
-1 -1 -1 -1 -1 -1
-1 -1 -1 -1 -1 -1 -1 -1 -1
-1 -1 -1 -1 -1 -1 -1
-1 -1 -1 -1 -1
-1 -1 -1 -1 -1 -1 -1 -1
-1 -1 -1 -1 -1
-1 -1 -1 -1 -1 -1
-1 -1 -1 -1 -1 -1 -1
-1 -1 -1 -1 -1 -1 -1 -1 -1
-1 -1 -1 -1 -1 -1
-1 -1 -1 -1 -1
-1 -1 -1 -1 -1 -1 -1
-1 -1 -1 -1 -1 -1 -1
-1 -1 -1 -1 -1 -1
-1 -1 -1 -1 -1 -1 -1 -1 -1
-1 -1 -1 -1 -1 -1 -1
-1 -1 -1 -1 -1 -1 -1 -1
-1 -1 -1 -1 -1 -1 -1 -1
-1 -1 -1 -1 -1 -1
-1 -1 -1 -1 -1 -1
-1 -1 -1 -1 -1 -1
-1 -1 -1 -1 -1
-1 -1 -1 -1 -1 -1
-1 -1 -1 -1 -1 -1 -1
-1 -1 -1 -1 -1 -1 -1 -1
-1 -1 -1 -1 -1 -1 -1
-1 -1 -1 -1 -1 -1 -1 -1
-1 -1 -1 -1 -1 -1 -1 -1 -1
-1 -1 -1 -1 -1 -1 -1 -1 -1
-1 -1 -1 -1 -1 -1
-1 -1 -1 -1 -1 -1 -1
-1 -1 -1 -1 -1 -1 -1
-1 -1 -1 -1 -1 -1 -1
-1 -1 -1 -1 -1 -1 -1
-1 -1 -1 -1 -1 -1 -1
-1 -1 -1 -1 -1 -1
-1 -1 -1 -1 -1 -1 -1 -1 -1 -1
-1 -1 -1 -1 -1 -1 -1 -1 -1 -1
-1 -1 -1 -1 -1 -1 -1 -1 -1 -1
-1 -1 -1 -1 -1 -1 -1 -1
-1 -1 -1 -1 -1 -1 -1 -1
-1 -1 -1 -1 -1 -1 -1 -1 -1 -1
-1 -1 -1 -1 -1 -1 -1 -1
-1 -1 -1 -1 -1 -1 -1
-1 -1 -1 -1 -1 -1
-1 -1 -1 -1 -1 -1 -1
-1 -1 -1 -1 -1 -1
-1 -1 -1 -1 -1 -1 -1
-1 -1 -1 -1 -1 -1
-1 -1 -1 -1 -1 -1 -1
-1 -1 -1 -1 -1 -1 -1
-1 -1 -1 -1 -1 -1 -1 -1
-1 -1 -1 -1 -1 -1
-1 -1 -1 -1 -1 -1 -1
-1 -1 -1
-1 -1 -1
-1 -1 -1 -1
-1 -1 -1 -1 -1 -1
-1 -1 -1 -1
-1 -1 -1 -1 -1
-1 -1 -1 -1 -1
-1 -1 -1 -1 -1
-1 -1 -1 -1 -1
-1 -1 -1 -1
-1 34 -1 -1 -1
-1 34 -1 -1 -1 -1
-1 34 -1 -1 -1 -1
-1 34 -1 -1 -1 -1
-1 34 -1 -1 -1 -1
-1 34 -1 -1 -1 -1 -1
-1 34 -1 -1 -1 -1 -1
-1 34 -1 -1 -1 -1 -1
-1 34 -1 -1 -1 -1 -1
-1 34 209 209
-1 34 839 839
-1 34 -1 -1 -1 -1
-1 34 -1
-1 34 -1
-1 34 -1
-1 34 -1
-1 34 -1
-1 34 -1
-1 34 -1 -1 -1
-1 34 -1 -1 -1 -1 -1
-1 34 -1 -1 -1 -1
-1 34 -1 -1 -1
-1 34 -1 -1 -1 -1
-1 34 -1 -1 -1
-1 34 -1 -1 -1 -1 -1
-1 34 -1 -1
-1 34 -1 -1 -1 -1
-1 34 -1 -1
-1 34 -1 -1 -1
-1 34 -1 -1 -1 -1
-1 34 -1 -1 -1
-1 34 -1 -1 -1
-1 34 -1 -1 -1
-1 34 -1 -1 -1
-1 34 -1 -1 -1 -1 -1
-1 34 -1 -1 -1
-1 34 -1 -1 -1
-1 34 -1 -1 -1
-1 34 -1 -1 -1
-1 34 -1 -1 -1
-1 34 -1 -1 -1
-1 34 -1 -1 -1
-1 34 -1 -1
-1 34 -1 -1 -1 -1 -1
-1 34 -1 -1 -1 -1
-1 34 -1 -1 -1
-1 34 -1 -1
-1 34 -1 -1
-1 34 -1 -1 -1
-1 34 -1 -1
-1 34 -1 -1 -1
-1 34 -1 -1 -1 -1
-1 34 -1 -1 -1 -1
-1 34 -1 -1 -1 -1
-1 34 -1 -1 -1 -1
-1 34 -1 -1 -1 -1
-1 34 -1 -1
-1 34 -1 -1
-1 34 -1 -1 -1
-1 34 -1 -1 -1
-1 34 -1 -1 -1
-1 34 -1 -1
-1 34 -1 -1 -1
-1 34 -1 -1 -1
-1 34 -1 -1 -1
-1 34 -1 -1 -1
-1 34 -1 -1 -1
-1 34 -1 -1 -1 -1
-1 34 -1 -1 -1 -1
-1 34 -1 -1 -1 -1
-1 34 -1 -1 -1 -1
-1 34 -1 -1 -1 -1 -1
-1 34 -1 -1 -1
-1 34 -1 -1 -1
-1 34 -1 -1 -1
-1 34 -1 -1 -1
-1 34 -1 -1 -1
-1 34 -1 -1 -1
-1 34 -1 -1
-1 34 -1 -1 -1
-1 34 -1 -1 -1 -1
-1 34 -1 -1
-1 34 -1 -1 -1
-1 34 -1 -1 -1
-1 34 -1 -1 -1
-1 34 -1 -1 -1
-1 34 -1 -1 -1
-1 34 -1 -1 -1
-1 34 -1 -1 -1
-1 34 -1 -1 -1 -1
-1 34 -1
-1 34 -1 -1
-1 34 -1 -1 -1 -1
-1 34 -1 -1
-1 34 -1 -1 -1 -1 -1
-1 34 -1 -1 -1 -1
-1 34 -1 -1 -1 -1
-1 34 -1 -1 -1
-1 34 -1 -1 -1
-1 34 -1 -1 -1 -1
-1 34 -1 -1
-1 34 -1 -1 -1
-1 34 -1 -1 -1
-1 34 -1 -1 -1
-1 34 -1 -1 -1
-1 34 -1 -1 -1
-1 34 -1 -1 -1
-1 34 -1 -1
-1 34 -1 -1
-1 34 -1 -1
-1 34 -1 -1 -1
-1 34 -1 -1
-1 34 -1 -1 -1
-1 34 -1 -1 -1 -1
-1 34 -1 -1
-1 34 -1 -1 -1
-1 34 -1 -1 -1
-1 34 -1 -1 -1
-1 34 -1 -1 -1 -1
-1 34 -1 -1 -1 -1 -1
-1 34 -1 -1 -1
-1 34 -1 -1 -1 -1
-1 34 -1 -1 -1 -1 -1
-1 34 -1 -1 -1 -1 -1 -1
-1 34 -1 -1 -1 -1 -1
-1 34 -1 -1 -1 -1
-1 34 -1 -1 -1 -1 -1
-1 34 -1 -1 -1 -1 -1
-1 34 -1 -1 -1 -1 -1
-1 34 -1 -1 -1
-1 34 -1 -1 -1 -1 -1 -1
-1 34 -1 -1 -1 -1
-1 34 -1 -1 -1
-1 34 -1 -1 -1
-1 34 -1 -1 -1
-1 34 -1 -1 -1
-1 34 -1 -1 -1
-1 34 -1 -1 -1
-1 34 -1 -1 -1
-1 34 -1 -1 -1
-1 34 -1 -1 -1
-1 34 -1 -1 -1
-1 34 -1 -1 -1
-1 34 -1 -1 -1
-1 34 -1 -1 -1
-1 34 -1 -1 -1
-1 34 34 209 209
-1 34 34 839 839
-1 -1 -1 -1 -1
-1 -1 -1 -1 -1 -1
-1 -1 -1 -1 -1 -1
-1 -1 -1 -1 -1 -1 -1
-1 -1 -1 -1 -1 -1
-1 -1 -1
-1 -1 -1 -1
-1 -1 -1
-1 -1 -1
-1 -1 -1 -1
-1 -1 -1 -1
-1 -1 -1 -1
-1 -1 -1 -1
-1 -1 -1 -1
-1 -1 -1 -1
-1 -1 -1 -1
-1 -1 -1 -1
-1 -1 -1 -1 -1
-1 -1 -1 -1
-1 -1 -1 -1
-1 -1 -1 -1
-1 -1 -1 -1
-1 -1 -1
-1 -1 -1 -1
-1 -1 -1 -1
-1 -1 -1 -1
-1 -1 -1 -1
-1 -1 -1 -1
-1 -1 -1 -1
-1 -1 -1 -1
-1 -1 -1
-1 -1 -1
-1 -1 -1
-1 -1 -1 -1
-1 -1 -1
-1 -1 -1
-1 -1 -1 -1
-1 -1 -1
-1 -1 -1 -1
-1 -1 -1 -1
-1 -1 -1 -1 -1
-1 -1 -1 -1
-1 -1 -1 -1 -1 -1 -1
-1 -1 -1 -1 -1 -1
-1 -1 -1 -1 -1 -1 -1 -1
-1 -1 -1 -1 -1 -1 -1
-1 -1 -1 -1 -1
-1 -1 -1 -1 -1 -1
-1 -1 -1 -1
-1 -1 -1
-1 -1 -1 -1
-1 -1 -1
-1 -1 -1 -1 -1 -1
-1 -1 -1 -1 -1 -1 -1
-1 -1 -1 -1 -1 -1
-1 -1 -1 -1 -1
-1 -1 -1 -1 -1 -1
-1 -1 -1 -1
-1 -1 -1 -1 -1 -1 -1
-1 -1 -1
-1 -1 -1 -1
-1 -1 -1
-1 -1 -1 -1 -1
-1 -1 -1 -1 -1 -1
-1 -1 -1 -1 -1 -1
-1 -1 -1 -1 -1
-1 -1 -1 -1 -1 -1
-1 -1 -1 -1 -1
-1 -1 -1
-1 81 81 -1 -1 -1 -1
-1 81 81 -1 -1 -1 -1
-1 81 81 -1 -1 -1 -1
-1 81 621 -1 -1
-1 81 91 -1 -1 -1 -1
-1 81 103 103 -1 -1 -1 -1
-1 81 688 688 688 -1 -1 -1 -1
-1 81 506 506 -1 -1
-1 81 277 277 277 -1 -1
-1 81 585 585 -1
-1 81 737 737 -1 -1 -1 -1
-1 81 131 131 -1
-1 81 298 298 -1
-1 81 184 184 -1
-1 81 879 -1 -1
-1 81 859 -1 -1 -1 -1
-1 81 124 -1 -1
-1 81 759 -1 -1
-1 81 542 -1 -1
-1 81 502 502 -1
-1 81 249 249 -1
-1 81 788 788 -1
-1 81 612 -1
-1 81 660 -1
-1 81 754 -1 -1
-1 81 455 -1 -1 -1
-1 81 243 -1
-1 81 704 -1 -1
-1 81 565 565 -1
-1 81 84 84 -1 -1
-1 81 830 830 -1 -1
-1 81 518 518 -1 -1
-1 81 87 87 -1 -1
-1 81 500 500 -1 -1
-1 81 155 -1
-1 81 469 -1
-1 81 713 -1 -1
-1 81 149 -1 -1
-1 81 537 -1 -1
-1 81 855 -1
-1 81 717 -1 -1
-1 81 734 -1 -1
-1 81 572 -1 -1
-1 81 806 -1 -1
-1 81 511 -1 -1
-1 81 126 -1 -1
-1 81 112 -1 -1
-1 81 364 -1 -1
-1 81 726 -1 -1
-1 81 163 -1 -1
-1 81 457 457 -1
-1 81 349 349 -1
-1 81 120 -1 -1
-1 81 528 528 -1
-1 81 275 -1
-1 81 851 -1
-1 81 245 -1
-1 81 868 868 -1
-1 81 284 284 -1
-1 81 289 289 -1
-1 81 214 -1 -1 -1
-1 81 579 -1 -1 -1
-1 81 863 -1 -1 -1
-1 81 255 255 -1 -1
-1 81 324 -1 -1
-1 81 590 -1 -1
-1 81 319 -1 -1
-1 81 595 -1 -1
-1 81 828 -1 -1 -1
-1 81 587 -1
-1 81 286 -1 -1
-1 81 252 -1 -1
-1 81 707 -1 -1
-1 81 577 -1 -1 -1
-1 81 175 -1 -1
-1 81 810 -1
-1 81 345 -1
-1 81 775 -1
-1 81 97 -1 -1
-1 81 422 -1
-1 81 627 -1 -1
-1 81 784 -1 -1 -1
-1 81 136 -1
-1 81 258 258 -1
-1 81 416 416 -1
-1 81 547 547 -1
-1 81 766 766 -1 -1
-1 81 525 525 525 -1 -1
-1 81 309 309 -1
-1 81 710 710 710 -1
-1 81 694 -1 -1 -1 -1
-1 81 312 312 -1 -1 -1 -1
-1 81 397 397 397 -1 -1 -1
-1 81 138 138 138 -1 -1 -1
-1 81 390 390 -1
-1 81 846 846 -1
-1 81 224 224 -1
-1 81 141 141 -1
-1 81 649 649 -1
-1 81 720 720 -1
-1 81 241 241 -1
-1 81 878 878 -1
-1 81 316 316 -1
-1 81 300 300 -1
-1 81 600 600 -1
-1 81 632 632 -1
-1 81 523 523 -1 -1
-1 81 296 296 -1 -1
-1 81 91 -1 -1 -1 -1
-1 81 875 875 -1 -1 -1
-1 81 530 -1
-1 81 608 -1
-1 81 577 -1
-1 81 469 -1
-1 81 713 -1 -1
-1 81 149 -1 -1
-1 81 537 -1 -1
-1 81 717 -1 -1
-1 81 364 -1 -1
-1 81 590 -1 -1
-1 81 390 390 -1
-1 81 846 846 -1
-1 81 621 -1 -1
-1 81 506 506 -1
-1 81 277 277 277 -1
-1 81 740 740 -1
-1 81 134 134 134 -1
-1 81 585 585 -1
-1 81 717 -1 -1
-1 81 275 -1
-1 81 851 -1
-1 81 390 390 -1
-1 81 846 846 -1
-1 81 224 224 -1
-1 -1 -1 -1 -1
-1 -1 -1 -1 -1
-1 -1 -1 -1 -1 -1 -1
-1 -1 -1 -1 -1 -1 -1
-1 -1 -1 -1 -1 -1 -1
-1 -1 -1 -1
-1 -1 -1 -1 -1
-1 -1 -1 -1 -1 -1 -1 -1
-1 -1 -1 -1 -1 -1 -1
-1 -1 -1 -1 -1 -1 -1 -1
-1 -1 -1 -1 -1 -1
-1 -1 -1 -1
-1 -1 -1 -1 -1
-1 -1 -1 -1 -1 -1 -1
-1 -1 -1 -1 -1
-1 -1 -1 -1 -1
-1 -1 -1 -1
-1 -1 -1 -1
-1 -1 -1 -1 -1
-1 -1 -1 -1 -1
-1 -1 -1 -1 -1 -1
-1 -1 -1 -1 -1
-1 -1 -1 -1 -1 -1
-1 -1 -1 -1 -1 -1
-1 -1 -1 -1 -1 -1 -1
-1 -1 -1 -1 -1 -1
-1 -1 -1 -1 -1 -1 -1
-1 -1 -1 -1 -1 -1
-1 -1 -1 -1 -1 -1 -1
-1 -1 -1 -1 -1 -1 -1 -1
-1 -1 -1 -1 -1 -1
-1 -1 -1 -1
-1 -1 -1 -1 -1 -1 -1
-1 -1 -1 -1 -1
-1 -1 -1 -1 -1 -1 -1
-1 -1 -1 -1 -1
-1 -1 -1 -1 -1 -1
-1 -1 -1 -1 -1 -1
-1 -1 -1 -1 -1 -1 -1
-1 -1 -1 -1 -1 -1 -1
-1 -1 -1 -1 -1 -1
-1 -1 -1 -1 -1 -1 -1
-1 -1 -1 -1 -1 -1 -1
-1 -1 -1 -1 -1 -1 -1
-1 -1 -1 -1 -1 -1 -1 -1
-1 -1 -1 -1 -1 -1 -1 -1
-1 -1 -1 -1 -1 -1 -1
-1 -1 -1 -1 -1 -1 -1
-1 -1 -1 -1 -1 -1
-1 -1 -1 -1 -1 -1 -1
-1 -1 -1 -1 -1
-1 -1 -1 -1 -1 -1
-1 -1 -1 -1 -1 -1
-1 -1 -1 -1 -1 -1 -1
-1 -1 -1 -1 -1 -1
-1 -1 -1 -1 -1 -1 -1
-1 -1 -1 -1 -1 -1 -1
-1 -1 -1 -1 -1 -1
-1 -1 -1 -1 -1 -1 -1
-1 -1 -1 -1 -1 -1 -1
-1 -1 -1 -1 -1 -1 -1
-1 -1 -1 -1 -1 -1
-1 -1 -1 -1 -1 -1 -1
-1 -1 -1 -1 -1 -1 -1
-1 -1 -1 -1 -1 -1 -1 -1
-1 -1 -1 -1 -1 -1 -1 -1
-1 -1 -1 -1 -1 -1 -1 -1
-1 -1 -1 -1 -1 -1 -1
-1 -1 -1 -1 -1 -1 -1
-1 -1 -1 -1 -1 -1 -1 -1
-1 -1 -1 -1 -1 -1 -1
-1 -1 -1 -1 -1 -1
-1 -1 -1 -1
-1 -1 -1 -1 -1
-1 -1 -1 -1 -1
-1 -1 -1 -1
-1 -1 -1 -1 -1
-1 -1 -1 -1 -1
-1 -1 -1 -1 -1
-1 -1 -1
-1 81 81 116
-1 81 81 675 675 -1
-1 81 81 145 -1
-1 81 81 317
-1 81 81 713
-1 81 81 537
-1 81 81 607 607 607
-1 81 81 97 -1
-1 81 81 822 822 -1
-1 81 81 407
-1 81 81 803 803
-1 81 81 617 -1 -1
-1 81 81 361 -1 -1 -1
-1 81 81 663 -1 -1
-1 81 81 630 -1 -1
-1 81 81 574 -1 -1
-1 81 81 770 -1 -1
-1 81 81 479 -1 -1
-1 81 81 310 -1
-1 81 81 330
-1 81 81 126 -1
-1 81 81 93 93 -1
-1 81 81 505 505 505 -1 -1
-1 81 81 163 -1 -1
-1 81 81 227 -1
-1 81 81 826 826 -1 -1
-1 81 81 118 118 -1
-1 81 81 636 636
-1 81 81 808 -1
-1 81 81 172
-1 81 81 764 764
-1 81 81 796 796
-1 81 81 124 -1
-1 81 81 759 -1
-1 81 81 542 -1
-1 81 81 379
-1 81 81 201
-1 81 81 696
-1 81 81 844
-1 81 81 279
-1 81 81 440
-1 81 81 408 408 -1 -1
-1 81 81 345 -1
-1 81 81 775 -1
-1 81 81 810 -1
-1 81 81 577 -1
-1 81 81 579 -1 -1
-1 -1 -1 -1 -1 -1 -1
-1 -1 -1 -1
-1 -1 -1 -1 -1 -1 -1
-1 -1 -1 -1 -1 -1 -1 -1 -1
-1 -1 -1 -1
-1 -1 -1 -1 -1
-1 -1 -1 -1 -1 -1 -1
-1 -1 -1 -1 -1
-1 -1 -1 -1 -1
-1 -1 -1 -1 -1
-1 -1 -1 -1 -1
-1 -1 -1 -1 -1
-1 -1 -1 -1 -1
-1 -1 -1 -1 -1 -1
-1 -1 -1 -1 -1
-1 -1 -1 -1 -1 -1
-1 -1 -1 -1
-1 -1 -1 -1 -1
-1 -1 -1 -1 -1 -1
-1 -1 -1 -1 -1 -1
-1 -1 -1 -1 -1 -1
-1 -1 -1 -1 -1
-1 -1 -1 -1 -1 -1
-1 -1 -1 -1 -1
-1 -1 -1 -1
-1 -1 -1 -1
-1 -1 -1 -1
-1 -1 -1 -1 -1 -1 -1
-1 -1 -1 -1 -1 -1 -1 -1
-1 -1 -1 -1 -1 -1
-1 -1 -1 -1 -1 -1 -1
-1 -1 -1 -1 -1 -1
-1 -1 -1 -1 -1 -1 -1
-1 -1 -1 -1 -1 -1 -1
-1 -1 -1 -1 -1 -1 -1 -1
-1 -1 -1 -1 -1 -1 -1
-1 -1 -1 -1 -1 -1 -1 -1
-1 -1 -1 -1 -1 -1 -1
-1 -1 -1 -1 -1 -1
-1 -1 -1 -1 -1 -1 -1
-1 -1 -1 -1 -1 -1 -1
-1 -1 -1 -1 -1 -1 -1 -1
-1 -1 -1 -1 -1 -1 -1
-1 -1 -1 -1 -1 -1 -1 -1
-1 -1 -1 -1 -1 -1 -1 -1 -1
-1 -1 -1 -1 -1 -1 -1
-1 -1 -1 -1 -1 -1 -1 -1 -1
-1 -1 -1 -1 -1 -1 -1 -1 -1
-1 -1 -1 -1 -1 -1 -1
-1 -1 -1 -1 -1
-1 -1 -1 -1 -1 -1
-1 -1 -1 -1 -1 -1 -1 -1
-1 -1 -1 -1 -1 -1 -1 -1
-1 -1 -1 -1 -1 -1 -1 -1 -1
-1 -1 -1 -1 -1 -1 -1 -1 -1
-1 -1 -1 -1 -1 -1 -1 -1
-1 -1 -1 -1 -1 -1 -1 -1
-1 -1 -1 -1 -1 -1 -1 -1
-1 -1 -1 -1 -1 -1 -1 -1 -1
-1 -1 -1 -1 -1 -1 -1 -1 -1
-1 -1 -1 -1 -1 -1 -1 -1
-1 -1 -1 -1 -1 -1 -1 -1
-1 -1 -1 -1 -1 -1 -1 -1 -1
-1 -1 -1 -1 -1 -1 -1 -1 -1
-1 -1 -1 -1 -1 -1 -1 -1
-1 -1 -1 -1 -1 -1 -1 -1 -1
-1 -1 -1 -1 -1 -1 -1
-1 -1 -1 -1 -1 -1 -1 -1
-1 -1 -1 -1 -1 -1
-1 -1 -1 -1 -1 -1 -1
-1 -1 -1 -1 -1 -1 -1
-1 -1 -1 -1 -1 -1 -1
-1 -1 -1 -1 -1 -1
-1 -1 -1 -1 -1 -1 -1 -1
-1 -1 -1 -1 -1 -1 -1 -1
-1 -1 -1 -1 -1 -1 -1
-1 -1 -1 -1 -1 -1
-1 -1 -1 -1 -1 -1
-1 -1 -1 -1 -1 -1 -1
-1 -1 -1 -1 -1 -1 -1
-1 -1 -1 -1
-1 -1 -1 -1
-1 -1 -1 -1 -1
-1 -1 -1 -1 -1 -1 -1 -1
-1 -1 -1 -1
-1 -1 -1 -1
-1 -1 -1 -1 -1
-1 -1 -1 -1 -1
-1 -1 -1 -1
-1 -1 -1 -1
-1 -1 -1 -1
-1 -1 -1
-1 -1 -1 -1
-1 -1 -1 -1 -1 -1
-1 25 25 432 -1 -1 -1 -1
-1 25 25 25 432 -1 -1 -1 -1
-1 25 25 25 352 -1 -1 -1
-1 25 25 25 -1 -1 -1
-1 25 25 25 110 110 -1 -1 -1
-1 25 25 25 386 386 -1 -1 -1
-1 25 25 25 -1 -1 -1 -1 -1
-1 25 25 25 -1 -1 -1 -1 -1
-1 25 25 25 -1 -1 -1 -1
-1 25 25 25 -1 -1 -1 -1
-1 25 25 25 -1 -1 -1 -1
-1 25 25 25 -1 -1 -1 -1
-1 25 25 25 -1 -1 -1 -1
-1 25 25 25 -1 -1 -1 -1 -1
-1 25 25 25 -1 -1 -1 -1 -1
-1 25 25 25 -1 -1 -1 -1
-1 25 25 25 -1 -1 -1 -1 -1
-1 25 25 25 -1 -1 -1 -1
-1 25 25 25 -1 -1 -1 -1
-1 25 25 25 -1 -1 -1 -1 -1
-1 25 25 25 -1 -1 -1 -1
-1 25 25 25 -1 -1 -1 -1 -1
-1 25 25 25 -1 -1 -1 -1 -1 -1
-1 25 25 25 -1 -1
-1 25 25 25 -1 -1 -1
-1 25 25 25 596 596 -1
-1 25 25 25 -1 -1 -1
-1 -1 -1 -1 -1 -1 -1 -1
-1 -1 -1 -1 -1 -1 -1 -1
-1 -1 -1 -1 -1 -1 -1
-1 -1 -1 -1 -1 -1 -1 -1 -1
-1 -1 -1 -1 -1 -1 -1 -1
-1 -1 -1 -1 -1 -1
-1 -1 -1 -1
-1 -1 -1 -1
-1 -1 -1 -1 -1 -1
-1 -1 -1 -1 -1 -1
-1 -1 -1 -1 -1 -1 -1
-1 -1 -1 -1 -1 -1 -1
-1 -1 -1 -1 -1 -1 -1
-1 -1 -1 -1 -1 -1
-1 -1 -1 -1 -1 -1 -1
-1 -1 -1 -1 -1 -1 -1
-1 -1 -1 -1 -1 -1
-1 -1 -1 -1 -1 -1
-1 -1 -1 -1 -1 -1
-1 -1 -1 -1 -1 -1 -1
-1 -1 -1 -1 -1
-1 -1 -1 -1 -1 -1 -1 -1
-1 -1 -1 -1 -1 -1 -1 -1 -1
-1 -1 -1 -1 -1
-1 -1 -1 -1 -1
-1 -1 -1 -1 -1
-1 -1 -1 -1 -1 -1
-1 -1 -1 -1 -1 -1 -1
-1 -1 -1 -1 -1 -1 -1 -1
-1 -1 -1 -1 -1 -1
-1 -1 -1 -1 -1 -1 -1
-1 -1 -1 -1 -1
-1 -1 -1 -1 -1 -1
-1 -1 -1 -1 -1
-1 -1 -1 -1 -1 -1
-1 -1 -1 -1 -1 -1
-1 -1 -1 -1 -1
-1 -1 -1 -1 -1 -1
-1 -1 -1 -1 -1 -1
-1 -1 -1 -1 -1 -1
-1 -1 -1 -1 -1 -1
-1 -1 -1 -1 -1 -1 -1
-1 -1 -1 -1 -1
-1 -1 -1 -1 -1 -1
-1 -1 -1 -1 -1 -1
-1 -1 -1 -1 -1 -1
-1 -1 -1 -1 -1
-1 -1 -1 -1 -1 -1
-1 -1 -1 -1 -1 -1
-1 -1 -1 -1 -1 -1
-1 -1 -1 -1 -1 -1
-1 -1 -1 -1 -1 -1 -1
-1 -1 -1 -1 -1 -1
-1 -1 -1 -1 -1 -1
-1 -1 -1 -1 -1
-1 -1 -1 -1 -1 -1
-1 -1 -1 -1
-1 -1 -1 -1 -1
-1 -1 -1 -1 -1 -1 -1
-1 -1 -1 -1 -1 -1 -1
-1 -1 -1 -1 -1 -1
-1 -1 -1 -1 -1 -1
-1 -1 -1 -1 -1 -1 -1 -1 -1 -1
-1 -1 -1 -1 -1 -1 -1 -1 -1 -1
-1 -1 -1 -1 -1 -1 -1 -1 -1 -1
-1 -1 -1 -1 -1 -1 -1 -1 -1
-1 -1 -1 -1 -1 -1 -1 -1 -1 -1
-1 -1 -1 -1 -1 -1 -1 -1 -1
-1 -1 -1 -1 -1 -1 -1 -1 -1 -1
-1 -1 -1 -1 -1 -1 -1 -1 -1 -1
-1 -1 -1 -1 -1 -1 -1
-1 -1 -1 -1 -1 -1 -1 -1 -1 -1
-1 -1 -1 -1 -1 -1 -1 -1 -1
-1 -1 -1 -1 -1 -1 -1 -1 -1 -1
-1 -1 -1 -1 -1 -1
-1 -1 -1 -1 -1 -1 -1 -1 -1
-1 -1 -1 -1 -1 -1 -1 -1 -1
-1 -1 -1 -1 -1
-1 -1 -1 -1 -1 -1 -1 -1
-1 -1 -1 -1 -1 -1 -1
-1 -1 -1 -1
-1 -1 -1 -1 -1
-1 -1 -1 -1 -1 -1 -1 -1 -1
-1 -1 -1 -1 -1 -1 -1
-1 -1 -1 -1 -1 -1 -1
-1 -1 -1 -1 -1
-1 -1 -1 -1 -1 -1 -1
-1 -1 -1 -1 -1 -1 -1 -1 -1 -1
-1 -1 -1 -1 -1 -1 -1 -1 -1 -1
-1 -1 -1 -1 -1 -1 -1 -1 -1
-1 -1 -1 -1 -1 -1 -1
-1 -1 -1 -1
-1 -1 -1 -1
-1 -1 -1 -1
-1 -1 -1 -1
-1 -1 -1 -1 -1
-1 -1 -1 -1 -1 -1
-1 -1 -1 -1 -1
-1 -1 -1 -1 -1 -1
-1 -1 -1 -1 -1 -1
-1 -1 -1 -1 -1 -1
-1 -1 -1 -1
-1 -1 -1 -1 -1 -1 -1 -1
-1 -1 -1 -1
-1 -1 -1 -1
-1 -1 -1 -1
-1 -1 -1 -1
-1 -1 -1 -1
-1 -1 -1 -1
-1 -1 -1 -1
-1 -1 -1 -1 -1
-1 -1 -1 -1
-1 -1 -1 -1 -1 -1
-1 -1 -1 -1 -1
-1 -1 -1 -1 -1 -1
-1 -1 -1 -1 -1 -1 -1
-1 -1 -1 -1 -1 -1
-1 -1 -1 -1
-1 -1 -1 -1 -1
-1 -1 -1 -1 -1 -1
-1 -1 -1 -1 -1 -1
-1 -1 -1 -1 -1 -1
-1 -1 -1 -1 -1 -1 -1 -1
-1 -1 -1 -1 -1
-1 -1 -1 -1
-1 -1 -1 -1 -1 -1
-1 -1 -1 -1 -1 -1
-1 -1 -1 -1 -1
-1 -1 -1 -1 -1 -1 -1
-1 -1 -1 -1 -1
-1 -1 -1 -1
-1 -1 -1 -1 -1
-1 -1 -1 -1 -1
-1 -1 -1 -1
-1 -1 -1 -1 -1
-1 -1 -1 -1 -1 -1
-1 -1 -1 -1 -1 -1 -1
-1 -1 -1 -1 -1 -1 -1
-1 -1 -1 -1 -1 -1 -1
-1 -1 -1 -1 -1 -1 -1 -1
-1 -1 -1 -1 -1 -1
-1 -1 -1 -1 -1 -1 -1 -1
-1 -1 -1 -1 -1 -1 -1 -1
-1 -1 -1 -1 -1 -1 -1 -1
-1 -1 -1 -1 -1 -1 -1 -1
-1 -1 -1 -1 -1 -1 -1
-1 -1 -1 -1 -1 -1 -1
-1 -1 -1 -1 -1 -1 -1
-1 -1 -1 -1 -1 -1
-1 -1 -1 -1 -1 -1 -1 -1
-1 -1 -1 -1 -1 -1 -1 -1
-1 -1 -1 -1 -1 -1
-1 -1 -1 -1 -1 -1 -1
-1 -1 -1 -1 -1 -1 -1
-1 -1 -1 -1 -1 -1 -1
-1 -1 -1 -1 -1 -1 -1
-1 -1 -1 -1 -1 -1
-1 -1 -1 -1 -1 -1
-1 -1 -1 -1 -1 -1 -1
-1 -1 -1 -1 -1 -1 -1 -1
-1 -1 -1 -1 -1 -1 -1 -1
-1 -1 -1 -1 -1 -1 -1 -1
-1 -1 -1 -1 -1 -1 -1 -1
-1 -1 -1 -1 -1 -1 -1
-1 -1 -1 -1 -1 -1 -1
-1 -1 -1 -1 -1 -1 -1
-1 -1 -1 -1 -1 -1 -1
-1 -1 -1 -1 -1 -1
-1 -1 -1 -1 -1 -1
-1 -1 -1 -1 -1 -1 -1
-1 -1 -1 -1 -1 -1 -1 -1
-1 -1 -1 -1 -1 -1 -1
-1 -1 -1 -1 -1 -1 -1 -1
-1 -1 -1 -1 -1 -1 -1 -1
-1 -1 -1 -1 -1 -1 -1 -1
-1 -1 -1 -1 -1 -1
-1 -1 -1 -1 -1 -1
-1 -1 -1 -1 -1 -1 -1 -1 -1
-1 -1 -1 -1 -1 -1 -1 -1
-1 -1 -1 -1 -1 -1 -1
-1 -1 -1 -1 -1 -1 -1
-1 -1 -1 -1 -1 -1 -1
-1 -1 -1 -1 -1 -1 -1 -1
-1 -1 -1 -1 -1 -1
-1 -1 -1 -1 -1 -1
-1 -1 -1 -1 -1 -1
-1 -1 -1 -1 -1 -1 -1
-1 -1 -1 -1 -1 -1 -1 -1
-1 -1 -1 -1 -1 -1 -1
-1 -1 -1 -1 -1 -1 -1 -1
-1 -1 -1 -1 -1 -1
-1 -1 -1 -1 -1 -1
-1 -1 -1 -1 -1 -1 -1 -1
-1 -1 -1 -1 -1 -1
-1 -1 -1 -1 -1
-1 -1 -1 -1 -1 -1
-1 -1 -1 -1 -1 -1 -1 -1
-1 -1 -1 -1 -1 -1
-1 -1 -1 -1 -1
-1 -1 -1 -1 -1
-1 -1 -1 -1 -1 -1
-1 -1 -1 -1 -1 -1
-1 -1 -1 -1 -1
-1 -1 -1 -1
-1 -1 -1 -1 -1 -1 -1
-1 -1 -1 -1 -1 -1 -1
-1 -1 -1 -1 -1 -1
-1 -1 -1 -1 -1 -1 -1 -1
-1 -1 -1 -1 -1 -1
-1 -1 -1 -1 -1 -1 -1 -1
-1 -1 -1 -1 -1 -1
-1 -1 -1 -1 -1 -1 -1 -1
-1 -1 -1 -1 -1 -1
-1 -1 -1 -1 -1 -1 -1
-1 -1 -1 -1 -1 -1
-1 -1 -1 -1 -1
-1 -1 -1 -1 -1 -1
-1 -1 -1 -1 -1 -1
-1 -1 -1 -1 -1
-1 -1 -1 -1 -1
-1 -1 -1 -1 -1 -1
-1 -1 -1 -1 -1
-1 -1 -1 -1
-1 -1 -1 -1 -1 -1 -1
-1 -1 -1 -1
-1 -1 -1 -1
-1 -1 -1 -1 -1 -1 -1 -1
-1 -1 -1
-1 -1 -1 -1
-1 -1 -1 -1 -1 -1 -1
-1 -1 -1 -1 -1 -1 -1 -1
-1 -1 -1 -1 -1 -1 -1
-1 -1 -1 -1
-1 -1 -1 -1 -1 -1 -1 -1
-1 -1 -1 -1 -1 -1 -1 -1
-1 -1 -1 -1 -1 -1 -1 -1 -1
-1 -1 -1 -1 -1 -1 -1
-1 -1 -1 -1
-1 -1 -1
-1 -1
-1 -1 -1 -1
-1 -1 -1 -1
-1 -1 -1 -1 -1
-1 -1 -1 -1
-1 -1 -1 -1
-1 -1 -1 -1 -1
-1 -1 -1 -1 -1 -1 -1 -1 -1
-1 -1 -1 -1 -1 -1 -1 -1 -1
-1 -1 -1 -1 -1 -1 -1 -1
-1 -1 -1 -1 -1 -1 -1 -1
-1 -1 -1 -1 -1 -1
-1 -1 -1 -1 -1 -1 -1
-1 -1 -1 -1 -1
-1 -1 -1 -1 -1 -1
-1 -1 -1 -1 -1
-1 -1 -1 -1 -1 -1
-1 -1 -1 -1 -1
-1 -1 -1 -1
-1 -1 -1 -1 -1
-1 -1 -1 -1 -1 -1
-1 -1 -1 -1 -1
-1 -1 -1 -1 -1
-1 -1 -1 -1 -1
-1 -1 -1 -1 -1 -1
-1 -1 -1 -1 -1
-1 -1 -1 -1
-1 -1 -1 -1 -1 -1
-1 -1 -1 -1 -1
-1 -1 -1 -1 -1
-1 -1 -1 -1
-1 -1 -1 -1 -1 -1 -1 -1
-1 -1 -1 -1 -1
-1 -1 -1 -1
-1 -1 -1 -1 -1
-1 -1 -1 -1 -1
-1 -1 -1 -1 -1
-1 -1 -1 -1 -1
-1 -1 -1 -1 -1
-1 -1 -1 -1 -1
-1 -1 -1 -1 -1
-1 -1 -1 -1 -1
-1 -1 -1 -1 -1
-1 -1 -1
-1 81 81 116
-1 81 81 256 -1
-1 81 81 680 -1
-1 81 81 663 -1 -1
-1 81 81 630 -1 -1
-1 81 81 770 -1 -1
-1 81 81 418 -1 -1
-1 81 81 310 -1 -1
-1 81 81 579 -1 -1
-1 -1 -1 -1 -1 -1 -1
-1 -1 -1 -1 -1 -1 -1
-1 -1 -1 -1 -1 -1
-1 -1 -1 -1 -1 -1
-1 -1 -1 -1 -1
-1 -1 -1 -1 -1
-1 -1 -1 -1 -1
-1 -1 -1 -1 -1
-1 -1 -1 -1 -1
-1 -1 -1 -1 -1
-1 -1 -1 -1 -1
-1 -1 -1 -1 -1
-1 -1 -1 -1 -1 -1
-1 -1 -1 -1 -1 -1
-1 -1 -1 -1 -1 -1 -1
-1 -1 -1 -1 -1 -1 -1 -1
-1 -1 -1 -1 -1 -1
-1 -1 75 494 494
-1 -1 75 122 122
-1 -1 75 727 -1 -1
-1 -1 75 365 -1 -1
-1 -1 75 113 -1 -1
-1 -1 75 127 -1 -1
-1 -1 75 253 -1 -1
-1 -1 75 708 -1 -1
-1 -1 75 320 -1
-1 -1 75 -1
-1 -1 75 -1 -1 -1 -1
-1 -1 75 -1 -1 -1
-1 -1 75 -1 -1 -1
-1 -1 75 -1 -1
-1 -1 75 489 489 -1
-1 -1 75 549 549 -1
-1 -1 75 582 582 582 -1 -1 -1
-1 -1 75 453 453 453 -1 -1 -1
-1 -1 75 705 705 705 -1 -1 -1
-1 -1 75 237 237 237 -1 -1 -1
-1 -1 75 106 106 106 -1 -1 -1
-1 -1 75 490 490 490 -1 -1 -1
-1 -1 75 346 346 346 -1 -1 -1
-1 -1 75 -1 -1 -1 -1 -1 -1
-1 -1 75 180 180 180 -1 -1 -1
-1 -1 75 581 581 581 -1 -1 -1
-1 -1 75 114 114 114 -1 -1 -1
-1 -1 75 322 322 322 -1 -1 -1
-1 -1 75 108 108 108 108 -1 -1 -1
-1 -1 75 -1 -1 -1 -1
-1 -1 75 618 -1
-1 -1 75 -1 -1
-1 -1 75 -1 -1
-1 -1 75 494 494
-1 -1 75 122 122
-1 -1 75 194 194
-1 -1 75 -1 -1
-1 -1 75 561 561
-1 -1 75 836 836
-1 -1 75 -1 -1 -1
-1 -1 75 -1 -1 -1
-1 -1 75 185 185
-1 -1 75 755
-1 -1 75 -1 -1 -1
-1 -1 75 -1 -1 -1
-1 -1 75 196 196 -1
-1 -1 75 566 566 -1
-1 -1 75 270 270 -1
-1 -1 75 751 751 -1
-1 -1 75 -1 -1
-1 -1 75 -1 -1
-1 -1 75 -1 -1
-1 -1 75 -1 -1 -1
-1 -1 75 -1 -1 -1
-1 -1 75 -1 -1 -1
-1 -1 75 -1 -1 -1
-1 -1 75 727 -1 -1
-1 -1 75 365 -1 -1
-1 -1 75 113 -1 -1
-1 -1 75 127 -1 -1
-1 -1 75 591 -1 -1
-1 -1 75 320 -1
-1 -1 75 531 -1
-1 -1 75 609 -1
-1 -1 75 -1 -1 -1 -1
-1 -1 75 325 -1 -1
-1 -1 75 -1 -1 -1
-1 -1 75 253 -1 -1
-1 -1 75 708 -1 -1
-1 -1 75 366 -1 -1
-1 -1 75 -1 -1
-1 -1 75 -1 -1 -1
-1 -1 75 362 -1 -1 -1
-1 -1 75 290
-1 -1 75 75 494 494
-1 -1 75 75 489 489 -1
-1 -1 75 75 549 549 -1
-1 -1 75 75 453 453 453 -1 -1 -1
-1 -1 75 75 705 705 705 -1 -1 -1
-1 -1 75 75 106 106 106 -1 -1 -1
-1 -1 75 75 490 490 490 -1 -1 -1
-1 -1 75 75 346 346 346 -1 -1 -1
-1 -1 75 75 727 -1 -1
-1 -1 75 75 365 -1 -1
-1 -1 75 75 113 -1 -1
-1 -1 75 75 127 -1 -1
-1 -1 75 75 531 -1
-1 -1 75 75 609 -1
-1 -1 75 75 655 -1
-1 -1 75 75 755
-1 -1 75 75 159 -1
-1 -1 75 75 618 -1
-1 -1 75 75 453 453 453 -1 -1 -1
-1 -1 75 75 561 561
-1 -1 75 75 836 836
-1 -1 75 75 320 -1
-1 -1 75 75 521 521 -1
-1 -1 75 75 618 -1
-1 -1 75 75 489 489 -1
-1 -1 75 75 549 549 -1
-1 -1 75 75 453 453 453 -1 -1 -1
-1 -1 75 75 705 705 705 -1 -1 -1
-1 -1 75 75 106 106 106 -1 -1 -1
-1 -1 75 75 490 490 490 -1 -1 -1
-1 -1 75 75 346 346 346 -1 -1 -1
-1 -1 75 75 180 180 180 -1 -1 -1
-1 -1 75 75 581 581 581 -1 -1 -1
-1 -1 75 75 114 114 114 -1 -1 -1
-1 -1 75 75 494 494
-1 -1 75 75 196 196 -1
-1 -1 75 75 566 566 -1
-1 -1 75 75 270 270 -1
-1 -1 75 75 751 751 -1
-1 -1 75 75 531 -1
-1 -1 75 75 609 -1
-1 -1 75 75 655 -1
-1 -1 75 75 489 489 -1
-1 -1 75 75 549 549 -1
-1 -1 75 75 494 494
-1 -1 75 75 194 194
-1 -1 75 75 253 -1 -1
-1 -1 75 75 708 -1 -1
-1 -1 75 75 362 -1 -1 -1
-1 -1 75 75 290
-1 -1 75 75 185 185
-1 -1 75 75 180 180 180 -1 -1 -1
-1 -1 75 75 755
-1 -1 75 75 122 122
-1 -1 75 75 185 185
-1 -1 75 75 180 180 180 -1 -1 -1
-1 -1 75 75 366 -1 -1
-1 -1 75 75 75 618 -1
-1 -1 75 75 75 453 453 453 -1 -1 -1
-1 -1 75 75 75 705 705 705 -1 -1 -1
-1 -1 75 75 75 106 106 106 -1 -1 -1
-1 -1 75 75 75 490 490 490 -1 -1 -1
-1 -1 75 75 75 346 346 346 -1 -1 -1
-1 -1 75 75 75 180 180 180 -1 -1 -1
-1 -1 75 75 75 108 108 108 108 -1 -1 -1
-1 -1 75 75 75 122 122
-1 -1 75 75 75 561 561
-1 -1 75 75 75 836 836
-1 -1 75 75 75 325 -1 -1
-1 -1 75 75 75 253 -1 -1
-1 -1 75 75 75 708 -1 -1
-1 -1 75 75 75 655 -1
-1 -1 75 75 75 179 179 179 -1 -1
-1 -1 75 75 75 856 856 856 -1 -1
-1 -1 75 75 75 471 471 471 -1 -1
-1 -1 75 75 75 521 521 -1
-1 -1 -1 -1 -1 -1 -1 -1
-1 -1 75 75 75 114 114 114 -1 -1 -1
-1 -1 75 75 75 489 489 -1
-1 -1 75 75 75 549 549 -1
-1 -1 75 75 75 196 196 -1
-1 -1 75 75 75 566 566 -1
-1 -1 75 75 75 270 270 -1
-1 -1 75 75 75 751 751 -1
-1 -1 75 75 75 179 179 179 -1 -1
-1 -1 75 75 75 159 -1
-1 -1 75 75 75 489 489 -1
-1 -1 75 75 75 549 549 -1
-1 -1 75 75 75 179 179 179 -1 -1
-1 -1 -1 -1 -1
-1 -1 75 75 75 494 494
-1 -1 75 75 75 489 489 -1
-1 -1 75 75 75 549 549 -1
-1 -1 75 75 75 453 453 453 -1 -1 -1
-1 -1 75 75 75 705 705 705 -1 -1 -1
-1 -1 75 75 75 106 106 106 -1 -1 -1
-1 -1 75 75 75 490 490 490 -1 -1 -1
-1 -1 75 75 75 346 346 346 -1 -1 -1
-1 -1 75 75 75 531 -1
-1 -1 75 75 75 609 -1
-1 -1 75 75 75 644
-1 -1 75 75 75 489 489 -1
-1 -1 75 75 75 549 549 -1
-1 -1 75 75 75 582 582 582 -1 -1 -1
-1 -1 75 75 75 453 453 453 -1 -1 -1
-1 -1 75 75 75 705 705 705 -1 -1 -1
-1 -1 75 75 75 237 237 237 -1 -1 -1
-1 -1 75 75 75 106 106 106 -1 -1 -1
-1 -1 75 75 75 490 490 490 -1 -1 -1
-1 -1 75 75 75 346 346 346 -1 -1 -1
-1 -1 75 75 75 325 -1 -1
-1 -1 75 75 75 253 -1 -1
-1 -1 75 75 75 708 -1 -1
-1 -1 75 75 75 -1 -1
-1 -1 75 75 75 655 -1
-1 -1 75 494 494
-1 -1 75 727 -1 -1
-1 -1 75 365 -1 -1
-1 -1 75 113 -1 -1
-1 -1 75 127 -1 -1
-1 -1 75 591 -1 -1
-1 -1 75 320 -1
-1 -1 75 531 -1
-1 -1 75 609 -1
-1 -1 75 521 521 -1
-1 -1 75 -1
-1 -1 75 -1 -1 -1
-1 -1 75 75 618 -1
-1 -1 75 75 489 489 -1
-1 -1 75 75 549 549 -1
-1 -1 75 75 453 453 453 -1 -1 -1
-1 -1 75 75 705 705 705 -1 -1 -1
-1 -1 75 75 106 106 106 -1 -1 -1
-1 -1 75 75 490 490 490 -1 -1 -1
-1 -1 75 75 346 346 346 -1 -1 -1
-1 -1 75 75 180 180 180 -1 -1 -1
-1 -1 75 75 581 581 581 -1 -1 -1
-1 -1 75 75 114 114 114 -1 -1 -1
-1 -1 75 75 122 122
-1 -1 75 75 196 196 -1
-1 -1 75 75 566 566 -1
-1 -1 75 75 270 270 -1
-1 -1 75 75 751 751 -1
-1 -1 75 75 325 -1 -1
-1 -1 75 75 253 -1 -1
-1 -1 75 75 708 -1 -1
-1 -1 75 75 655 -1
-1 -1 75 75 644
-1 -1 75 75 489 489 -1
-1 -1 75 75 549 549 -1
-1 -1 75 75 582 582 582 -1 -1 -1
-1 -1 75 75 453 453 453 -1 -1 -1
-1 -1 75 75 705 705 705 -1 -1 -1
-1 -1 75 75 237 237 237 -1 -1 -1
-1 -1 75 75 106 106 106 -1 -1 -1
-1 -1 75 75 490 490 490 -1 -1 -1
-1 -1 75 75 346 346 346 -1 -1 -1
-1 -1 75 75 325 -1 -1
-1 -1 75 75 253 -1 -1
-1 -1 75 75 708 -1 -1
-1 -1 75 75 -1 -1
-1 -1 75 75 655 -1
-1 -1 75 75 108 108 108 108 -1 -1 -1
-1 -1 75 75 561 561
-1 -1 75 75 836 836
-1 -1 75 75 618 -1
-1 -1 75 75 290
-1 -1 75 75 122 122
-1 -1 75 75 489 489 -1
-1 -1 75 75 549 549 -1
-1 -1 75 75 582 582 582 -1 -1 -1
-1 -1 75 75 453 453 453 -1 -1 -1
-1 -1 75 75 705 705 705 -1 -1 -1
-1 -1 75 75 237 237 237 -1 -1 -1
-1 -1 75 75 106 106 106 -1 -1 -1
-1 -1 75 75 490 490 490 -1 -1 -1
-1 -1 75 75 346 346 346 -1 -1 -1
-1 -1 75 75 489 489 -1
-1 -1 75 75 549 549 -1
-1 -1 75 75 831 831 -1 -1
-1 -1 75 75 494 494
-1 -1 75 75 194 194
-1 -1 75 75 253 -1 -1
-1 -1 75 75 708 -1 -1
-1 -1 75 75 362 -1 -1 -1
-1 -1 -1 -1 -1 -1 -1 -1 -1
-1 -1 75 75 489 489 -1
-1 -1 75 75 549 549 -1
-1 -1 75 75 453 453 453 -1 -1 -1
-1 -1 75 75 705 705 705 -1 -1 -1
-1 -1 75 75 106 106 106 -1 -1 -1
-1 -1 75 75 490 490 490 -1 -1 -1
-1 -1 75 75 346 346 346 -1 -1 -1
-1 -1 75 75 581 581 581 -1 -1 -1
-1 -1 75 75 114 114 114 -1 -1 -1
-1 -1 75 75 322 322 322 -1 -1 -1
-1 -1 75 75 494 494
-1 -1 75 75 122 122
-1 -1 75 75 196 196 -1
-1 -1 75 75 566 566 -1
-1 -1 75 75 270 270 -1
-1 -1 75 75 751 751 -1
-1 -1 75 75 531 -1
-1 -1 75 75 609 -1
-1 -1 75 75 618 -1
-1 -1 75 75 185 185
-1 -1 75 75 489 489 -1
-1 -1 75 75 549 549 -1
-1 -1 75 75 453 453 453 -1 -1 -1
-1 -1 75 75 705 705 705 -1 -1 -1
-1 -1 75 75 106 106 106 -1 -1 -1
-1 -1 75 75 490 490 490 -1 -1 -1
-1 -1 75 75 346 346 346 -1 -1 -1
-1 -1 75 75 494 494
-1 -1 75 75 196 196 -1
-1 -1 75 75 566 566 -1
-1 -1 75 75 270 270 -1
-1 -1 75 75 751 751 -1
-1 -1 75 75 531 -1
-1 -1 75 75 609 -1
-1 -1 48 48 -1
-1 -1 48 48 -1
-1 -1 48 48 -1 -1 -1
-1 -1 48 48 -1 -1 -1
-1 -1 48 48 -1 -1 -1
-1 -1 48 48 -1 -1 -1
-1 -1 48 48 -1 -1
-1 -1 48 48 -1 -1
-1 -1 48 48 -1 -1 -1
-1 -1 48 48 -1 -1 -1
-1 -1 48 48 -1 -1
-1 -1 48 48 -1 -1
-1 -1 48 48 -1 -1
-1 -1 48 48 -1 -1
-1 -1 48 48 -1 -1
-1 -1 48 48 -1 -1 -1
-1 -1 48 48 -1 -1 -1
-1 -1 48 48 -1 -1 -1
-1 -1 48 48 -1 -1 -1
-1 -1 -1 -1 -1 -1
-1 -1 23 -1 -1 -1
-1 -1 23 -1 -1 -1
-1 -1 23 -1 -1
-1 -1 23 -1 -1
-1 -1 23 -1 -1 -1
-1 -1 23 393 393
-1 -1 23 -1 -1
-1 -1 23 -1 -1
-1 -1 23 -1 -1
-1 -1 23 -1 -1
-1 -1 23 -1 -1
-1 -1 23 -1 -1
-1 -1 23 -1
-1 -1 23 -1
-1 -1 23 -1
-1 -1 23 -1 -1 -1
-1 -1 23 -1 -1
-1 -1 23 -1 -1
-1 -1 23 -1 -1
-1 -1 23 -1 -1
-1 -1 23 -1 -1
-1 -1 23 -1 -1 -1
-1 -1 23 23 23 -1
-1 -1 23 23 23 393 393
-1 -1 23 23 23 -1 -1 -1
-1 -1 23 23 23 673 673 673 673 -1
-1 -1 62 880 -1 -1
-1 -1 62 548
-1 -1 62 -1 -1 -1
-1 -1 62 -1 -1
-1 -1 62 -1 -1
-1 -1 62 391 391
-1 -1 62 -1 -1 -1
-1 -1 62 -1 -1 -1
-1 -1 62 -1 -1
-1 -1 19 19 -1 -1 -1
-1 -1 19 19 -1 -1 -1
-1 -1 19 19 -1 -1 -1
-1 -1 19 19 -1 -1 -1
-1 -1 62 62 -1 -1 -1
-1 -1 62 62 880 -1 -1
-1 -1 62 62 391 391
-1 -1 62 62 768
-1 -1 62 62 -1 -1 -1
-1 -1 62 62 -1 -1 -1
-1 -1 62 62 -1 -1
-1 -1 62 62 62 62 548
-1 -1 62 62 62 62 548
-1 -1 62 62 62 62 613 -1
-1 -1 62 62 62 62 -1 -1
-1 -1 62 62 282 -1
-1 -1 62 62 426
-1 -1 62 62 672 672 672 672 -1
-1 -1 62 62 880 -1 -1
-1 -1 62 62 156 -1
-1 -1 62 62 -1 -1 -1
-1 -1 62 62 588 -1
-1 -1 62 62 391 391
-1 -1 62 62 548
-1 -1 62 62 498 498 498
-1 -1 62 62 -1 -1 -1
-1 -1 62 62 -1 -1
-1 -1 62 62 327 327 -1
-1 -1 62 62 -1 -1 -1
-1 -1 62 62 -1 -1 -1
-1 -1 62 62 -1 -1
-1 -1 62 62 -1 -1
-1 -1 62 62 62 498 498 498
-1 -1 62 62 62 417 417
-1 -1 62 62 62 62 -1 -1
-1 -1 62 62 62 62 -1 -1 -1
-1 -1 62 62 62 62 426
-1 -1 62 62 62 62 273 273 273 273 -1
-1 -1 62 62 62 62 327 327 -1 -1
-1 -1 62 62 391 391
-1 -1 62 62 -1 -1 -1
-1 -1 62 62 548
-1 -1 62 62 880 -1 -1
-1 -1 62 62 -1 -1
-1 -1 62 62 417 417
-1 -1 -1 -1
-1 -1 -1 -1 -1
-1 -1 -1 -1 -1
-1 -1 -1 -1 -1 -1 -1
-1 -1 -1 -1 -1
-1 -1 -1 -1 -1 -1 -1 -1
-1 -1 -1 -1 -1 -1 -1
-1 -1 -1 -1 -1
-1 -1 -1 -1 -1
-1 -1 -1
-1 -1 -1 -1 -1 -1 -1
-1 -1 -1 -1
-1 -1 -1
-1 -1 -1 -1
-1 -1 -1 -1 -1
-1 -1 -1 -1 -1 -1 -1
-1 -1 -1 -1 -1 -1
-1 -1 -1 -1
-1 -1 -1 -1 -1 -1 -1
-1 -1 -1 -1 -1 -1 -1
-1 -1 -1 -1 -1 -1 -1 -1
-1 -1 -1 -1 -1 -1
-1 -1 -1 -1 -1 -1 -1
-1 -1 -1 -1 -1 -1 -1
-1 -1 -1 -1 -1 -1
-1 -1 -1 -1 -1 -1 -1 -1 -1
-1 12 -1 -1 -1
-1 6 6 6 -1 -1 -1
-1 6 6 6 -1
-1 6 6 6 133
-1 6 6 6 669
-1 27 27 -1
-1 27 27 -1 -1
-1 27 27 -1
-1 27 27 516 516 -1
-1 27 27 516 516 -1
-1 27 27 516 516 -1
-1 27 27 -1 -1
-1 27 27 -1 -1 -1
-1 27 27 -1 -1 -1
-1 27 27 -1 -1 -1 -1
-1 27 27 -1 -1 -1 -1
-1 27 27 516 516 -1
-1 27 27 278 278 278
-1 27 27 514 514 514
-1 27 27 336 336 336 336
-1 27 27 495 495 495 495
-1 27 27 516 516 -1
-1 27 27 278 278 278
-1 27 27 514 514 514
-1 27 27 336 336 336 336
-1 27 27 495 495 495 495
-1 73 73 -1 -1 -1
-1 73 73 -1 -1
-1 73 73 -1 -1
-1 73 73 -1 -1
-1 73 73 -1 -1
-1 73 73 -1 -1 -1 -1 -1
-1 73 73 -1 -1 -1 -1 -1
-1 73 73 -1 -1 -1
-1 73 73 -1 -1 -1
-1 73 73 -1 -1 -1 -1
-1 -1 -1 -1
-1 -1 -1 -1
-1 -1 -1 -1
-1 -1 -1 -1
-1 -1 -1 -1 -1
-1 -1 -1 -1 -1 -1
-1 -1 -1 -1 -1 -1
-1 21 21 21 146 -1
-1 21 21 21 483 -1
-1 -1 -1 -1 -1 -1
-1 -1 -1
-1 -1 -1 -1 -1
-1 -1 -1 -1 -1
-1 -1 -1 -1 -1
-1 -1 -1
-1 -1 -1 -1
-1 -1 -1 -1
-1 -1 -1 -1 -1
-1 -1 -1 -1 -1
-1 -1 -1 -1 -1 -1
-1 -1 -1 -1
-1 -1 -1
-1 -1 -1 -1 -1 -1
-1 -1 -1 -1
-1 -1 -1 -1 -1 -1
-1 -1 -1 -1 -1 -1
-1 -1 -1 -1 -1 -1
-1 -1 -1 -1
-1 -1 -1 -1
-1 -1 -1 -1 -1
-1 -1 -1
-1 -1 -1 -1 -1 -1
-1 -1 -1 -1 -1 -1
-1 -1 -1 -1 -1 -1 -1 -1
-1 -1 -1 -1 -1
-1 -1 -1 -1
-1 -1 -1 -1
-1 -1 -1 -1 -1
-1 -1 -1 -1 -1
-1 -1 -1 -1 -1
-1 -1 -1 -1 -1 -1 -1 -1 -1
-1 -1 -1 -1
-1 -1 -1 -1 -1 -1 -1
-1 -1 -1 -1 -1
-1 -1 -1 -1 -1
-1 -1 -1 -1
-1 -1 -1 -1
-1 -1 -1 -1
-1 -1 -1 -1 -1 -1 -1
-1 -1 -1 -1 -1 -1 -1 -1 -1
-1 -1 -1 -1 -1
-1 -1 -1 -1 -1 -1
-1 -1 -1 -1 -1
-1 -1 -1 -1
-1 -1 -1 -1
-1 -1 -1 -1 -1 -1
-1 -1 -1 -1
-1 -1 -1 -1 -1
-1 -1 -1 -1 -1 -1
-1 -1 -1 -1 -1 -1
-1 -1 -1 -1 -1 -1
-1 -1 -1 -1 -1
-1 -1 -1 -1 -1 -1 -1
-1 -1 5 -1
-1 -1 5 -1
-1 -1 5 -1 -1 -1
-1 -1 5 -1 -1 -1 -1
-1 -1 5 -1 -1 -1
-1 -1 5 -1 -1
-1 -1 5 -1 -1 -1
-1 -1 -1 -1 -1 -1
-1 -1 -1 -1 -1 -1
-1 -1 -1 -1 -1 -1
-1 -1 -1 -1 -1 -1 -1
-1 -1 -1 -1 -1 -1
-1 -1 5 852 852 -1 -1
-1 -1 5 451 451 -1
-1 -1 -1 -1 -1 -1 -1 -1 -1
-1 -1 -1 -1 -1
-1 -1 -1 -1 -1
-1 -1 -1 -1 -1
-1 -1 -1 -1 -1 -1
-1 -1 -1 -1 -1 -1 -1
-1 -1 -1 -1 -1 -1 -1
-1 -1 -1 -1 -1 -1 -1
-1 -1 -1 -1 -1 -1 -1
-1 -1 -1 -1 -1 -1 -1
-1 -1 -1 -1 -1 -1 -1
-1 -1 -1 -1 -1 -1 -1
-1 -1 -1 -1 -1 -1
-1 -1 -1 -1 -1 -1
-1 -1 -1 -1 -1
-1 -1 -1 -1 -1
-1 -1 -1 -1 -1 -1 -1 -1 -1
-1 -1 -1 -1 -1 -1 -1
-1 -1 -1 -1 -1 -1
-1 -1 -1 -1 -1 -1 -1
-1 -1 -1 -1 -1
-1 -1 -1 -1 -1 -1
-1 -1 -1 -1 -1 -1 -1 -1 -1 -1
-1 -1 -1 -1 -1 -1 -1 -1 -1
-1 -1 -1 -1 -1 -1 -1 -1
-1 -1 -1 -1 -1 -1
-1 -1 5 5 -1 -1
-1 -1 5 5 -1 -1 -1
-1 -1 5 5 -1 -1 -1 -1
-1 -1 5 5 -1 -1 -1
-1 -1 5 5 -1 -1
-1 -1 5 5 -1 -1 -1
-1 -1 -1 -1 -1 -1 -1 -1 -1
-1 -1 -1 -1 -1 -1 -1 -1 -1 -1
-1 -1 -1 -1 -1 -1 -1 -1 -1 -1
-1 -1 -1 -1 -1 -1 -1 -1
-1 -1 -1 -1 -1 -1 -1
-1 -1 -1 -1 -1 -1 -1
-1 -1 -1 -1 -1 -1
-1 -1 -1 -1 -1
-1 -1 -1 -1 -1 -1
-1 -1 -1 -1 -1 -1 -1 -1
-1 -1 -1 -1 -1 -1
-1 -1 -1 -1 -1
-1 -1 -1 -1 -1 -1
-1 -1 -1 -1 -1 -1
-1 -1 -1 -1 -1 -1 -1
-1 -1 -1 -1 -1
-1 -1 -1 -1 -1 -1
-1 -1 -1 -1 -1 -1 -1 -1 -1
-1 -1 -1 -1 -1 -1 -1 -1 -1 -1
-1 -1 78 -1 -1 -1
-1 -1 78 -1 -1 -1
-1 -1 78 78 550
-1 -1 78 78 337
-1 -1 78 78 374
-1 -1 78 78 792
-1 -1 78 78 414
-1 -1 78 78 841 841
-1 -1 78 78 -1 -1 -1 -1
-1 -1 78 78 -1 -1 -1 -1
-1 -1 78 78 -1
-1 -1 78 78 234
-1 -1 78 78 -1 -1
-1 -1 78 78 -1 -1
-1 -1 78 78 -1 -1 -1
-1 -1 78 78 -1 -1 -1
-1 -1 78 78 267
-1 -1 78 78 78 438
-1 -1 78 78 78 -1
-1 -1 -1 -1 -1
-1 -1 -1 -1
-1 -1 -1 -1
-1 -1 -1 -1
-1 -1 -1 -1 -1
-1 -1 -1 -1
-1 -1 -1 -1
-1 -1 -1 -1
-1 -1 -1 -1 -1 -1
-1 -1 -1 -1
-1 -1 -1 -1 -1
-1 -1 -1 -1 -1
-1 -1 -1 -1 -1 -1
-1 -1 -1 -1 -1
-1 -1 -1 -1
-1 -1 78 -1
-1 -1 78 -1
-1 -1 78 -1
-1 -1 78 512 512 512 -1
-1 -1 -1 -1
-1 -1 -1 -1 -1 -1
-1 -1 78 78 569
-1 -1 78 78 -1 -1
-1 -1 78 78 -1
-1 -1 78 623 623 -1
-1 -1 78 115 115 -1 -1
-1 -1 78 78 78 -1 -1
-1 -1 -1 -1 -1 -1
-1 -1 -1 -1 -1 -1
-1 -1 -1 -1 -1 -1 -1
-1 -1 -1 -1 -1 -1 -1
-1 -1 -1 -1 -1 -1 -1 -1
-1 -1 -1 -1 -1 -1 -1 -1
-1 -1 -1 -1 -1 -1 -1
-1 -1 -1 -1 -1 -1 -1
-1 -1 78 -1
-1 -1 78 -1
-1 -1 78 -1 -1 -1
-1 -1 78 -1 -1 -1
-1 -1 78 -1 -1 -1
-1 -1 78 447
-1 -1 78 -1
-1 -1 -1 -1
-1 -1 -1 -1 -1
-1 -1 -1 -1 -1
-1 -1 -1 -1 -1 -1 -1 -1
-1 -1 -1 -1 -1 -1 -1 -1
-1 -1 -1 -1 -1 -1 -1 -1 -1 -1
-1 -1 -1 -1 -1 -1 -1 -1
-1 -1 -1 -1 -1 -1 -1
-1 -1 -1 -1 -1 -1 -1
-1 -1 -1 -1 -1 -1 -1 -1
-1 -1 -1 -1 -1 -1 -1 -1
-1 -1 -1 -1
-1 -1 78 95 95 95 -1 -1
-1 -1 78 562
-1 -1 78 622 622
-1 -1 78 143
-1 -1 78 667 667 667 -1
-1 -1 78 -1 -1 -1 -1 -1
-1 -1 78 512 512 512 -1
-1 -1 78 95 95 95 -1 -1
-1 -1 78 562
-1 -1 78 622 622
-1 -1 78 143
-1 -1 78 484
-1 -1 78 262
-1 -1 78 -1 -1 -1
-1 -1 78 423
-1 -1 78 -1 -1 -1 -1
-1 -1 78 95 95 95 -1 -1
-1 -1 78 143
-1 -1 78 667 667 667 -1
-1 -1 78 78 95 95 95 -1 -1
-1 -1 78 78 622 622
-1 -1 78 78 143
-1 -1 78 78 484
-1 -1 78 78 262
-1 -1 78 78 465 465 465 -1
-1 -1 78 78 825 825 825 -1
-1 -1 78 78 797 797 797 797 -1
-1 -1 78 78 504 504 504 -1
-1 -1 78 78 698 698 698 698 -1
-1 -1 78 78 423
-1 -1 78 78 623 623 -1
-1 -1 -1 -1 -1 -1 -1 -1
-1 -1 -1 -1 -1
-1 -1 -1 -1 -1
-1 -1 -1 -1 -1 -1 -1
-1 -1 -1 -1 -1 -1
-1 -1 -1 -1 -1 -1
-1 -1 -1 -1 -1
-1 -1 78 78 95 95 95 -1 -1
-1 -1 78 78 -1 -1
-1 -1 78 78 143
-1 -1 78 78 512 512 512 -1
-1 -1 78 78 623 623 -1
-1 -1 78 512 512 512 -1
-1 -1 -1 -1 -1 -1
-1 -1 -1 -1 -1 -1 -1
-1 -1 -1 -1 -1 -1 -1
-1 -1 -1 -1 -1
-1 -1 58 58 -1
-1 -1 58 58 -1 -1
-1 -1 58 58 58 58 864 -1 -1
-1 -1 58 58 58 58 -1
-1 -1 58 58 58 58 864 -1 -1
-1 -1 58 58 58 58 -1
-1 -1 -1 -1 -1
-1 -1 -1 -1 -1 -1
-1 -1 -1 -1 -1 -1 -1 -1 -1
-1 -1 -1 -1 -1 -1 -1 -1
-1 -1 -1 -1 -1 -1
-1 -1 -1 -1 -1 -1 -1
-1 -1 -1 -1 -1 -1 -1
-1 -1 -1 -1 -1 -1
-1 -1 -1 -1 -1
-1 -1 -1 -1 -1
-1 -1 -1 -1 -1 -1
-1 -1 -1 -1 -1
-1 -1 -1 -1 -1
-1 -1 -1 -1 -1
-1 -1 -1 -1 -1
-1 -1 -1 -1 -1 -1
-1 -1 -1 -1 -1
-1 -1 -1 -1 -1
-1 -1 -1 -1 -1 -1
-1 -1 -1 -1 -1
-1 -1 -1 -1 -1 -1
-1 -1 -1 -1 -1 -1 -1
-1 -1 -1 -1 -1 -1
-1 -1 -1 -1 -1 -1 -1
-1 -1 -1 -1 -1 -1 -1 -1
-1 -1 -1 -1 -1 -1
-1 -1 -1 -1 -1 -1
-1 -1 -1 -1 -1
-1 -1 -1 -1 -1 -1
-1 -1 -1 -1 -1 -1
-1 -1 65 65 -1 -1 -1
-1 -1 -1 -1 -1 -1 -1
-1 -1 -1 -1 -1 -1
-1 -1 78 623 623 -1
-1 -1 78 382
-1 -1 78 423
-1 -1 78 423
-1 -1 78 -1 -1 -1 -1 -1
-1 -1 -1 -1 -1
-1 -1 -1 -1 -1 -1
-1 -1 -1 -1 -1 -1
-1 -1 -1 -1
-1 -1 -1 -1 -1 -1
-1 -1 -1 -1
-1 -1 -1 -1
-1 -1 -1 -1 -1 -1 -1 -1 -1 -1
-1 -1 -1 -1 -1 -1 -1 -1 -1
-1 -1 -1 -1 -1 -1
-1 -1 -1 -1 -1 -1
-1 -1 -1 -1 -1 -1
-1 -1 -1 -1 -1 -1
-1 -1 -1 -1 -1 -1 -1
-1 -1 -1 -1 -1 -1 -1
-1 -1 -1 -1 -1
-1 -1 -1 -1 -1 -1
-1 -1 -1 -1 -1 -1 -1 -1
-1 -1 -1 -1 -1 -1 -1 -1 -1
-1 -1 -1 -1 -1 -1 -1 -1
-1 -1 -1 -1 -1
-1 -1 -1 -1 -1 -1
-1 -1 78 430 -1
-1 -1 78 -1 -1 -1 -1
-1 -1 78 438
-1 -1 78 -1 -1
-1 -1 78 -1 -1 -1 -1
-1 -1 78 95 95 95 -1 -1
-1 -1 78 -1 -1 -1
-1 -1 78 -1 -1 -1
-1 -1 78 -1 -1
-1 -1 78 267
-1 -1 -1 -1 -1 -1
-1 -1 -1 -1 -1 -1
-1 -1 -1 -1 -1 -1
-1 -1 78 683
-1 -1 78 683
-1 -1 78 78 -1 -1
-1 -1 78 78 -1 -1
-1 -1 78 78 -1 -1
-1 -1 78 78 625
-1 -1 78 78 625
-1 -1 -1 -1 -1 -1
-1 -1 -1 -1 -1 -1
-1 -1 -1 -1
-1 -1 -1 -1 -1
-1 -1 -1 -1 -1 -1 -1 -1 -1 -1
-1 -1 -1 -1 -1 -1 -1 -1 -1 -1
-1 -1 -1 -1 -1 -1 -1 -1 -1
-1 -1 -1 -1 -1 -1 -1 -1
-1 -1 -1 -1 -1 -1 -1 -1
-1 -1 -1 -1 -1 -1 -1
-1 -1 -1 -1 -1 -1 -1
-1 -1 -1 -1 -1 -1
-1 -1 -1 -1 -1
-1 -1 -1 -1 -1 -1
-1 -1 -1 -1 -1 -1
-1 -1 -1 -1 -1
-1 -1 -1 -1
-1 -1 -1 -1 -1
-1 -1 -1 -1 -1
-1 -1 -1 -1 -1 -1
-1 -1 -1 -1 -1 -1 -1 -1 -1
-1 -1 -1 -1 -1
-1 -1 -1 -1 -1 -1
-1 -1 -1 -1 -1 -1
-1 -1 -1 -1 -1 -1 -1
-1 -1 -1 -1 -1 -1 -1 -1 -1
-1 -1 -1 -1 -1 -1 -1
-1 -1 -1 -1 -1 -1 -1
-1 -1 -1 -1 -1 -1 -1 -1
-1 -1 -1 -1 -1 -1 -1
-1 -1 -1 -1 -1 -1 -1 -1
-1 -1 -1 -1 -1 -1 -1
-1 -1 -1 -1 -1 -1 -1 -1
-1 -1 -1 -1 -1
-1 -1 -1 -1 -1 -1
-1 -1 -1 -1 -1
-1 -1 -1 -1 -1 -1
-1 -1 -1 -1 -1
-1 -1 -1 -1 -1 -1
-1 -1 -1 -1 -1 -1 -1 -1 -1
-1 -1 -1 -1 -1 -1 -1 -1
-1 -1 -1 -1 -1
-1 -1 -1 -1 -1 -1
-1 -1 80 -1
-1 -1 80 -1 -1
-1 -1 80 -1 -1 -1
-1 -1 -1 -1 -1 -1
-1 -1 -1 -1 -1
-1 -1 54 54 54 -1
-1 -1 54 54 54 -1
-1 -1 54 54 54 -1
-1 -1 54 54 54 723
-1 -1 54 54 -1
-1 -1 54 54 -1
-1 -1 -1 -1 -1
-1 -1 -1 -1 -1
-1 -1 -1 -1 -1
-1 -1 -1 -1 -1 -1
-1 -1 -1 -1 -1
-1 -1 -1 -1 -1
-1 -1 -1 -1 -1 -1 -1
-1 -1 -1 -1 -1
-1 -1 -1 -1 -1
-1 -1 -1 -1 -1 -1 -1
-1 -1 -1 -1 -1 -1 -1
-1 -1 -1 -1 -1 -1 -1
-1 -1 -1 -1 -1 -1 -1 -1
-1 -1 80 -1 -1
-1 -1 80 702
-1 -1 80 -1 -1
-1 -1 80 -1
-1 -1 80 -1
-1 -1 80 700 -1
-1 -1 -1 -1 -1 -1 -1 -1
-1 -1 -1 -1 -1 -1 -1
-1 -1 -1 -1 -1 -1 -1 -1 -1
-1 -1 -1 -1 -1 -1 -1
-1 -1 -1 -1 -1 -1 -1
-1 -1 -1 -1
-1 -1 -1 -1 -1
-1 -1 -1 -1
-1 -1 -1 -1
-1 -1 -1 -1
-1 -1 -1 -1
-1 -1 -1 -1 -1
-1 -1 -1 -1
-1 -1 -1 -1
-1 -1 -1 -1 -1
-1 -1 -1 -1 -1
-1 -1 -1 -1 -1
-1 -1 -1 -1 -1 -1 -1
-1 -1 -1 -1 -1 -1 -1
-1 -1 -1 -1 -1
-1 -1 -1 -1 -1 -1 -1 -1
-1 -1 -1 -1 -1 -1
-1 -1 -1 -1 -1 -1 -1
-1 -1 -1 -1 -1
-1 -1 -1 -1
-1 -1 -1 -1
-1 -1 -1 -1
-1 -1 -1 -1
-1 -1 -1 -1
-1 -1 -1 -1
-1 -1 -1 -1 -1
-1 -1 -1 -1 -1
-1 -1 -1 -1 -1
-1 -1 -1 -1 -1
-1 -1 -1 -1 -1
-1 -1 -1 -1 -1 -1
-1 -1 -1 -1 -1 -1 -1 -1 -1
-1 -1 80 -1 -1
-1 -1 80 662 -1
-1 -1 80 -1 -1
-1 -1 80 436 -1
-1 -1 80 616 -1
-1 -1 80 769 -1
-1 -1 80 -1 -1
-1 -1 80 -1 -1
-1 -1 80 -1 -1
-1 -1 80 -1 -1
-1 -1 80 629 -1
-1 -1 80 -1 -1
-1 -1 80 853
-1 -1 80 580 -1 -1 -1
-1 -1 80 -1 -1 -1
-1 -1 80 -1 -1 -1
-1 -1 80 446
-1 -1 80 -1 -1
-1 -1 80 449
-1 -1 80 -1
-1 -1 80 -1
-1 -1 80 -1
-1 -1 80 -1 -1
-1 -1 80 -1 -1
-1 -1 80 -1 -1 -1 -1
-1 -1 80 -1 -1 -1 -1 -1
-1 -1 80 -1 -1 -1 -1 -1
-1 -1 80 -1 -1
-1 -1 80 -1 -1 -1
-1 -1 80 -1 -1 -1
-1 -1 80 -1 -1 -1 -1
-1 -1 80 -1 -1 -1 -1
-1 -1 80 -1 -1 -1 -1
-1 -1 80 -1 -1 -1 -1 -1
-1 -1 80 -1 -1 -1 -1 -1
-1 -1 80 -1 -1
-1 -1 80 -1 -1 -1
-1 -1 -1 -1 -1 -1 -1 -1 -1
-1 -1 -1 -1 -1 -1
-1 -1 -1 -1 -1
-1 -1 -1 -1 -1 -1 -1 -1
-1 -1 -1 -1 -1 -1 -1 -1
-1 -1 -1 -1 -1 -1 -1
-1 -1 -1 -1 -1 -1 -1 -1
-1 -1 -1 -1 -1 -1 -1 -1
-1 -1 -1 -1 -1 -1
-1 -1 -1 -1 -1 -1 -1 -1 -1
-1 -1 -1 -1 -1 -1 -1 -1 -1
-1 -1 -1 -1 -1 -1 -1 -1 -1
-1 -1 -1 -1 -1 -1 -1 -1 -1
-1 -1 -1 -1 -1
-1 -1 -1 -1 -1
-1 -1 -1 -1 -1
-1 -1 -1 -1 -1 -1 -1
-1 -1 80 -1 -1
-1 -1 80 662 -1
-1 -1 80 -1 -1
-1 -1 80 436 -1
-1 -1 80 616 -1
-1 -1 80 769 -1
-1 -1 80 -1 -1
-1 -1 80 -1 -1
-1 -1 80 629 -1
-1 -1 80 -1 -1
-1 -1 80 -1 -1 -1
-1 -1 80 -1 -1 -1 -1
-1 -1 80 446
-1 -1 80 -1 -1
-1 -1 80 449
-1 -1 80 -1
-1 -1 80 -1 -1
-1 29 29 568
-1 29 29 -1 -1 -1
-1 29 29 -1 -1
-1 29 29 -1
-1 29 29 876 876
-1 29 29 767
-1 29 29 568
-1 29 29 -1 -1 -1 -1
-1 29 29 -1 -1 -1
-1 29 29 -1 -1
-1 29 29 -1 -1
-1 29 29 -1
-1 29 29 876 876
-1 29 29 767
-1 29 29 -1 -1
-1 29 29 568
-1 29 29 -1 -1 -1 -1
-1 29 29 -1 -1 -1
-1 29 29 -1 -1
-1 29 29 -1
-1 29 29 876 876
-1 29 29 767
-1 29 29 -1 -1
-1 -1 -1 -1
-1 -1 -1 -1 -1 -1
-1 -1 -1 -1 -1
-1 -1 -1 -1 -1
-1 -1 -1 -1 -1
-1 -1 -1 -1 -1 -1 -1 -1
-1 -1 -1 -1 -1 -1 -1 -1
-1 -1 -1 -1 -1
-1 -1 -1 -1 -1
-1 29 29 568
-1 29 29 -1 -1 -1 -1
-1 29 29 -1 -1 -1
-1 29 29 -1 -1
-1 29 29 -1
-1 29 29 876 876
-1 29 29 767
-1 29 29 -1 -1
-1 -1 -1 -1
-1 -1 -1 -1 -1
-1 -1 -1 -1 -1
-1 -1 -1 -1 -1 -1
-1 -1 -1 -1 -1 -1
-1 -1 -1 -1 -1 -1
-1 -1 -1 -1 -1
-1 29 29 -1
-1 29 29 -1
-1 29 29 568
-1 29 29 -1 -1 -1 -1
-1 29 29 -1 -1 -1
-1 29 29 -1 -1
-1 29 29 -1
-1 29 29 876 876
-1 29 29 767
-1 29 29 -1 -1
-1 29 29 568
-1 29 29 -1 -1 -1 -1
-1 29 29 -1 -1 -1
-1 29 29 -1 -1
-1 29 29 -1
-1 29 29 876 876
-1 29 29 767
-1 29 29 568
-1 29 29 -1 -1 -1 -1
-1 29 29 -1 -1 -1
-1 29 29 -1 -1
-1 29 29 -1
-1 29 29 876 876
-1 29 29 767
-1 -1 -1 -1
-1 -1 -1 -1
-1 -1 -1 -1
-1 -1 -1 -1
-1 -1 -1 -1
-1 -1 -1 -1
-1 -1 -1 -1
-1 -1 -1 -1
-1 -1 -1 -1
-1 -1 -1 -1
-1 -1 -1 -1 -1 -1
-1 -1 -1 -1 -1 -1 -1
-1 -1 -1 -1 -1 -1 -1 -1
-1 -1 -1
-1 -1 -1
-1 -1 -1
-1 -1 -1
-1 -1 -1 -1
-1 -1 -1 -1
-1 -1 -1 -1
-1 -1 -1 -1
-1 -1 -1 -1
-1 -1 -1 -1
-1 -1 -1 -1
-1 -1 -1
-1 -1 -1
-1 -1 -1
-1 -1 -1 -1 -1 -1
-1 -1 -1 -1 -1
-1 -1 -1
-1 -1 -1 -1
-1 -1 -1 -1 -1
-1 -1 -1 -1
-1 -1 -1 -1
-1 -1 -1 -1
-1 -1 -1 -1 -1 -1
-1 -1 -1 -1 -1 -1
-1 -1 -1 -1 -1 -1 -1
-1 -1 -1 -1 -1 -1
-1 -1 -1 -1 -1 -1
-1 -1 -1 -1 -1 -1 -1 -1 -1
-1 -1 -1 -1 -1 -1 -1
-1 -1 -1 -1 -1
-1 -1 -1 -1 -1 -1 -1 -1
-1 -1 -1 -1 -1 -1 -1 -1
-1 -1 -1 -1 -1 -1 -1
-1 -1 -1 -1 -1
-1 -1 -1 -1 -1 -1
-1 -1 -1 -1 -1 -1
-1 -1 -1 -1 -1 -1 -1
-1 -1 -1
-1 -1 -1 -1 -1
-1 -1 -1 -1 -1 -1
-1 -1 -1 -1 -1 -1 -1
-1 -1 -1 -1 -1 -1 -1 -1
-1 -1 -1 -1 -1 -1 -1 -1
-1 -1 -1 -1 -1 -1 -1
-1 -1 -1 -1 -1 -1
-1 -1 -1 -1 -1 -1 -1
-1 -1 -1 -1 -1 -1
-1 -1 -1 -1 -1
-1 -1 -1
-1 -1 -1 -1
-1 -1 -1 -1
-1 -1 -1 -1 -1
-1 -1 -1 -1 -1 -1
-1 -1 -1 -1
-1 -1 -1
-1 -1 -1 -1
-1 -1 -1
-1 -1 -1
-1 -1 -1
-1 -1 -1 -1
-1 -1 -1 -1 -1 -1
-1 -1 -1 -1
-1 -1 -1 -1
-1 -1 -1 -1
-1 -1 -1 -1 -1
-1 -1 -1
-1 -1 -1
-1 -1 -1 -1
-1 -1 -1 -1
-1 -1 -1
-1 -1 -1 -1 -1 -1
-1 -1 -1 -1 -1
-1 -1 -1 -1
-1 -1 -1 -1
-1 -1 -1 -1 -1
-1 -1 -1 -1
-1 -1 -1 -1
-1 -1 -1 -1
-1 -1 -1
-1 -1 -1 -1 -1 -1
-1 -1 -1
-1 -1 -1
-1 -1 -1
-1 -1 -1
-1 -1 -1 -1
-1 -1 -1 -1 -1 -1
-1 -1 -1 -1 -1
-1 -1 -1 -1
-1 -1 -1
-1 -1 -1
-1 -1 -1
-1 -1 -1 -1
-1 -1 -1 -1
-1 -1 -1 -1
-1 -1 -1 -1
-1 -1 -1 -1
-1 -1 -1
-1 -1 -1
-1 -1 -1
-1 -1 -1
-1 -1 -1
-1 -1 -1 -1
-1 -1 -1
-1 -1 -1
-1 -1 -1
-1 -1 -1 -1
-1 -1 -1
-1 -1 -1
-1 -1 -1
-1 -1 -1 -1
-1 -1 -1 -1
-1 -1 -1 -1 -1 -1 -1
-1 -1 -1 -1
-1 -1 -1 -1 -1
-1 -1 -1 -1 -1 -1
-1 -1 -1 -1 -1
-1 -1 -1 -1 -1 -1
-1 -1 -1 -1 -1 -1
-1 -1 -1 -1 -1 -1 -1
-1 -1 -1 -1 -1 -1 -1
-1 -1 -1 -1 -1
-1 -1 -1 -1 -1 -1 -1
-1 -1 -1 -1 -1 -1
-1 -1 -1
-1 -1 -1
-1 -1 -1
-1 -1 -1
-1 -1 -1 -1
-1 -1 -1
-1 -1 -1 -1 -1
-1 -1 -1 -1 -1
-1 -1 -1 -1 -1
-1 -1 -1 -1 -1
-1 -1 -1 -1 -1 -1 -1 -1 -1
-1 -1 -1 -1 -1 -1 -1 -1 -1 -1
-1 -1 -1 -1 -1 -1 -1 -1
-1 -1 -1 -1
-1 -1 -1 -1 -1 -1 -1 -1
-1 -1 -1 -1 -1
-1 -1 -1 -1 -1
-1 -1 -1 -1 -1
-1 -1 -1 -1 -1 -1
-1 -1 -1 -1 -1 -1 -1
-1 -1 -1 -1 -1 -1
-1 -1 -1 -1
-1 -1 -1 -1 -1
-1 -1 -1 -1 -1 -1
-1 -1 -1 -1 -1 -1 -1
-1 -1 -1 -1 -1 -1
-1 -1 -1 -1 -1 -1 -1
-1 -1 -1 -1
-1 -1 -1 -1
-1 -1 -1 -1 -1
-1 -1 -1 -1 -1
-1 -1 -1 -1 -1 -1
-1 -1 -1 -1 -1 -1
-1 -1 -1 -1 -1 -1 -1
-1 -1 -1 -1
-1 -1 -1 -1 -1 -1
-1 -1 -1 -1 -1
-1 -1 -1 -1 -1 -1 -1 -1
-1 -1 -1 -1 -1
-1 -1 -1 -1 -1 -1 -1
-1 -1 -1 -1 -1 -1
-1 -1 -1 -1 -1
-1 -1 -1 -1 -1 -1 -1
-1 -1 -1 -1 -1 -1
-1 -1 -1 -1 -1
-1 -1 -1 -1 -1 -1
-1 -1 -1 -1 -1
-1 -1 -1 -1 -1 -1
-1 -1 -1 -1 -1 -1 -1
-1 -1 -1 -1 -1 -1
-1 -1 -1 -1 -1 -1 -1 -1
-1 -1 -1 -1 -1 -1 -1
-1 -1 -1 -1 -1
-1 -1 -1 -1
-1 -1 -1 -1 -1 -1 -1
-1 -1 -1 -1 -1 -1 -1
-1 -1 -1 -1 -1
-1 -1 -1 -1 -1 -1 -1 -1
-1 -1 -1 -1 -1 -1 -1 -1
-1 -1 -1 -1 -1 -1 -1 -1
-1 -1 -1 -1 -1 -1 -1 -1 -1 -1
-1 -1 -1 -1 -1 -1
-1 -1 -1 -1 -1
-1 -1 -1 -1 -1
-1 -1 -1 -1 -1 -1 -1 -1 -1
-1 -1 -1 -1 -1
-1 -1 -1 -1 -1 -1
-1 -1 -1 -1
-1 -1 -1 -1 -1 -1 -1
-1 -1 -1 -1 -1
-1 -1 -1 -1
-1 -1 -1 -1
-1 -1 -1 -1
-1 81 81 -1 -1
-1 81 81 750 -1
-1 81 81 617 -1
-1 81 81 145 -1
-1 81 81 192
-1 81 81 378
-1 81 81 -1 -1 -1
-1 81 81 153 153
-1 81 81 -1
-1 81 81 200 -1
-1 81 81 326 326 -1
-1 81 81 671
-1 81 81 81 181 181
-1 81 81 81 570 570
-1 81 81 81 302 302
-1 81 81 81 770 -1
-1 81 81 81 799
-1 81 81 81 192
-1 81 81 81 857 -1
-1 81 81 81 231 231 -1 -1
-1 81 81 81 604
-1 81 81 81 617 -1
-1 81 81 81 701 -1
-1 81 81 81 543 543 -1
-1 81 81 81 171 171 -1
-1 81 81 81 554 -1 -1
-1 81 81 81 99 99
-1 81 81 81 601 601 601 -1
-1 81 81 81 301 301
-1 81 81 81 178 178 -1
-1 81 81 81 313 313 -1
-1 81 81 81 593 593 -1 -1
-1 81 81 81 350 350 -1 -1 -1
-1 81 81 81 335 335 335
-1 81 81 81 384 384 384
-1 -1 -1 -1 -1 -1 -1 -1
-1 -1 -1 -1 -1 -1
-1 80 431 -1
-1 80 -1 -1 -1
-1 80 -1
-1 80 662 -1
-1 80 629 -1
-1 80 815 -1
-1 80 700 -1
-1 80 377
-1 80 -1
-1 80 -1 -1 -1 -1
-1 -1 -1 -1 -1 -1 -1
-1 -1 -1 -1 -1
-1 -1 -1 -1 -1
-1 -1 -1 -1 -1
-1 -1 -1 -1
-1 -1 -1 -1 -1
-1 -1 -1 -1 -1
-1 -1 -1 -1 -1 -1
-1 -1 -1 -1 -1 -1
-1 -1 -1 -1
-1 -1 -1 -1
-1 -1 -1 -1 -1
-1 -1 -1 -1
-1 -1 -1 -1 -1 -1 -1
-1 -1 -1
-1 -1 -1 -1
-1 -1 -1 -1
-1 -1 -1
-1 -1 -1
-1 -1 -1
-1 -1 -1
-1 -1 -1 -1
-1 -1 -1
-1 -1 -1
-1 -1 -1
-1 -1 -1 -1 -1
-1 -1 -1 -1
-1 -1 -1 -1
-1 -1 -1 -1 -1
-1 -1 -1 -1
-1 -1 -1 -1
-1 -1 -1 -1
-1 -1 -1 -1 -1 -1
-1 -1 -1 -1
-1 -1 -1 -1 -1
-1 -1 -1 -1 -1
-1 -1 -1 -1 -1 -1 -1
-1 -1 -1 -1
-1 -1 -1 -1 -1
-1 -1 -1 -1
-1 -1 -1 -1
-1 -1 -1 -1
-1 -1 -1 -1
-1 -1 -1 -1 -1
-1 -1 -1 -1
-1 -1 -1 -1
-1 -1 -1 -1
-1 -1 -1 -1
-1 -1 -1 -1
-1 -1 -1
-1 -1 -1
-1 -1 -1
-1 -1 -1 -1
-1 -1 -1
-1 -1 -1 -1 -1 -1 -1
-1 -1 -1 -1 -1 -1 -1
-1 -1 -1 -1 -1 -1
-1 -1 -1 -1 -1 -1
-1 -1 -1 -1 -1 -1
-1 -1 -1 -1
-1 -1 -1 -1
-1 81 81 -1 -1 -1 -1
-1 81 81 -1 -1 -1
-1 81 81 203 203 -1 -1
-1 81 81 192 -1
-1 81 81 145 -1 -1
-1 81 81 -1
-1 81 81 -1
-1 81 81 407
-1 81 81 142
-1 81 81 -1 -1
-1 81 81 -1 -1 -1
-1 81 81 -1 -1 -1 -1
-1 81 81 -1 -1 -1 -1
-1 81 81 -1 -1 -1 -1
-1 81 81 -1 -1 -1
-1 81 81 -1 -1 -1 -1
-1 81 81 -1 -1 -1 -1
-1 81 81 -1 -1
-1 81 81 -1 -1 -1
-1 81 81 -1 -1 -1 -1 -1
-1 81 81 -1 -1 -1 -1 -1 -1
-1 81 81 -1 -1
-1 81 81 -1 -1 -1 -1
-1 81 81 -1 -1 -1 -1 -1
-1 81 81 -1 -1 -1
-1 81 81 -1
-1 81 81 -1
-1 -1 -1 -1 -1 -1
-1 -1 -1 -1 -1 -1
-1 -1 -1 -1 -1 -1 -1
-1 -1 -1 -1 -1 -1 -1
-1 -1 -1 -1 -1 -1
-1 -1 -1 -1 -1
-1 -1 -1 -1
-1 -1 -1 -1 -1
-1 -1 -1 -1 -1 -1 -1
-1 -1 -1 -1 -1 -1
-1 -1 -1 -1 -1 -1
-1 -1 -1 -1 -1 -1
-1 -1 -1 -1 -1 -1
-1 -1 -1 -1
-1 -1 -1 -1 -1
-1 -1 -1 -1 -1 -1
-1 -1 28 801 -1
-1 -1 28 801 -1
-1 -1 72 798 -1
-1 -1 72 798 -1
-1 -1 72 798 -1
-1 -1 72 798 -1
-1 -1 72 798 -1
-1 -1 72 798 -1
-1 -1 26 639 -1
-1 -1 26 800 -1
-1 -1 26 686 686 -1 -1
-1 -1 26 403 403 403 -1
-1 -1 26 800 -1
-1 -1 26 800 -1
-1 -1 26 639 -1
-1 -1 26 686 686 -1 -1
-1 -1 -1 -1 -1 -1 -1 -1
-1 -1 -1 -1 -1
-1 -1 -1 -1 -1
-1 -1 -1 -1 -1
-1 -1 -1 -1 -1
-1 -1 -1 -1 -1
-1 -1 -1 -1 -1
-1 -1 50 50 50 413
-1 -1 50 50 50 -1
-1 -1 50 50 50 843 843
-1 -1 -1 -1
-1 -1 -1 -1 -1 -1 -1 -1
-1 -1 -1 -1 -1 -1 -1 -1 -1 -1
-1 -1 -1 -1 -1 -1 -1
-1 -1 -1 -1 -1 -1 -1
-1 -1 -1 -1 -1
-1 -1 -1 -1 -1 -1 -1
-1 -1 -1 -1 -1 -1 -1
-1 -1 -1 -1 -1
-1 -1 -1 -1 -1 -1 -1
-1 -1 -1 -1 -1 -1
-1 -1 -1 -1 -1 -1
-1 -1 -1 -1
-1 -1 -1 -1
-1 -1 -1 -1 -1 -1
-1 -1 -1 -1 -1 -1
-1 -1 80 80 80 746 746 746 -1 -1
-1 -1 80 80 80 657 657 -1 -1
-1 -1 80 80 80 695 695 -1 -1 -1
-1 -1 68 68 -1 -1
-1 -1 68 68 -1 -1 -1
-1 -1 68 68 -1
-1 -1 68 68 -1 -1 -1
-1 -1 68 68 -1 -1 -1
-1 -1 68 68 597 597 -1
-1 -1 68 640 -1
-1 -1 68 360
-1 -1 68 687 687 -1 -1
-1 -1 68 404 404 404 -1
-1 -1 -1 -1 -1
-1 -1 -1 -1 -1
-1 -1 -1 -1 -1 -1
-1 -1 -1 -1 -1 -1 -1
-1 -1 -1 -1 -1 -1 -1
-1 -1 -1 -1 -1 -1
-1 -1 -1 -1 -1 -1 -1 -1 -1
-1 -1 -1 -1 -1
-1 -1 -1 -1 -1 -1 -1
-1 -1 -1 -1 -1
-1 -1 -1 -1 -1 -1 -1
-1 -1 -1 -1 -1 -1 -1
-1 -1 -1 -1 -1 -1
-1 -1 40 -1 -1 -1
-1 -1 -1
-1 -1 -1 -1
-1 -1 -1 -1 -1 -1 -1 -1
-1 -1 -1 -1 -1 -1 -1
-1 -1 -1 -1 -1 -1 -1
-1 -1 -1 -1 -1 -1 -1 -1
-1 -1 -1 -1 -1 -1 -1 -1
-1 -1 -1 -1 -1 -1 -1 -1
-1 -1 -1 -1 -1 -1
-1 -1 -1 -1 -1 -1
-1 -1 -1 -1 -1 -1 -1
-1 -1 66 66 -1
-1 -1 66 66 -1
-1 -1 66 66 66 -1
-1 -1 66 66 66 -1
-1 -1 -1 -1 -1 -1 -1 -1
-1 -1 -1 -1
-1 -1 -1 -1
-1 -1 -1 -1 -1 -1 -1 -1
-1 -1 -1 -1 -1 -1 -1 -1
-1 -1 -1 -1 -1 -1 -1 -1
-1 -1 -1 -1 -1 -1 -1 -1
-1 -1 50 50 818 -1 -1 -1
-1 -1 -1 -1 -1
-1 -1 13 -1
-1 -1 13 -1
-1 -1 13 -1
-1 -1 13 -1
-1 -1 13 -1 -1 -1
-1 -1 13 -1 -1
-1 -1 13 -1 -1
-1 -1 13 -1 -1
-1 -1 13 -1
-1 -1 13 -1
-1 -1 13 -1
-1 -1 13 -1
-1 -1 13 -1
-1 -1 13 -1
-1 -1 13 -1
-1 -1 13 -1
-1 -1 13 477
-1 -1 79 79 -1 -1 -1 -1
-1 -1 79 79 -1 -1 -1 -1 -1
-1 -1 79 79 -1 -1 -1 -1 -1
-1 -1 79 79 -1 -1 -1 -1 -1 -1
-1 -1 -1 -1 -1
-1 -1 -1 -1 -1
-1 -1 -1 -1 -1
-1 -1 -1 -1 -1
-1 -1 -1 -1
-1 -1 -1 -1 -1 -1 -1 -1
-1 -1 -1 -1 -1 -1
-1 -1 -1 -1 -1 -1 -1 -1 -1
-1 -1 -1 -1 -1 -1 -1 -1
-1 -1 -1 -1 -1 -1 -1 -1
-1 -1 -1 -1 -1 -1
-1 -1 -1 -1 -1 -1 -1 -1
-1 -1 -1 -1 -1 -1 -1
-1 -1 -1 -1 -1 -1 -1
-1 -1 -1 -1 -1 -1 -1 -1
-1 -1 -1 -1 -1 -1 -1 -1 -1
-1 -1 -1 -1 -1
-1 -1 -1 -1 -1 -1 -1
-1 -1 -1 -1 -1 -1 -1 -1 -1
-1 -1 -1 -1 -1 -1 -1 -1 -1
-1 -1 -1 -1 -1 -1 -1 -1 -1
