-1 -1 -1 -1 -1 -1 -1 -1
-1 -1 -1 -1 -1 -1
-1 -1 -1
-1 -1 -1 -1
-1 -1 -1 -1 -1 -1
-1 -1 -1 -1 -1 -1
-1 -1 -1 -1
-1 -1 -1
-1 -1 -1 -1
-1 -1 -1 -1 -1 -1
-1 -1 -1 -1 -1 -1
-1 40 40 -1 -1 -1
-1 -1 -1 -1 -1
-1 -1 -1 -1
-1 -1 -1 -1
-1 -1 -1
-1 -1 -1 -1
-1 -1 -1 -1
-1 -1 -1 -1 -1 -1 -1
-1 -1 -1 -1
-1 -1 -1 -1
-1 -1 -1 -1 -1 -1
-1 18 18 -1 -1
-1 -1 -1 -1 -1 -1
-1 91 91 265 -1 -1 -1
-1 -1 -1 -1 -1 -1
-1 -1 -1 -1 -1 -1
-1 -1 -1 -1 -1 -1 -1 -1 -1
-1 -1 -1 -1 -1 -1 -1 -1 -1
-1 -1 -1 -1 -1 -1
-1 -1 -1 -1 -1 -1 -1
-1 -1 -1 -1 -1 -1 -1 -1 -1 -1
-1 -1 -1 -1 -1 -1 -1 -1 -1 -1
-1 -1 -1 -1 -1 -1 -1 -1
-1 -1 -1 -1 -1 -1 -1
-1 -1 -1 -1 -1 -1 -1 -1
-1 -1 -1 -1 -1 -1
-1 -1 -1 -1 -1
-1 -1 -1 -1 -1
-1 -1 -1 -1 -1 -1 -1
-1 -1 -1 -1 -1 -1 -1
-1 -1 -1 -1 -1 -1 -1 -1
-1 -1 -1 -1 -1 -1
-1 -1 -1 -1 -1 -1 -1 -1 -1
-1 -1 -1 -1 -1 -1 -1
-1 -1 -1 93 93 93 -1
-1 -1 -1 93 93 93 240 240 240 -1 -1
-1 -1 -1 93 93 93 -1
-1 -1 -1 93 93 93 -1 -1 -1
-1 -1 -1 93 93 93 -1 -1 -1
-1 -1 -1 -1 -1 -1 -1 -1 -1
-1 -1 -1 -1 -1 -1 -1
-1 -1 -1 93 93 -1 -1 -1 -1
-1 -1 -1 93 93 -1 -1 -1 -1
-1 -1 -1 93 93 -1 -1 -1 -1 -1
-1 -1 -1 93 93 -1 -1 -1 -1
-1 -1 -1 93 93 -1 -1 -1 -1 -1
-1 -1 -1 93 93 -1 -1 -1
-1 -1 -1 93 93 -1 -1 -1 -1
-1 -1 -1 93 93 -1 -1 -1 -1 -1 -1 -1
-1 -1 -1 93 93 -1 -1 -1 -1
-1 -1 -1 93 93 -1 -1 -1 -1
-1 -1 -1 93 93 -1 -1 -1 -1
-1 -1 -1 93 93 -1 -1
-1 -1 -1 93 93 -1 -1 -1 -1 -1
-1 -1 -1 93 93 -1 -1 -1 -1
-1 -1 -1 93 93 -1
-1 -1 -1 93 93 -1 -1 -1
-1 -1 -1 93 93 -1 -1 -1 -1 -1
-1 -1 -1 93 93 -1 -1 -1 -1 -1
-1 -1 -1 93 93 -1
-1 -1 -1 -1
-1 -1 -1 93 93 93 -1
-1 -1 -1 93 93 93 -1 -1 -1 -1
-1 -1 108 -1 -1 -1
-1 -1 108 -1 -1 -1 -1
-1 -1 108 -1 -1 -1 -1
-1 -1 108 -1 -1 -1 -1 -1
-1 -1 108 -1 -1 -1
-1 -1 108 -1 -1
-1 -1 108 -1 -1
-1 -1 108 -1 -1
-1 -1 108 -1 -1
-1 -1 108 -1 -1
-1 -1 108 -1 -1
-1 -1 108 -1 -1 -1
-1 -1 108 -1 -1 -1
-1 -1 108 -1 -1 -1
-1 -1 108 -1 -1 -1 -1
-1 -1 108 -1 -1 -1 -1
-1 -1 108 -1 -1 -1 -1
-1 -1 -1 -1 -1 -1
-1 -1 108 108 108 -1 -1 -1 -1
-1 -1 108 108 108 -1 -1 -1 -1
-1 -1 86 86 86 -1 -1 -1
-1 -1 86 86 86 -1 -1 -1 -1
-1 -1 86 -1 -1
-1 -1 86 -1 -1 -1
-1 -1 -1 -1 -1
-1 -1 -1 -1 -1
-1 -1 -1 -1 -1
-1 -1 -1 -1 -1 -1 -1 -1 -1
-1 -1 -1 -1
-1 -1 0 0 -1 -1
-1 -1 64 64 64 -1 -1 -1 -1 -1 -1 -1
-1 -1 64 64 64 -1 -1 -1 -1 -1 -1
-1 -1 64 64 64 -1 -1 -1 -1 -1
-1 -1 64 64 64 -1 -1 -1
-1 -1 64 64 64 -1 -1
-1 -1 64 64 64 64 -1 -1
-1 -1 64 64 64 64 -1 -1 -1 -1 -1 -1 -1
-1 -1 64 64 64 64 -1 -1 -1 -1 -1
-1 -1 64 64 64 64 -1 -1 -1
-1 -1 -1 -1 -1
-1 -1 -1 -1 -1 -1 -1
-1 -1 81 81 -1 -1 -1 -1
-1 -1 81 81 -1 -1
-1 -1 81 81 -1 -1
-1 -1 81 81 -1 -1
-1 -1 81 81 -1 -1 -1
-1 -1 81 81 -1 -1 -1
-1 -1 -1 -1
-1 -1 -1 -1 -1
-1 -1 -1 -1
-1 -1 -1 -1
-1 -1 -1 -1 -1 -1
-1 -1 81 81 -1 -1
-1 -1 81 81 -1 -1 -1 -1
-1 -1 81 81 -1 -1 -1
-1 -1 81 81 -1 -1 -1 -1
-1 -1 81 81 -1 -1 -1 -1
-1 -1 81 81 -1
-1 -1 81 81 -1 -1 -1 -1 -1
-1 -1 81 81 -1 -1
-1 -1 81 81 -1
-1 -1 81 81 -1 -1 -1 -1
-1 -1 81 81 -1 -1 -1
-1 -1 -1 -1 -1
-1 -1 -1 -1 -1 -1 -1
-1 -1 -1 -1
-1 -1 -1 -1 -1
-1 -1 -1 -1 -1 -1 -1 -1
-1 -1 -1 -1 -1 -1 -1
-1 -1 -1 -1 -1
-1 -1 -1 -1 -1
-1 -1 -1 -1 -1 -1 -1
-1 -1 -1 -1 -1 -1 -1
-1 -1 -1 -1 -1
-1 -1 -1 -1 -1 -1
-1 -1 -1 -1 -1 -1 -1 -1
-1 -1 -1 -1 -1 -1 -1 -1
-1 -1 -1 81 -1 -1 -1 -1
-1 -1 -1 81 -1 -1 -1 -1
-1 -1 -1 81 -1 -1 -1 -1
-1 -1 -1 81 -1 -1 -1 -1 -1 -1
-1 -1 -1 81 -1 -1 -1 -1 -1 -1
-1 -1 -1 81 -1 -1 -1 -1 -1
-1 -1 -1 81 -1 -1 -1 -1
-1 -1 -1 -1 -1 -1 -1
-1 -1 -1 -1 -1 -1
-1 -1 -1 -1 -1 -1 -1 -1
-1 -1 -1 -1 -1 -1
-1 -1 -1 -1 -1 -1
-1 -1 -1 -1 -1 -1 -1 -1
-1 -1 -1 81 -1 -1
-1 -1 -1 81 -1 -1 -1
-1 -1 -1 81 -1 -1 -1
-1 -1 -1 81 -1 -1 -1 -1 -1
-1 -1 -1 81 -1 -1 -1 -1 -1
-1 -1 -1 81 -1 -1 -1 -1 -1
-1 -1 -1 81 -1 -1 -1
-1 -1 -1 81 -1 -1 -1
-1 -1 -1 81 -1 -1
-1 -1 -1 81 -1 -1 -1
-1 -1 -1 -1 -1 -1 -1 -1
-1 -1 -1 81 -1 -1 -1 -1
-1 -1 -1 81 -1 -1 -1 -1
-1 -1 -1 81 -1 -1 -1
-1 -1 -1 81 303 303
-1 -1 -1 81 -1
-1 -1 -1 -1 -1 -1
-1 -1 -1 -1 -1 -1 -1 -1 -1
-1 -1 -1 -1 -1 -1
-1 -1 -1 -1 -1 -1
-1 -1 27 -1 -1 -1 -1
-1 -1 3 3 261 -1 -1 -1 -1
-1 -1 3 3 -1
-1 -1 3 3 -1 -1
-1 -1 3 3 -1 -1 -1 -1
-1 -1 3 3 -1 -1 -1 -1
-1 -1 3 3 -1 -1 -1 -1 -1
-1 -1 3 3 -1 -1 -1 -1 -1
-1 -1 3 3 3 261 -1 -1 -1 -1
-1 -1 3 3 3 -1 -1 -1 -1
-1 -1 -1 -1 -1 -1
-1 -1 -1 -1 -1 -1 -1 -1
-1 -1 -1 -1 -1 -1 -1 -1 -1
-1 -1 -1 -1 -1 -1 -1 -1
-1 -1 -1 -1 -1 -1 -1 -1
-1 -1 -1 120 120 -1 -1 -1
-1 -1 -1 120 120 -1 -1
-1 -1 -1 120 120 120 -1
-1 -1 -1 120 120 120 -1
-1 -1 -1 120 120 120 -1 -1 -1
-1 -1 -1 120 120 -1 -1 -1
-1 -1 -1 120 120 -1
-1 -1 -1 120 120 -1
-1 -1 -1 120 120 -1 -1
-1 -1 -1 -1
-1 -1 -1 -1
-1 -1 -1 -1 -1
-1 -1 91 91 -1 -1 -1 -1 -1 -1
-1 -1 98 -1 -1
-1 -1 98 -1 -1
-1 -1 98 -1 -1
-1 -1 98 -1 -1 -1
-1 -1 98 -1 -1 -1
-1 -1 98 -1 -1 -1 -1
-1 -1 98 -1 -1 -1 -1 -1
-1 -1 98 -1 -1 -1 -1 -1
-1 -1 98 -1
-1 -1 -1 -1 -1
-1 -1 -1 -1
-1 -1 -1 -1 -1 -1 -1
-1 -1 -1 -1 -1 -1 -1
-1 -1 -1 -1 -1
-1 -1 -1 -1 -1
-1 -1 -1 -1 -1
-1 -1 -1 -1
-1 -1 -1 -1 -1
-1 -1 98 -1 -1 -1 -1
-1 -1 -1 -1 -1
-1 -1 -1 -1 -1 -1
-1 -1 -1 -1 -1 -1 -1 -1 -1
-1 -1 -1 -1 -1 -1 -1 -1 -1
-1 -1 -1 -1 -1 -1 -1 -1 -1
-1 -1 -1 -1 -1 -1
-1 -1 -1 -1 -1 -1 -1
-1 -1 -1 -1 -1 -1
-1 69 69 69 -1
-1 69 69 69 -1 -1 -1 -1
-1 69 69 -1 -1 -1
-1 69 69 -1 -1
-1 69 69 -1 -1 -1 -1
-1 -1 -1 -1 -1
-1 -1 -1 -1
-1 -1 -1 -1
-1 -1 -1 -1
-1 -1 -1 -1
-1 -1 -1 -1 -1 -1
-1 -1 -1 -1 -1
-1 -1 -1 -1
-1 -1 97 97 -1 -1 -1 -1 -1 -1
-1 -1 -1 -1 -1 -1 -1
-1 -1 -1 -1 -1 -1 -1 -1
-1 -1 -1 -1 -1 -1 -1 -1 -1
-1 -1 -1 -1 -1
-1 -1 -1 -1 -1
-1 -1 -1 -1 -1
-1 -1 -1 -1 -1 -1 -1
-1 -1 -1 -1 -1 -1
-1 -1 -1 -1 -1 -1
-1 -1 41 41 -1 -1 -1
-1 -1 41 41 -1 -1 -1 -1
-1 -1 41 41 -1 -1 -1 -1
-1 -1 41 41 41 -1 -1 -1
-1 -1 41 41 41 -1 -1
-1 -1 41 41 41 41 -1 -1 -1
-1 -1 20 20 -1 -1
-1 -1 20 20 -1 -1 -1 -1
-1 -1 -1 -1 -1 -1 -1 -1 -1 -1 -1
-1 -1 -1 -1 -1 -1 -1 -1
-1 -1 -1 -1 -1 -1 -1 -1 -1 -1
-1 -1 7 7 7 -1 -1 -1
-1 -1 -1 -1 -1 -1 -1 -1
-1 -1 -1 -1 -1 -1 -1
-1 -1 -1 -1 -1 -1 -1
-1 -1 -1 -1 -1 -1 -1
-1 -1 -1 -1 -1 -1 -1 -1
-1 -1 -1 -1 -1 -1 -1 -1 -1
-1 -1 -1 -1 -1 -1 -1 -1 -1 -1
-1 -1 -1 -1 -1 -1 -1 -1
-1 -1 -1 -1 -1 -1 -1
-1 -1 -1 -1 -1 -1 -1
-1 -1 97 97 97 189 189 -1 -1
-1 -1 97 97 97 -1 -1 -1 -1
-1 -1 -1 -1 -1 -1
-1 -1 92 92 338 338 338
-1 -1 92 92 158 158 -1
-1 -1 -1 -1 -1 -1 -1 -1
-1 -1 -1 -1 -1 -1 -1 -1
-1 -1 -1 -1 -1 -1 -1 -1 -1
-1 -1 -1 -1 -1 -1 -1 -1
-1 -1 -1 -1 -1 -1 -1
-1 -1 -1 -1 -1
-1 -1 -1 -1 -1
-1 -1 -1 -1 -1 -1 -1
-1 -1 84 84 84 -1
-1 -1 84 84 84 -1 -1 -1
-1 -1 84 84 84 -1 -1 -1
-1 -1 84 84 84 -1 -1 -1
-1 -1 84 84 84 -1 -1 -1 -1
-1 -1 84 84 313 -1
-1 -1 -1 -1 -1
-1 -1 -1 -1
-1 -1 -1 -1 -1 -1
-1 -1 -1 -1
-1 -1 -1 -1 -1
-1 -1 -1 -1 -1
-1 -1 -1 -1 -1 -1 -1
-1 -1 -1 -1 -1 -1 -1 -1
-1 -1 76 76 -1 -1 -1 -1
-1 -1 76 76 -1 -1 -1 -1 -1
-1 -1 76 76 -1 -1 -1 -1 -1
-1 -1 76 76 -1 -1 -1 -1 -1
-1 -1 76 76 -1 -1 -1 -1 -1
-1 -1 76 76 76 -1 -1 -1
-1 -1 76 76 76 190 190 -1
-1 -1 76 76 76 -1 -1 -1
-1 -1 -1 -1 -1 -1
-1 -1 -1 -1
-1 -1 112 112 112 -1 -1 -1 -1
-1 -1 112 112 112 -1 -1 -1 -1 -1
-1 -1 26 26 26 -1 -1
-1 -1 26 26 26 -1 -1
-1 -1 26 26 26 -1 -1
-1 -1 26 26 26 -1 -1 -1
-1 -1 26 26 26 -1 -1 -1 -1
-1 -1 -1 -1 -1 -1 -1
-1 -1 112 112 -1 -1 -1 -1 -1
-1 -1 -1 -1 -1 -1 -1 -1
-1 -1 -1 -1 -1 -1 -1 -1
-1 -1 26 26 -1 -1 -1 -1
-1 -1 26 26 -1 -1 -1 -1
-1 -1 26 26 -1 -1 -1 -1
-1 -1 26 26 -1 -1 -1 -1
-1 -1 26 26 343 343 343
-1 -1 26 26 196 196 196
-1 -1 26 26 194 194 -1 -1 -1
-1 -1 -1 -1 -1 -1 -1 -1
-1 -1 -1 -1 -1 -1 -1 -1 -1
-1 -1 -1 -1 -1 -1 -1 -1
-1 -1 -1 -1 -1 -1 -1 -1
-1 -1 -1 -1 -1 -1 -1
-1 -1 -1 -1 -1 -1 -1
-1 -1 -1 -1 -1 -1
-1 -1 -1 -1 -1 -1 -1
-1 -1 -1 -1 81 -1 -1 -1 -1 -1 -1
-1 -1 106 106 106 -1 -1 -1 -1
-1 -1 106 106 106 -1 -1 -1 -1 -1
-1 -1 106 106 106 -1 -1 -1
-1 -1 106 106 106 -1 -1 -1 -1 -1
-1 -1 106 106 106 -1 -1 -1 -1
-1 -1 -1 -1 -1
-1 -1 13 13 13 -1 -1 -1
-1 -1 13 13 13 -1 -1 -1
-1 -1 13 13 13 -1 -1
-1 -1 -1 -1 -1 -1
-1 -1 34 34 -1 -1 -1
-1 -1 34 34 -1 -1
-1 -1 34 34 34 -1 -1 -1
-1 -1 34 34 34 -1 -1 -1 -1 -1
-1 -1 34 34 34 -1 -1
-1 -1 34 34 34 -1 -1
-1 -1 34 34 34 -1 -1 -1
-1 -1 34 34 34 -1 -1 -1 -1 -1
-1 -1 34 34 34 -1 -1 -1
-1 -1 34 34 34 -1 -1
-1 -1 -1 -1 -1
-1 -1 -1 -1 -1
-1 -1 -1 -1 -1 -1
-1 -1 -1 -1 -1 -1 -1
-1 -1 -1 -1 -1
-1 -1 -1 -1 81 -1 -1
-1 -1 -1 -1 81 -1
-1 -1 -1 -1 81 -1 -1 -1
-1 -1 -1 -1 81 -1 -1 -1
-1 -1 -1 -1 81 -1 -1 -1 -1 -1
-1 -1 -1 -1 81 -1 -1 -1 -1 -1
-1 -1 -1 -1 81 -1 -1 -1 -1 -1
-1 -1 -1 -1 81 303 303
-1 -1 97 97 -1 -1 -1 -1
-1 -1 -1 -1 -1 -1 -1 -1
-1 -1 -1 -1 -1
-1 -1 -1 -1 -1
-1 -1 -1 -1 -1 -1
-1 -1 -1 -1 -1 -1 -1
-1 -1 -1 -1 -1 -1 -1
-1 -1 -1 -1 -1 -1 -1
-1 -1 -1 -1 -1 -1 -1
-1 -1 -1 -1 -1 -1 -1
-1 -1 -1 -1 -1
-1 -1 -1 -1
-1 -1 -1 48 48 -1
-1 -1 -1 48 48 -1 -1 -1
-1 -1 -1 48 48 -1
-1 -1 -1 48 48 -1 -1 -1 -1
-1 -1 -1 48 48 -1 -1 -1 -1
-1 -1 -1 48 48 -1 -1
-1 -1 -1 48 48 -1 -1 -1
-1 -1 -1 48 48 312 -1
-1 -1 -1 -1 -1
-1 -1 -1 48 48 -1 -1
-1 -1 -1 48 48 -1
-1 -1 -1 48 48 -1 -1 -1
-1 -1 -1 48 48 -1 -1 -1
-1 -1 -1 48 48 -1 -1
-1 -1 -1 48 48 -1 -1 -1 -1
-1 -1 -1 48 48 -1 -1
-1 -1 -1 48 48 -1 -1 -1
-1 -1 -1 48 48 -1
-1 -1 -1 48 48 -1 -1 -1
-1 -1 -1 -1 -1 -1
-1 -1 -1 -1 -1
-1 -1 -1 -1 -1 -1
-1 -1 -1 -1 -1 -1 -1
-1 -1 -1 -1 -1 -1 -1 -1 -1
-1 -1 -1 -1 -1 -1
-1 -1 -1 -1 -1 -1 -1 -1 -1 -1
-1 -1 -1 -1 -1 -1 -1 -1
-1 -1 -1 -1 -1 -1 -1 -1 -1
-1 -1 -1 -1 -1 -1 -1
-1 -1 -1 -1 -1 -1 -1 -1 -1 -1
-1 -1 -1 -1 -1 -1
-1 -1 -1 -1 -1 -1 -1 -1 -1
-1 -1 -1 -1 -1 -1 -1 -1 -1 -1
-1 -1 -1 -1 -1 -1 -1 -1 -1 -1 -1
-1 -1 -1 -1 -1 -1 -1 -1 -1 -1
-1 -1 -1 -1 -1 -1 -1 -1 -1
-1 -1 75 75 -1 -1 -1 -1 -1 -1
-1 -1 75 75 -1 -1 -1 -1 -1
-1 -1 75 75 -1 -1 -1
-1 -1 75 75 -1 -1 -1 -1 -1
-1 -1 -1 -1 -1 -1 -1 -1
-1 -1 -1 -1 -1 -1 -1 -1 -1 -1
-1 -1 -1 -1 -1 -1 -1 -1 -1
-1 -1 -1 -1 53 53 53 53 -1 -1 -1
-1 -1 -1 -1 -1
-1 -1 -1 -1 -1 -1
-1 -1 -1 -1 -1
-1 -1 -1 -1 -1
-1 -1 -1 -1 -1 -1
-1 -1 -1 -1 -1
-1 -1 -1 -1 -1 -1
-1 -1 -1 -1 -1 -1 -1 -1
-1 -1 -1 -1 -1 -1 -1
-1 -1 -1 -1 -1 -1 -1
-1 -1 -1 -1 -1 -1
-1 -1 -1 -1 -1 -1
-1 -1 -1 -1 -1 -1
-1 -1 -1 -1 -1 -1 -1
-1 -1 -1 -1 -1 -1
-1 -1 -1 -1 -1 -1 -1
-1 -1 -1 -1 -1 -1 -1 -1
-1 -1 -1 -1 -1 -1 -1
-1 -1 -1 -1 -1 -1 -1
-1 -1 -1 -1 -1
-1 -1 -1 -1 -1 -1 -1
-1 -1 -1 -1 -1 -1 -1 -1
-1 -1 -1 -1 -1 -1 -1
-1 -1 -1 -1 -1 -1 -1 -1
-1 -1 -1 -1 -1 -1 -1 -1 -1
-1 -1 -1 -1 -1 -1 -1 -1
-1 -1 -1 -1 -1 -1 -1
-1 -1 -1 -1 -1 -1 -1
-1 -1 -1 -1 -1 -1 -1 -1 -1
-1 -1 -1 -1 -1 -1 -1 -1
-1 -1 -1 -1 -1 -1 -1
-1 -1 -1
-1 -1 110 110 -1 -1
-1 -1 110 110 -1 -1
-1 -1 110 110 -1 -1 -1
-1 -1 110 110 -1 -1
-1 -1 110 110 110 255
-1 -1 110 110 110 -1 -1 -1
-1 -1 110 110 110 110 -1 -1 -1
-1 -1 -1 -1
-1 -1 119 119 119 119 -1 -1 -1 -1 -1
-1 -1 119 119 119 119 -1 -1 -1 -1 -1 -1 -1 -1 -1
-1 -1 119 119 119 119 -1 -1 -1
-1 -1 119 119 119 119 -1 -1 -1
-1 -1 119 119 119 119 -1 -1 -1 -1 -1 -1 -1
-1 -1 119 119 119 119 -1 -1 -1 -1 -1 -1 -1
-1 -1 119 119 119 119 -1 -1 -1
-1 -1 119 119 119 119 -1 -1 -1
-1 -1 119 119 119 119 -1 -1 -1 -1
-1 -1 119 119 119 119 -1 -1 -1 -1
-1 -1 119 119 119 119 -1 -1 -1 -1 -1 -1 -1
-1 -1 119 119 119 119 -1 -1 -1 -1
-1 -1 119 119 119 119 -1 -1 -1 -1 -1 -1 -1 -1
-1 -1 119 119 119 119 -1 -1 -1 -1 -1 -1 -1
-1 -1 119 119 119 119 -1 -1 -1 -1
-1 -1 119 119 119 119 -1 -1 -1 -1 -1 -1 -1 -1
-1 -1 119 119 119 119 -1 -1 -1 -1 -1 -1 -1 -1
-1 -1 119 119 119 119 -1 -1 -1 -1 -1 -1 -1 -1 -1
-1 -1 119 119 119 119 -1 -1 -1
-1 -1 119 119 119 119 -1 -1 -1 -1 -1 -1 -1
-1 -1 119 119 119 119 -1 -1 -1 -1
-1 -1 119 119 119 -1 -1 -1 -1
-1 -1 119 119 119 -1 -1 -1 -1 -1
-1 -1 119 119 119 -1 -1 -1
-1 -1 119 119 119 -1 -1 -1 -1 -1 -1 -1
-1 -1 119 119 119 -1 -1 -1 -1
-1 -1 119 119 119 -1 -1 -1 -1 -1
-1 -1 119 119 119 -1 -1 -1 -1 -1 -1 -1 -1
-1 -1 119 119 119 -1 -1 -1 -1 -1
-1 -1 119 119 119 -1 -1 -1 -1 -1
-1 -1 119 119 119 -1 -1 -1 -1 -1 -1
-1 -1 119 119 119 -1 -1 -1 -1
-1 -1 119 119 119 -1 -1 -1 -1
-1 -1 119 119 119 -1 -1 -1 -1
-1 -1 119 119 119 119 -1 -1 -1
-1 -1 119 119 119 119 -1 -1 -1 -1
-1 -1 119 119 119 119 -1 -1 -1 -1
-1 -1 119 119 119 119 -1 -1 -1
-1 -1 22 22 22 22 342 342 -1 -1
-1 -1 22 22 22 22 169 169 169 -1 -1
-1 -1 22 22 22 22 212 212 -1 -1
-1 -1 22 22 22 22 224 224 224 -1 -1 -1
-1 -1 22 22 22 22 285 285 285 -1 -1 -1
-1 -1 22 22 22 22 334 334 334 -1 -1
-1 -1 22 22 22 22 152 152 152 -1 -1
-1 -1 22 22 22 22 163 163 163
-1 -1 22 22 22 22 250 250 -1 -1 -1
-1 -1 22 22 22 22 180 180 180 -1 -1
-1 -1 22 22 22 22 327 327 327 -1 -1
-1 -1 22 22 22 22 268 268 268 -1 -1
-1 -1 22 22 22 22 172 172 172 -1 -1
-1 -1 22 22 22 22 187 187 187 -1 -1
-1 -1 99 99 99 -1 -1 -1 -1 -1
-1 -1 99 99 99 -1 -1 -1 -1 -1 -1
-1 -1 99 99 99 -1 -1 -1 -1 -1 -1
-1 -1 99 99 99 -1 -1 -1 -1 -1
-1 -1 99 99 99 -1 -1 -1 -1 -1
-1 -1 99 99 99 -1 -1 -1 -1
-1 -1 99 99 99 -1 -1 -1 -1
-1 -1 99 99 99 -1 -1 -1 -1
-1 -1 99 99 99 -1 -1 -1 -1
-1 -1 99 99 99 -1 -1 -1
-1 -1 99 99 99 -1 -1 -1 -1 -1
-1 -1 99 99 99 -1 -1 -1 -1 -1
-1 -1 99 99 99 -1 -1 -1
-1 -1 99 99 99 -1 -1 -1 -1 -1
-1 -1 99 99 99 -1 -1 -1 -1
-1 -1 99 99 99 -1 -1 -1 -1 -1
-1 -1 99 99 99 -1 -1 -1 -1 -1
-1 -1 99 99 99 -1 -1 -1 -1
-1 -1 99 99 -1 -1 -1 -1
-1 -1 99 99 230 230 -1 -1
-1 -1 99 99 -1 -1 -1
-1 -1 99 99 132 132 -1 -1 -1
-1 -1 99 99 -1 -1 -1 -1
-1 -1 99 99 -1 -1 -1 -1
-1 -1 99 99 -1 -1 -1 -1 -1 -1
-1 -1 99 99 -1 -1 -1 -1 -1
-1 -1 99 99 -1 -1 -1 -1 -1
-1 -1 99 99 -1 -1 -1 -1 -1
-1 -1 99 99 -1 -1 -1
-1 -1 99 99 -1 -1 -1
-1 -1 99 99 -1 -1 -1 -1 -1
-1 -1 99 99 -1 -1 -1
-1 -1 99 99 -1 -1 -1 -1
-1 -1 99 99 -1 -1 -1 -1 -1 -1
-1 -1 99 99 -1 -1 -1 -1
-1 -1 99 99 -1 -1 -1 -1 -1
-1 -1 99 99 -1 -1 -1 -1
-1 -1 99 99 -1 -1 -1 -1 -1 -1
-1 -1 99 99 -1 -1 -1 -1
-1 -1 99 99 -1 -1 -1 -1 -1 -1 -1
-1 -1 99 99 -1 -1 -1 -1 -1 -1
-1 -1 99 99 -1 -1 -1 -1 -1
-1 -1 99 99 -1 -1 -1 -1 -1 -1
-1 -1 99 99 -1 -1 -1 -1
-1 -1 99 99 -1 -1 -1 -1 -1 -1
-1 -1 99 99 -1 -1 -1 -1 -1 -1
-1 -1 99 99 -1 -1 -1 -1 -1
-1 -1 99 99 -1 -1 -1 -1
-1 -1 99 99 -1 -1 -1 -1 -1 -1
-1 -1 99 99 -1 -1 -1 -1 -1 -1
-1 -1 99 99 -1 -1 -1 -1
-1 -1 99 99 -1 -1 -1 -1 -1
-1 -1 99 99 -1 -1 -1 -1 -1
-1 -1 99 99 -1 -1 -1 -1 -1 -1 -1 -1 -1
-1 -1 99 99 -1 -1 -1 -1
-1 -1 99 99 -1 -1 -1 -1 -1
-1 -1 99 99 -1 -1 -1 -1 -1
-1 -1 99 99 -1 -1 -1 -1 -1
-1 -1 99 99 99 -1 -1 -1 -1
-1 -1 99 99 99 -1 -1 -1 -1 -1
-1 -1 99 99 99 -1 -1 -1 -1 -1
-1 -1 99 99 99 -1 -1 -1 -1
-1 -1 -1 -1 -1 -1 -1
-1 -1 -1 -1 -1 -1 -1
-1 -1 -1 -1
-1 -1 -1 -1
-1 -1 -1 -1
-1 -1 -1 -1 -1
-1 -1 -1 -1 -1 -1 -1 -1 -1
-1 -1 53 53 -1 -1
-1 -1 53 53 -1 -1 -1
-1 -1 -1 -1 -1 -1
-1 -1 -1 -1 -1 -1
-1 -1 -1 -1 -1 -1 -1 -1
-1 -1 -1 -1 -1 -1 -1 -1 -1
-1 -1 -1 -1 -1 -1 -1
-1 -1 -1 -1 -1 -1 -1 -1
-1 -1 -1 -1 -1 -1 -1 -1
-1 -1 -1 -1 -1 -1 -1
-1 -1 -1 -1 -1 -1 -1
-1 -1 -1 -1 -1 -1 -1
-1 -1 -1 -1 -1 -1 -1
-1 -1 -1 -1 -1 -1 -1 -1
-1 -1 -1 -1 -1 -1 -1
-1 -1 -1 -1 -1
-1 -1 -1 -1 -1 -1
-1 -1 -1 -1 -1 -1 -1 -1
-1 -1 -1 -1 -1 -1 -1 -1 -1
-1 -1 -1 -1 -1 -1
-1 -1 -1 -1 -1 -1
-1 -1 -1 -1 -1 -1
-1 -1 -1 -1 -1 -1
-1 -1 -1 -1 -1 -1 -1
-1 -1 -1 -1 -1 -1
-1 -1 -1 -1 -1 -1
-1 -1 -1 -1 -1 -1 -1 -1
-1 -1 -1 -1 -1 -1 -1 -1 -1
-1 -1 -1 -1 -1 -1 -1 -1 -1
-1 -1 -1 -1 -1 -1 -1 -1 -1
-1 -1 -1 -1 -1 -1 -1 -1 -1
-1 -1 -1 -1 -1 -1 -1 -1 -1
-1 -1 -1 -1 -1 -1 -1 -1 -1
-1 -1 -1 -1 -1 -1 -1 -1 -1
-1 -1 -1 -1 -1 -1 -1
-1 -1 97 97 -1 -1 -1 -1
-1 -1 -1 101 101 -1 -1 -1 -1
-1 -1 -1 101 101 287 -1
-1 -1 -1 101 101 -1
-1 -1 -1 101 101 -1
-1 -1 -1 101 101 -1 -1
-1 -1 -1 101 101 -1 -1
-1 -1 -1 101 101 -1 -1
-1 -1 -1 101 101 -1 -1 -1
-1 -1 -1 101 101 -1 -1
-1 -1 -1 101 101 -1 -1
-1 -1 -1 101 101 -1 -1 -1 -1
-1 -1 -1 101 101 -1 -1 -1 -1
-1 -1 -1 101 101 -1 -1 -1 -1
-1 -1 -1 101 101 -1 -1 -1
-1 -1 -1 101 101 -1 -1 -1
-1 -1 -1 101 101 -1 -1 -1
-1 -1 -1 101 101 -1 -1 -1
-1 -1 -1 101 101 -1 -1 -1 -1 -1
-1 -1 -1 101 101 -1
-1 -1 -1 101 101 -1 -1
-1 -1 -1 101 101 -1 -1
-1 -1 -1 101 101 -1
-1 -1 -1 101 101 287 -1
-1 -1 -1 101 101 -1 -1
-1 -1 -1 101 101 -1
-1 -1 -1 101 101 -1 -1 -1
-1 -1 -1 101 101 -1
-1 -1 -1 101 101 239 239 239 -1
-1 -1 -1 101 101 -1 -1
-1 -1 -1 101 101 -1 -1 -1
-1 -1 -1 -1 -1 -1
-1 -1 54 -1 -1 -1 -1
-1 -1 54 -1 -1 -1 -1
-1 -1 54 -1 -1 -1
-1 -1 54 -1 -1 -1 -1
-1 -1 -1 -1 -1
-1 -1 115 115 115 -1 -1 -1
-1 -1 115 115 115 -1 -1 -1 -1 -1 -1
-1 -1 115 115 115 -1 -1 -1 -1 -1 -1
-1 -1 128 128 -1 -1 -1
-1 -1 128 128 -1 -1 -1 -1
-1 -1 -1 -1 -1 -1
-1 -1 -1 -1 -1
-1 -1 -1 -1 -1
-1 -1 -1 -1 -1
-1 -1 -1 -1 -1
-1 -1 -1 -1 -1 -1 -1 -1 -1 -1
-1 -1 -1 -1 -1 -1 -1 -1 -1 -1 -1
-1 -1 -1 -1 -1 -1 -1
-1 -1 -1 -1 -1 -1 -1 -1
-1 -1 -1 -1 -1 -1 -1 -1
-1 -1 -1 -1 -1 -1 -1
-1 -1 -1 -1 -1 -1 -1 -1
-1 -1 -1 -1 -1 -1 -1 -1
-1 -1 -1 -1 -1 -1 -1
-1 -1 -1 -1 -1 -1
-1 -1 -1 -1 -1 -1 -1 -1 -1 -1
-1 -1 -1 -1 -1 -1 -1 -1 -1 -1 -1
-1 -1 -1 -1 -1 -1 -1
-1 -1 -1 -1 -1 -1 -1 -1
-1 -1 -1 -1 -1 -1 -1 -1
-1 -1 -1 -1 -1 -1 -1
-1 -1 -1 -1 -1 -1 -1 -1
-1 -1 -1 -1 -1 -1 -1 -1
-1 -1 -1 -1 -1 -1 -1
-1 -1 -1 -1 -1 -1 -1
-1 -1 -1 -1 -1 -1 -1
-1 -1 -1 -1 -1 -1
-1 -1 -1 99 99 99 -1
-1 -1 -1 99 99 99 -1 -1 -1 -1 -1
-1 -1 -1 99 99 99 -1 -1 -1 -1
-1 -1 -1 39 39 39 -1 -1
-1 -1 -1 128 260 -1 -1
-1 -1 -1 128 222
-1 -1 -1 128 -1 -1
-1 -1 -1 128 -1 -1 -1
-1 -1 -1 128 -1 -1
-1 -1 -1 128 -1 -1
-1 -1 -1 128 -1
-1 -1 -1 128 -1
-1 -1 -1 128 157
-1 -1 -1 128 -1 -1
-1 -1 -1 128 254
-1 -1 -1 128 -1
-1 -1 -1 -1 -1
-1 -1 -1 -1 -1
-1 -1 -1 -1 -1
-1 -1 -1 -1 -1
-1 -1 -1 -1 -1 -1
-1 -1 -1 -1 -1
-1 -1 -1 128 260 -1 -1
-1 -1 -1 128 150 150 -1 -1
-1 -1 -1 128 195 -1
-1 -1 -1 128 319 -1
-1 -1 -1 128 256 -1
-1 -1 -1 128 148 -1
-1 -1 -1 128 253 -1
-1 -1 -1 128 311 -1
-1 -1 -1 128 222
-1 -1 -1 128 -1
-1 -1 -1 128 -1 -1 -1
-1 -1 -1 128 -1 -1 -1 -1
-1 -1 -1 128 -1 -1
-1 -1 -1 128 144 144
-1 -1 -1 128 183 183
-1 -1 -1 128 308 308
-1 -1 -1 128 179 179
-1 -1 -1 128 -1 -1
-1 -1 -1 128 321
-1 -1 -1 128 159
-1 -1 -1 128 234
-1 -1 -1 128 -1 -1
-1 -1 -1 128 -1 -1 -1
-1 -1 -1 128 -1
-1 -1 -1 128 283
-1 -1 -1 128 323
-1 -1 -1 128 246
-1 -1 -1 128 130
-1 -1 -1 128 -1 -1
-1 -1 -1 128 257
-1 -1 -1 128 259
-1 -1 -1 128 341
-1 -1 -1 128 170
-1 -1 -1 128 -1 -1
-1 -1 -1 128 324 -1 -1
-1 -1 -1 128 282 -1 -1
-1 -1 -1 128 331 -1
-1 -1 -1 128 145 -1
-1 -1 -1 128 209 -1
-1 -1 -1 128 223 -1
-1 -1 -1 128 162 -1
-1 -1 -1 128 175 -1
-1 -1 -1 128 154 -1
-1 -1 -1 128 136 -1
-1 -1 -1 128 -1 -1 -1
-1 -1 -1 128 233
-1 -1 -1 128 258 258
-1 -1 -1 128 139 -1
-1 -1 -1 128 293 -1
-1 -1 -1 128 134 134 -1
-1 -1 -1 128 244 -1
-1 -1 -1 128 229
-1 -1 -1 128 278
-1 -1 -1 128 235
-1 -1 -1 128 203
-1 -1 -1 128 128 176 -1
-1 -1 -1 128 128 161
-1 -1 -1 128 128 249
-1 -1 -1 128 128 203
-1 -1 -1 128 128 208 -1
-1 -1 -1 128 128 229
-1 -1 -1 128 128 278
-1 -1 -1 128 128 235
-1 -1 -1 128 249
-1 -1 -1 128 161
-1 -1 -1 128 176 -1
-1 -1 -1 128 -1
-1 -1 -1 128 203
-1 -1 -1 128 144 144
-1 -1 -1 128 309
-1 -1 -1 128 128 176 -1
-1 -1 -1 128 128 161
-1 -1 -1 128 128 249
-1 -1 -1 128 128 -1 -1
-1 -1 -1 128 128 144 144
-1 -1 -1 128 128 203
-1 -1 -1 128 128 260 -1 -1
-1 -1 -1 128 128 176 -1
-1 -1 -1 128 128 222
-1 -1 -1 128 128 -1 -1 -1 -1
-1 -1 -1 128 128 -1 -1 -1
-1 -1 -1 128 128 -1 -1 -1
-1 -1 -1 128 128 170
-1 -1 -1 128 128 -1 -1
-1 -1 -1 128 128 -1 -1
-1 -1 -1 128 128 -1 -1
-1 -1 -1 128 128 274
-1 -1 -1 128 128 -1
-1 -1 -1 128 128 314
-1 -1 -1 128 128 -1 -1
-1 -1 -1 128 128 -1 -1
-1 -1 -1 128 128 -1 -1
-1 -1 -1 128 128 -1 -1
-1 -1 -1 128 128 -1
-1 -1 -1 128 128 -1
-1 -1 -1 128 128 -1 -1
-1 -1 -1 128 128 -1 -1
-1 -1 -1 128 128 -1 -1
-1 -1 -1 128 128 -1
-1 -1 -1 128 128 -1
-1 -1 -1 128 128 -1
-1 -1 -1 128 128 -1 -1 -1
-1 -1 -1 128 128 -1 -1 -1
-1 -1 -1 128 128 -1 -1 -1 -1
-1 -1 -1 128 128 -1 -1 -1
-1 -1 -1 128 128 -1 -1 -1
-1 -1 -1 128 128 259
-1 -1 -1 128 128 -1 -1 -1
-1 -1 -1 128 128 -1
-1 -1 -1 128 128 -1
-1 -1 -1 128 128 -1 -1
-1 -1 -1 128 128 260 -1 -1
-1 -1 -1 128 260 -1 -1
-1 -1 -1 128 176 -1
-1 -1 -1 128 161
-1 -1 -1 128 249
-1 -1 -1 128 222
-1 -1 -1 128 -1 -1 -1
-1 -1 -1 128 234
-1 -1 -1 128 -1
-1 -1 -1 128 -1 -1 -1
-1 -1 -1 128 -1 -1
-1 -1 -1 128 179 179
-1 -1 -1 128 317
-1 -1 -1 128 -1
-1 -1 -1 128 -1 -1
-1 -1 -1 128 -1 -1
-1 -1 -1 128 -1 -1
-1 -1 -1 128 -1 -1 -1
-1 -1 -1 128 -1 -1 -1
-1 -1 -1 128 -1 -1 -1
-1 -1 -1 -1 -1
-1 -1 -1 -1 -1 -1
-1 -1 -1 -1 -1
-1 -1 -1 -1 -1 -1 -1
-1 -1 -1 -1 -1 -1 -1
-1 -1 -1 -1 -1 -1
-1 -1 -1 -1 -1 -1
-1 -1 -1 -1 -1 -1
-1 -1 -1 -1 -1 -1
-1 -1 -1 -1 -1
-1 -1 -1 -1 -1
-1 -1 -1 -1 -1
-1 -1 -1 -1 -1
-1 -1 -1 -1 -1 -1
-1 -1 -1 -1 -1
-1 -1 -1 -1 -1 -1
-1 -1 -1 -1 -1 -1 -1
-1 -1 -1 128 128 161
-1 -1 -1 128 128 176 -1
-1 -1 -1 128 128 249
-1 -1 -1 128 128 222
-1 -1 -1 128 128 -1 -1
-1 -1 -1 128 128 -1
-1 -1 -1 -1 -1 -1 -1
-1 -1 -1 -1 -1 -1
-1 -1 -1 -1 -1 -1 -1
-1 -1 -1 -1 -1 -1
-1 -1 -1 -1 -1 -1
-1 -1 -1 -1 -1 -1 -1
-1 -1 -1 128 260 -1 -1
-1 -1 -1 128 176 -1
-1 -1 -1 128 161
-1 -1 -1 128 249
-1 -1 -1 128 222
-1 -1 -1 128 253 -1
-1 -1 -1 128 -1
-1 -1 -1 128 -1 -1
-1 -1 -1 128 -1 -1
-1 -1 -1 128 -1
-1 -1 -1 128 -1
-1 -1 -1 128 179 179
-1 -1 -1 128 226 -1
-1 -1 -1 128 -1 -1
-1 -1 -1 128 260 -1
-1 -1 -1 128 -1 -1 -1
-1 -1 -1 128 -1 -1 -1
-1 -1 -1 128 -1
-1 -1 -1 -1 128 149
-1 -1 -1 -1 128 -1
-1 -1 -1 -1 128 -1
-1 -1 -1 -1 128 -1
-1 -1 -1 -1 128 -1
-1 -1 -1 -1 128 -1
-1 -1 -1 -1 128 317
-1 -1 -1 -1 128 317 -1
-1 -1 -1 -1 128 314
-1 -1 -1 -1 128 314 -1
-1 -1 -1 -1 128 -1
-1 -1 -1 -1 128 -1 -1
-1 -1 -1 -1 128 -1
-1 -1 -1 -1 128 339
-1 -1 -1 -1 128 -1
-1 -1 -1 -1 128 234
-1 -1 -1 -1 128 -1 -1 -1 -1
-1 -1 -1 -1 128 324 -1 -1 -1 -1
-1 -1 -1 -1 128 -1
-1 -1 -1 -1 128 -1
-1 -1 -1 -1 128 -1
-1 -1 -1 -1 128 -1
-1 -1 -1 -1 128 -1 -1
-1 -1 -1 -1 128 -1 -1 -1
-1 -1 -1 -1 128 -1
-1 -1 -1 -1 128 -1
-1 -1 -1 -1 128 -1
-1 -1 -1 -1 128 -1
-1 -1 -1 -1 128 -1 -1
-1 -1 -1 -1 128 -1 -1 -1
-1 -1 -1 -1 128 -1 -1
-1 -1 -1 -1 128 -1 -1 -1 -1 -1
-1 -1 -1 -1 -1 -1 -1
-1 -1 -1 -1 -1 -1 -1
-1 -1 -1 -1 -1 -1 -1 -1
-1 -1 -1 -1 -1 -1 -1 -1
-1 -1 -1 -1 -1 -1 -1 -1 -1 -1 -1
-1 -1 -1 -1 -1 -1 -1 -1 -1 -1
-1 -1 -1 -1 -1 -1 -1 -1 -1 -1
-1 -1 -1 -1 -1 -1 -1 -1 -1
-1 -1 -1 -1 -1 -1 -1 -1 -1 -1 -1
-1 -1 -1 -1 -1 -1 -1 -1 -1 -1 -1
-1 -1 -1 -1 -1 -1 -1 -1 -1 -1
-1 -1 -1 -1 -1 -1 -1 -1 -1
-1 -1 -1 -1 -1 -1 -1 -1 -1 -1
-1 -1 -1 -1 -1 -1 -1 -1 -1 -1
-1 -1 -1 -1 -1 -1 -1 -1 -1
-1 -1 -1 -1 -1 -1 -1 -1 -1
-1 -1 -1 -1 -1 -1 -1 -1
-1 -1 -1 -1 -1 -1 -1 -1
-1 -1 -1 -1 -1 -1 -1 -1 -1 -1
-1 -1 -1 -1 -1 -1 -1 -1 -1 -1
-1 -1 -1 -1 -1 -1 -1 -1 -1
-1 -1 -1 -1 -1 -1 -1 -1
-1 -1 -1 -1 -1 -1 -1
-1 -1 -1 -1 -1 -1 -1 -1
-1 -1 -1 -1 -1 -1 -1 -1
-1 -1 -1 37 -1 -1 -1 -1
-1 -1 -1 37 -1 -1 -1 -1 -1
-1 -1 -1 94 94 -1 -1 -1
-1 -1 -1 94 94 -1 -1
-1 -1 -1 94 94 -1 -1 -1 -1
-1 -1 -1 -1 -1 -1 -1 -1
-1 -1 -1 -1 -1 -1 -1 -1
-1 -1 -1 -1 -1 -1 -1 -1
-1 -1 -1 -1 -1 -1 -1 -1 -1
-1 -1 -1 -1 -1 -1 -1 -1
-1 -1 -1 -1 -1 -1 -1 -1
-1 -1 -1 -1 -1 70 70 70 320 320 320 320 -1 -1 -1 -1
-1 -1 -1 -1 -1 109 109 174 174
-1 -1 -1 -1 -1 109 109 307 307 -1 -1
-1 -1 -1 -1 -1 109 109 292 292 -1 -1
-1 -1 -1 -1 -1 109 109 333 333 333 -1
-1 -1 -1 -1 -1 109 109 289 289 -1 -1 -1 -1
-1 -1 -1 -1 -1 109 109 191 191 191 -1 -1 -1
-1 -1 -1 -1 -1 109 109 142 142 142 -1
-1 -1 -1 -1 -1 109 109 181 181 181
-1 -1 -1 -1 -1 109 109 252 252 252
-1 -1 -1 -1 -1 109 109 306 306 306
-1 -1 -1 -1 -1 109 109 219 219
-1 -1 -1 -1 -1 109 109 201 201 201
-1 -1 -1 -1 -1 109 109 137 137 137
-1 -1 -1 -1 -1 109 109 153 153 153
-1 -1 -1 -1 -1 127 127 -1 -1 -1
-1 -1 -1 -1 -1 127 127 -1 -1 -1 -1 -1
-1 -1 -1 -1 -1 -1 -1 -1 -1 -1
-1 -1 -1 -1 -1 -1 -1 -1 -1
-1 -1 -1 -1 -1 -1 -1 -1
-1 -1 -1 -1 -1 -1 -1 -1 -1 -1 -1 -1
-1 -1 -1 -1 -1 -1 -1 -1 -1 -1 -1 -1
-1 -1 -1 -1 -1 109 109 333 333 333 -1
-1 -1 -1 -1 -1 109 109 289 289 -1 -1 -1
-1 -1 -1 -1 -1 109 109 191 191 191 -1 -1 -1
-1 -1 -1 -1 -1 109 109 242 242 242 -1
-1 -1 -1 -1 -1 109 109 221 221 221 -1 -1
-1 -1 -1 -1 -1 107 107 107 262 -1
-1 -1 -1 -1 -1 -1 -1 -1 -1 -1 -1 -1
-1 -1 -1 -1 -1 -1 -1 -1 -1 -1 -1 -1
-1 -1 -1 -1 -1 109 109 109 333 333 333 -1
-1 -1 -1 -1 -1 109 109 109 289 289 -1 -1 -1
-1 -1 -1 -1 -1 109 109 109 191 191 191 -1 -1 -1
-1 -1 -1 -1 -1 45 45 45 45 -1
-1 -1 -1 -1 -1 45 45 45 45 -1
-1 -1 -1 -1 -1 45 45 45 45 -1
-1 -1 -1 -1 -1 45 45 45 45 -1
-1 -1 -1 -1 -1 45 45 45 45 -1
-1 -1 -1 -1 -1 45 45 45 45 -1
-1 -1 -1 -1 -1 45 45 45 45 -1
-1 -1 -1 -1 -1 45 45 45 45 -1
-1 -1 -1 -1 -1 45 45 45 45 -1 -1
-1 -1 -1 -1 -1 45 45 45 45 -1 -1
-1 -1 -1 -1 -1 45 45 45 45 -1 -1
-1 -1 -1 -1 -1 45 45 45 45 -1 -1
-1 -1 -1 -1 -1 45 45 45 45 -1
-1 -1 -1 -1 -1 45 45 45 45 -1 -1 -1 -1
-1 -1 -1 -1 -1 45 45 45 45 -1 -1 -1 -1 -1
-1 -1 -1 -1 -1 45 45 45 45 -1
-1 -1 -1 -1 -1 109 109 191 191 191 -1 -1 -1
-1 -1 -1 -1 -1 109 109 109 174 174
-1 -1 -1 -1 -1 109 109 109 307 307 -1 -1
-1 -1 -1 -1 -1 109 109 109 333 333 333 -1
-1 -1 -1 -1 -1 109 109 109 289 289 -1 -1 -1
-1 -1 -1 -1 -1 109 109 109 191 191 191 -1 -1 -1
-1 -1 -1 -1 -1 109 109 109 228 228 228 -1
-1 -1 -1 -1 -1 109 109 109 277 277
-1 -1 -1 -1 -1 109 109 109 173 173
-1 -1 -1 -1 -1 109 109 109 185 185
-1 -1 -1 -1 -1 109 109 109 251 251
-1 -1 -1 -1 -1 109 109 109 238 238 238
-1 -1 -1 -1 -1 109 109 109 242 242 242 -1
-1 -1 -1 -1 -1 -1 -1 -1 -1 -1 -1 -1
-1 -1 -1 -1 -1 -1 -1 -1 -1 -1 -1 -1
-1 -1 -1 -1 129 -1 -1 -1 -1 -1 -1
-1 -1 -1 -1 129 -1 -1 -1 -1
-1 -1 -1 -1 9 9 9 322 -1
-1 -1 -1 -1 9 9 9 310
-1 -1 -1 -1 9 9 9 140 -1
-1 -1 -1 -1 9 9 9 206 -1
-1 -1 -1 -1 9 9 9 160
-1 -1 -1 -1 9 9 9 -1 -1
-1 -1 -1 -1 9 9 9 -1 -1 -1 -1
-1 -1 -1 -1 9 9 9 -1 -1
-1 -1 -1 -1 9 9 9 284 -1 -1
-1 -1 -1 -1 9 9 9 294 -1
-1 -1 -1 -1 9 9 9 131
-1 -1 -1 -1 9 9 9 193
-1 -1 -1 -1 9 9 9 -1 -1
-1 -1 -1 -1 9 9 9 156 156
-1 -1 -1 -1 9 9 9 184 184
-1 -1 -1 -1 9 9 9 -1
-1 -1 -1 -1 9 9 9 305 305 305
-1 -1 -1 -1 9 9 9 -1 -1
-1 -1 -1 -1 9 9 9 340 -1 -1 -1
-1 -1 -1 -1 9 9 9 -1 -1 -1
-1 -1 -1 -1 9 9 9 -1 -1 -1
-1 -1 -1 -1 9 9 9 135 135 -1
-1 -1 -1 -1 9 9 9 -1 -1 -1 -1
-1 -1 -1 -1 9 9 9 325 -1
-1 -1 -1 -1 9 9 9 245 -1
-1 -1 -1 -1 9 9 9 -1 -1 -1 -1 -1 -1
-1 -1 -1 -1 9 9 9 -1 -1 -1 -1 -1 -1
-1 -1 -1 -1 9 9 9 -1 -1 -1 -1 -1 -1
-1 -1 -1 -1 9 9 9 -1 -1 -1 -1
-1 -1 -1 -1 9 9 9 -1 -1 -1 -1 -1
-1 -1 -1 -1 9 9 9 -1 -1 -1 -1
-1 -1 -1 -1 9 9 9 -1 -1 -1
-1 -1 -1 -1 9 9 9 -1 -1 -1 -1 -1 -1
-1 -1 -1 -1 55 55 264 -1 -1
-1 -1 -1 -1 55 55 -1 -1 -1
-1 -1 -1 -1 55 55 -1 -1 -1
-1 -1 -1 -1 -1 -1 -1 -1 -1
-1 -1 -1 -1 94 94 94 94 -1 -1 -1 -1 -1
-1 -1 -1 -1 94 94 94 267 -1 -1 -1
-1 -1 -1 -1 94 94 94 -1 -1
-1 -1 -1 -1 94 94 94 -1 -1 -1 -1 -1
-1 -1 -1 -1 94 94 94 -1 -1 -1
-1 -1 -1 -1 94 94 94 -1 -1 -1 -1 -1 -1
-1 -1 -1 -1 94 94 94 -1 -1 -1 -1 -1 -1
-1 -1 -1 -1 94 94 94 -1 -1 -1 -1
-1 -1 -1 -1 94 94 267 -1 -1 -1
-1 -1 -1 -1 94 94 290 290 -1 -1 -1
-1 -1 -1 -1 94 94 147 147 147 147 -1 -1 -1
-1 -1 -1 -1 -1 -1 -1 -1 -1 -1
-1 -1 -1 -1 -1 -1 -1 -1 -1 -1
-1 -1 -1 -1 -1 -1 -1 -1 -1
-1 -1 -1 -1 -1 -1 -1
-1 -1 -1 -1 -1 -1 -1 -1
-1 -1 -1 -1 -1 -1 -1 -1
-1 -1 -1 -1 -1 -1 -1 -1
-1 -1 -1 -1 -1 -1 -1 -1
-1 -1 -1 -1 -1 -1 -1 -1 -1 -1
-1 -1 -1 -1 -1 -1 -1 -1 -1 -1
-1 -1 -1 -1 -1 -1 -1 -1 -1
-1 -1 -1 -1 -1 -1 -1
-1 -1 -1 -1 -1 -1 -1
-1 -1 -1 -1 -1 -1 -1 -1 -1
-1 -1 -1 -1 -1 -1 -1 -1 -1 -1
-1 -1 -1 -1 -1 -1 -1
-1 -1 -1 -1 -1 -1
-1 -1 -1 -1 -1 -1 -1 -1
-1 -1 -1 -1
-1 -1 -1 -1 -1 -1 -1 -1
-1 -1 -1 -1 -1 -1 -1
-1 -1 -1 -1 -1 -1
-1 -1 -1 -1 -1
-1 -1 -1 -1 -1
-1 -1 -1 128 128 260
-1 -1 -1 128 128 161
-1 -1 -1 128 128 249
-1 -1 -1 128 128 203
-1 -1 -1 128 128 208 -1
-1 -1 -1 128 128 200
-1 -1 -1 128 128 229
-1 -1 -1 128 128 278
-1 -1 -1 128 128 235
-1 -1 -1 128 128 260
-1 -1 -1 128 128 161
-1 -1 -1 128 128 249
-1 -1 -1 128 128 -1 -1 -1 -1
-1 -1 -1 128 128 -1 -1 -1 -1
-1 -1 -1 128 128 130
-1 -1 -1 128 128 203
-1 -1 -1 128 128 -1 -1
-1 -1 -1 128 260 -1 -1 -1 -1
-1 -1 -1 128 -1 -1 -1 -1 -1
-1 -1 -1 128 161
-1 -1 -1 128 249
-1 -1 -1 128 229
-1 -1 -1 128 229 -1
-1 -1 -1 128 278
-1 -1 -1 128 278 -1
-1 -1 -1 128 235
-1 -1 -1 128 235 -1
-1 -1 -1 128 203
-1 -1 -1 128 203 -1
-1 -1 -1 128 260
-1 -1 -1 128 161
-1 -1 -1 128 249
-1 -1 -1 128 150 150 -1 -1
-1 -1 -1 128 -1 -1 -1 -1
-1 -1 -1 128 -1 -1 -1 -1
-1 -1 -1 128 -1 -1 -1
-1 -1 -1 128 -1 -1 -1
-1 -1 -1 128 -1 -1 -1 -1
-1 -1 -1 128 203
-1 -1 -1 128 130
-1 -1 -1 128 128 176 -1
-1 -1 -1 128 128 -1 -1
-1 -1 -1 128 128 -1 -1 -1
-1 -1 -1 128 128 -1 -1
-1 -1 -1 128 128 -1 -1
-1 -1 -1 128 128 -1 -1
-1 -1 -1 128 128 -1 -1
-1 -1 -1 128 128 -1 -1
-1 -1 -1 128 128 -1 -1
-1 -1 -1 128 128 -1 -1
-1 -1 -1 128 128 -1 -1 -1
-1 -1 -1 128 128 -1 -1
-1 -1 -1 128 128 -1 -1
-1 -1 -1 128 128 -1
-1 -1 -1 128 128 -1 -1 -1 -1
-1 -1 -1 128 128 -1 -1 -1 -1
-1 -1 -1 128 128 -1 -1 -1 -1 -1 -1 -1 -1
-1 -1 -1 128 128 -1 -1 -1 -1 -1 -1 -1
-1 -1 -1 128 128 -1 -1 -1 -1 -1 -1
-1 -1 -1 128 291 -1
-1 -1 -1 128 291 -1
-1 -1 -1 128 128 260 -1 -1
-1 -1 -1 128 128 161
-1 -1 -1 128 128 249
-1 -1 -1 128 128 222
-1 -1 -1 128 128 176 -1
-1 -1 -1 128 128 -1 -1 -1
-1 -1 -1 128 128 -1 -1
-1 -1 -1 128 128 -1 -1
-1 -1 -1 128 128 -1 -1 -1 -1
-1 -1 -1 128 128 -1 -1 -1 -1 -1
-1 -1 -1 128 128 -1 -1 -1
-1 -1 -1 128 128 -1 -1 -1 -1
-1 -1 -1 128 128 -1 -1 -1
-1 -1 -1 128 128 -1 -1 -1 -1
-1 -1 -1 128 128 -1 -1 -1
-1 -1 -1 128 128 -1 -1 -1 -1
-1 -1 -1 128 128 -1
-1 -1 -1 128 128 271
-1 -1 -1 128 128 146
-1 -1 -1 128 128 170
-1 -1 -1 128 128 130
-1 -1 -1 128 128 203
-1 -1 -1 128 260 -1 -1
-1 -1 -1 128 182 182 -1
-1 -1 -1 128 141
-1 -1 -1 128 178 -1
-1 -1 -1 128 222
-1 -1 -1 128 149
-1 -1 -1 128 253 -1
-1 -1 -1 128 311 -1
-1 -1 -1 128 195 -1
-1 -1 -1 128 319 -1
-1 -1 -1 128 256 -1
-1 -1 -1 128 148 -1
-1 -1 -1 128 202 202
-1 -1 -1 128 243 243
-1 -1 -1 128 179 179
-1 -1 -1 128 207 207
-1 -1 -1 128 155 155
-1 -1 -1 128 308 308
-1 -1 -1 128 183 183
-1 -1 -1 128 271
-1 -1 -1 128 167
-1 -1 -1 128 330
-1 -1 -1 128 146
-1 -1 -1 128 186
-1 -1 -1 128 241
-1 -1 -1 128 336
-1 -1 -1 128 151 151
-1 -1 -1 128 154 -1
-1 -1 -1 128 332 -1
-1 -1 -1 128 162 -1
-1 -1 -1 128 209 -1
-1 -1 -1 128 145 -1
-1 -1 -1 128 329 329 -1 -1
-1 -1 -1 128 331 -1
-1 -1 -1 128 136 -1
-1 -1 -1 128 218 218 -1 -1
-1 -1 -1 128 223 -1
-1 -1 -1 128 175 -1
-1 -1 -1 128 314
-1 -1 -1 128 314 -1
-1 -1 -1 128 341
-1 -1 -1 128 259
-1 -1 -1 128 323
-1 -1 -1 128 165
-1 -1 -1 128 246
-1 -1 -1 128 257
-1 -1 -1 128 337
-1 -1 -1 128 130
-1 -1 -1 128 315
-1 -1 -1 128 204
-1 -1 -1 128 317
-1 -1 -1 128 177
-1 -1 -1 128 324 -1 -1
-1 -1 -1 128 282 -1
-1 -1 -1 128 233
-1 -1 -1 128 216 -1 -1
-1 -1 -1 128 309
-1 -1 -1 128 258 258
-1 -1 -1 128 139 -1
-1 -1 -1 128 159
-1 -1 -1 128 293 -1
-1 -1 -1 128 304 304 304
-1 -1 -1 128 199 -1
-1 -1 -1 128 217 -1 -1
-1 -1 -1 128 134 134 -1
-1 -1 -1 128 168 168
-1 -1 -1 128 244 -1
-1 -1 -1 128 321
-1 -1 -1 128 205 -1
-1 -1 -1 128 234
-1 -1 -1 128 192
-1 -1 -1 128 170
-1 -1 -1 128 128 128 -1
-1 -1 -1 128 128 128 -1
-1 -1 -1 -1 -1 -1 -1 -1
-1 -1 -1 -1 -1 -1 -1 -1 -1
-1 -1 -1 -1 -1 -1 -1 -1 -1
-1 -1 -1 -1 -1 -1 -1 -1 -1 -1
-1 -1 -1 -1 -1 -1 -1 -1 -1
-1 -1 -1 -1 -1 -1 -1 -1 -1 -1
-1 -1 -1 -1 -1 -1 -1 -1 -1
-1 -1 -1 -1 -1 -1 -1 -1 -1
-1 -1 -1 -1 128 291 -1
-1 -1 -1 -1 128 -1 -1
-1 -1 -1 -1 128 -1 -1
-1 -1 -1 -1 128 -1 -1 -1
-1 -1 -1 -1 -1 -1 -1 -1 -1 -1
-1 -1 -1 -1 -1 -1 -1 -1 -1 -1
-1 116 116 -1 -1
-1 116 116 -1 -1
-1 116 116 -1 -1 -1
-1 116 116 -1 -1
-1 116 116 -1 -1
-1 116 116 -1
-1 -1 -1 -1 -1 -1
-1 -1 -1 -1 -1
-1 -1 -1 -1
-1 -1 -1 -1 -1 -1 -1 -1
-1 97 97 97 -1 -1 -1
-1 97 97 -1 -1 -1
-1 97 97 -1 -1 -1 -1 -1
-1 97 97 -1 -1 -1 -1 -1 -1
-1 97 97 -1 -1 -1 -1
-1 97 97 -1 -1 -1
-1 97 97 97 97 -1 -1 -1 -1
-1 97 97 97 97 -1 -1 -1 -1 -1
-1 97 97 97 97 -1 -1 -1 -1 -1 -1 -1
-1 -1 -1 -1
-1 -1 -1 -1 -1
-1 -1 -1 -1 -1
-1 -1 -1 -1
-1 -1 -1 -1
-1 97 97 97 -1 -1 -1 -1 -1 -1
-1 97 97 97 -1 -1 -1 -1
-1 97 97 97 97 -1 -1 -1
-1 105 -1 -1 -1
-1 105 -1 -1 -1 -1 -1
-1 105 -1 -1 -1 -1 -1
-1 105 -1 -1
-1 105 -1 -1 -1
-1 105 -1 -1 -1
-1 -1 -1
-1 -1 -1 -1 -1 -1 -1 -1 -1
-1 -1 -1 -1 -1 -1
-1 -1 -1 -1 -1 -1
-1 -1 -1 -1 -1 -1 -1 -1
-1 -1 -1 -1 -1
-1 -1 -1
-1 -1 -1 -1 -1 -1 -1
-1 -1 -1 -1 -1 -1 -1
-1 -1 -1 -1 -1 -1 -1 -1
-1 -1 -1 -1 -1 -1 -1
-1 -1 -1 -1 -1 -1 -1 -1
-1 -1 -1 -1 -1
-1 -1 -1 -1 -1 -1
-1 -1 -1 -1
-1 -1 -1 -1 -1
-1 -1 -1
-1 -1 -1
-1 -1 -1 -1 -1
-1 -1 -1 -1 -1
-1 -1 -1 -1 -1
-1 -1 -1 -1 -1 -1 -1
-1 -1 -1
-1 -1 -1
-1 -1 -1 -1 -1
-1 -1 -1 -1
-1 -1 -1 -1 -1
-1 -1 -1 -1 -1
-1 -1 -1 -1 -1 -1 -1
-1 -1 -1 -1 -1
-1 -1 -1 -1 -1
-1 -1 -1 -1 -1
-1 -1 -1 -1 -1 -1 -1 -1
-1 -1 -1 -1 -1 -1 -1
-1 -1 -1 -1 -1
-1 -1 -1 -1 -1
-1 -1 -1 -1 -1 -1
-1 -1 -1 -1 -1
-1 -1 -1 -1 -1
-1 -1 -1 -1 -1
-1 -1 -1 -1 -1 -1 -1
-1 -1 -1 -1 -1 -1 -1 -1
-1 73 73 197 -1
-1 -1 -1 -1 -1 -1 -1
-1 -1 -1 -1
-1 103 103 -1
-1 -1 -1 -1
-1 -1 -1 -1
-1 -1 -1 -1
-1 -1 -1 -1
-1 -1 -1 -1 -1 -1 -1
-1 -1 -1 -1 -1 -1 -1
-1 114 -1
-1 114 -1 -1 -1 -1 -1 -1
-1 114 114 -1
-1 -1 -1 -1
-1 -1 -1 -1 -1
-1 -1 -1 -1 -1
-1 -1 -1 -1
-1 -1 -1 -1 -1
-1 -1 -1 -1
-1 -1 -1 -1 -1
-1 -1 -1 -1 -1 -1 -1
-1 -1 -1 -1 -1 -1 -1 -1
-1 -1 -1 -1 -1 -1 -1
-1 -1 -1 -1 -1 -1
-1 -1 -1 -1 -1
-1 -1 -1 -1 -1 -1
-1 -1 -1
-1 -1 -1
-1 -1 -1
-1 -1 -1 -1
-1 -1 -1 -1
-1 -1 -1
-1 -1 -1 -1
-1 -1 -1
-1 -1 -1 -1
-1 -1 -1
-1 -1 -1 -1
-1 -1 -1
-1 -1 -1 -1
-1 -1 -1 -1 -1
-1 -1 -1 -1
-1 -1 -1 -1 -1
-1 -1 -1
-1 -1 -1 -1
-1 -1 -1 -1
-1 -1 -1 -1 -1
-1 -1 -1
-1 -1 -1 -1
-1 -1 -1 -1
-1 -1 -1 -1
-1 -1 -1 -1
-1 -1 -1 -1
-1 -1 -1 -1
-1 -1 -1 -1
-1 -1 -1 -1 -1
-1 -1 -1 -1
-1 -1 -1
-1 -1 -1
-1 -1 -1
-1 -1 -1 -1
-1 -1 -1 -1
-1 -1 -1 -1
-1 -1 -1
-1 -1 -1 -1 -1
-1 -1 -1
-1 -1 -1
-1 -1 -1 -1 -1
-1 -1 -1
-1 -1 -1 -1 -1
-1 -1 -1 -1 -1
-1 -1 -1 -1
-1 -1 -1 -1 -1
-1 -1 -1 -1
-1 -1 -1 -1
-1 -1 -1 -1 -1
-1 -1 -1 -1 -1
-1 -1 -1 -1
-1 -1 -1 -1 -1 -1
-1 -1 -1 -1
-1 -1 -1 -1
-1 -1 -1
-1 -1 -1 -1
-1 -1 -1 -1
-1 -1 -1
-1 -1 -1
-1 -1 -1
-1 -1 -1
-1 -1 -1
-1 -1 -1 -1 -1
-1 -1 -1 -1
-1 -1 -1 -1
-1 -1 -1 -1
-1 -1 -1 -1
-1 -1 -1 -1 -1
-1 -1 -1 -1
-1 -1 -1 -1 -1
-1 -1 -1 -1
-1 -1 -1 -1
-1 -1 -1 -1 -1
-1 -1 -1 -1
-1 -1 -1 -1 -1 -1 -1
-1 -1 -1 -1
-1 -1 -1 -1
-1 -1 -1 -1
-1 -1 -1 -1
-1 -1 -1 -1
-1 -1 -1 -1
-1 -1 -1 -1
-1 -1 -1 -1
-1 -1 -1 -1
-1 -1 -1 -1
-1 -1 -1 -1 -1
-1 67 67 67 -1
-1 67 67 67 -1 -1 -1
-1 67 67 67 -1 -1
-1 67 67 67 -1 -1 -1 -1 -1
-1 67 67 67 198
-1 67 67 67 -1 -1
-1 121 121 -1 -1 -1
-1 121 121 -1 -1 -1 -1
-1 121 121 -1 -1
-1 121 121 -1 -1
-1 121 121 -1 -1
-1 121 121 -1
-1 121 121 -1 -1
-1 121 -1 -1
-1 -1 -1 -1 -1
-1 -1 100 100 -1 -1
-1 -1 100 100 -1 -1 -1
-1 -1 100 100 -1 -1 -1
-1 -1 100 100 -1 -1
-1 -1 100 100 -1 -1 -1 -1
-1 -1 -1 -1 -1 -1
-1 -1 100 100 -1 -1 -1 -1
-1 -1 -1 -1 -1 -1
-1 -1 -1 -1 -1
-1 -1 -1 -1 -1
-1 -1 -1 -1 -1 -1
-1 -1 17 -1 -1 -1 -1 -1
-1 -1 17 -1 -1 -1 -1 -1
-1 -1 17 -1 -1 -1 -1 -1
-1 -1 17 -1 -1 -1 -1
-1 -1 17 328
-1 -1 17 -1 -1
-1 -1 17 -1 -1 -1 -1 -1
-1 -1 17 225 225 -1 -1
-1 -1 -1 -1 -1 -1
-1 -1 -1 -1 -1 -1 -1
-1 -1 -1 -1 -1
-1 -1 -1 -1
-1 -1 -1 -1 -1 -1 -1 -1
-1 31 31 31 31 -1 -1 -1
-1 31 31 31 31 -1 -1 -1 -1 -1
-1 31 31 31 31 -1 -1 -1 -1
-1 31 31 31 31 -1 -1 -1 -1 -1 -1
-1 -1 -1 -1 -1 -1
-1 -1 -1 -1 -1 -1
-1 -1 -1 -1 -1 -1
-1 -1 -1 -1 -1 -1 -1 -1 -1 -1 -1
-1 -1 -1 -1 -1
-1 -1 -1 -1 -1 -1
-1 -1 -1 -1
-1 -1 -1 -1
-1 -1 -1
-1 -1 -1 -1 -1 -1 -1
-1 -1 -1 -1 -1 -1
-1 -1 -1 -1 -1 -1
-1 -1 -1 -1 -1 -1
-1 -1 -1 -1 -1 -1 -1
-1 -1 -1 -1 -1
-1 -1 -1 -1 -1 -1
-1 -1 -1 -1 -1 -1
-1 -1 -1 -1 -1 -1
-1 -1 -1 -1 -1
-1 -1 -1 -1
-1 -1 -1 -1 -1
-1 -1 -1 -1 -1
-1 -1 -1 -1 -1 -1
-1 -1 -1 -1 -1
-1 -1 -1 -1 -1 -1
-1 -1 -1 -1 -1 -1
-1 -1 -1 -1 -1 -1
-1 -1 -1 -1
-1 -1 -1 -1 -1
-1 -1 92 92 92 -1 -1
-1 -1 92 92 92 326 326
-1 -1 92 92 92 -1 -1 -1 -1
-1 -1 92 92 92 -1 -1 -1 -1
-1 -1 92 92 92 -1 -1 -1 -1 -1 -1
-1 -1 92 92 92 -1 -1 -1
-1 -1 92 92 92 -1 -1 -1
-1 -1 92 92 92 -1 -1 -1 -1 -1
-1 -1 92 92 92 -1 -1 -1
-1 -1 92 92 92 92 92 -1 -1 -1
-1 -1 92 92 -1 -1 -1
-1 -1 92 92 -1 -1
-1 -1 92 92 -1 -1 -1 -1
-1 -1 92 92 -1 -1 -1 -1
-1 -1 92 92 -1 -1 -1 -1
-1 -1 92 92 -1 -1 -1
-1 -1 92 92 -1 -1
-1 -1 92 92 -1 -1 -1 -1
-1 -1 92 92 -1 -1 -1 -1
-1 -1 92 92 -1 -1 -1 -1
-1 -1 92 92 -1 -1 -1
-1 -1 92 92 -1 -1
-1 -1 92 92 -1 -1 -1 -1
-1 -1 92 92 -1 -1 -1 -1
-1 -1 92 92 -1 -1 -1 -1
-1 -1 92 92 -1 -1 -1
-1 -1 92 92 -1 -1
-1 -1 92 92 -1 -1 -1 -1
-1 -1 92 92 -1 -1 -1 -1
-1 -1 92 92 -1 -1 -1 -1
-1 -1 92 92 -1 -1 -1
-1 -1 92 92 -1 -1 -1
-1 -1 92 92 -1 -1 -1
-1 -1 92 92 -1 -1 -1
-1 -1 92 92 -1 -1 -1 -1 -1
-1 -1 92 92 -1 -1 -1 -1 -1
-1 -1 92 92 92 92 188 188 188
-1 -1 92 92 92 92 326 326
-1 -1 92 92 92 92 215 215 215
-1 -1 92 92 92 92 318 318 318 318
-1 -1 92 92 92 92 232 232 232 -1 -1 -1
-1 -1 92 92 92 92 188 188 188
-1 -1 92 92 92 92 188 188 188
-1 -1 92 92 92 92 214 214 214 214
-1 -1 92 92 92 92 188 188 188
-1 -1 92 92 92 92 188 188 188
-1 -1 92 92 92 92 188 188 188
-1 -1 92 92 92 92 213 213 213 -1
-1 -1 92 92 92 92 188 188 188
-1 -1 92 92 92 92 133 133 -1
-1 -1 -1 -1 -1 -1 -1 -1 -1
-1 -1 -1 -1 -1 -1 -1 -1 -1
-1 -1 -1 -1
-1 -1 92 -1
-1 -1 92 -1 -1 -1
-1 -1 92 -1 -1
-1 -1 92 92 92 -1 -1 -1 -1
-1 -1 92 92 92 -1 -1 -1
-1 -1 92 92 -1 -1 -1
-1 -1 92 92 92 133 133 -1
-1 -1 92 92 92 -1 -1
-1 -1 92 92 92 -1 -1 -1
-1 -1 92 92 92 -1 -1 -1 -1 -1
-1 -1 92 92 92 -1 -1 -1
-1 -1 92 92 92 92 92 -1 -1 -1
-1 -1 92 92 -1 -1
-1 -1 92 92 -1 -1
-1 -1 92 92 143 143 143
-1 -1 92 92 231 231 -1
-1 -1 92 92 270 270 270
-1 -1 92 92 338 338 338
-1 -1 92 92 158 158 -1
-1 -1 92 92 -1 -1 -1
-1 -1 92 92 -1 -1 -1
-1 -1 92 92 92 143 143 143
-1 -1 92 92 92 270 270 270
-1 -1 92 92 92 338 338 338
-1 -1 92 92 92 158 158 -1
-1 -1 92 92 92 227 -1
-1 -1 92 92 92 -1 -1
-1 -1 -1 -1 -1 -1
-1 46 46 -1 -1 -1
-1 46 46 -1 -1
-1 46 46 -1
-1 46 46 -1 -1
-1 46 46 -1 -1 -1
-1 46 46 -1 -1 -1 -1
-1 46 46 -1 -1 -1 -1 -1 -1
-1 46 46 -1 -1
-1 46 46 -1 -1
-1 46 46 -1 -1
-1 46 46 -1 -1 -1
-1 46 46 -1 -1 -1 -1
-1 46 46 -1 -1
-1 46 46 -1 -1
-1 46 46 -1
-1 46 46 -1 -1
-1 46 46 -1
-1 46 46 -1 -1
-1 46 46 -1 -1
-1 46 46 -1 -1
-1 46 46 -1 -1 -1 -1 -1 -1
-1 -1 -1 -1
-1 -1 -1 -1
-1 -1 -1 -1
-1 -1 -1 -1 -1 -1 -1 -1
-1 -1 -1 -1 -1 -1
-1 -1 -1 -1 -1 -1
-1 -1 -1 -1 -1 -1
-1 -1 -1 -1
-1 -1 -1 -1
-1 -1 -1 -1 -1 -1 -1 -1
-1 -1 -1 -1 -1 -1
-1 -1 -1 -1 -1
-1 -1 -1 -1 -1
-1 -1 -1 -1 -1 -1
-1 -1 -1 -1
-1 -1 -1
-1 -1 -1 -1 -1
-1 -1 -1 -1 -1
-1 -1 -1 -1 -1 -1 -1
-1 -1 -1 -1 -1 -1 -1
-1 -1 -1 -1 -1 -1 -1 -1
-1 46 46 46 -1 -1 -1
-1 46 46 46 -1 -1
-1 46 46 46 -1 -1
-1 46 46 46 288 -1
-1 -1 -1 -1 -1 -1 -1
-1 59 59 59 59 -1 -1 -1
-1 59 59 59 59 -1 -1 -1 -1
-1 59 59 59 59 -1 -1 -1 -1
-1 59 59 59 59 -1 -1 -1 -1 -1
-1 59 59 59 59 -1 -1 -1 -1
-1 59 59 59 59 286 -1
-1 59 59 59 59 -1 -1 -1 -1
-1 -1 -1 -1 -1 -1 -1
-1 -1 -1 -1 -1 -1 -1 -1
-1 -1 -1 -1 -1 -1 -1
-1 90 90 90 248 248 248 248
-1 90 90 90 -1 -1 -1 -1
-1 90 90 90 90 -1 -1 -1
-1 128 220 -1
-1 128 -1 -1 -1 -1
-1 128 -1 -1 -1
-1 128 -1 -1 -1 -1
-1 128 -1 -1 -1 -1 -1
-1 60 60 -1 -1 -1
-1 122 122 300 300 -1
-1 122 122 300 300 -1
-1 122 122 300 300 -1
-1 88 88 298 298 -1
-1 88 88 298 298 -1
-1 88 88 88 298 298 -1
-1 60 60 266 -1 -1 -1
-1 104 104 302 302 -1
-1 10 10 301 301 -1
-1 10 10 10 301 301 -1
-1 90 90 -1 -1 -1
-1 90 90 275 -1
-1 90 90 -1 -1 -1
-1 90 90 90 276 -1
-1 90 90 90 275 -1
-1 90 90 90 90 276 -1
-1 -1 -1 -1 -1
-1 123 123 123 -1 -1
-1 123 123 123 -1 -1
-1 -1 -1 -1 -1
-1 -1 -1 -1
-1 39 164 164 -1
-1 39 -1 -1 -1 -1 -1
-1 39 -1 -1 -1 -1
-1 39 -1 -1 -1 -1 -1 -1
-1 39 316 316 316 -1
-1 39 39 164 164 -1
-1 39 39 -1 -1 -1 -1 -1 -1
-1 39 39 39 -1 -1 -1 -1
-1 39 39 39 -1 -1 -1 -1
-1 39 39 39 -1 -1 -1
-1 39 39 39 164 164 -1
-1 39 39 164 164 -1
-1 39 39 -1 -1 -1 -1
-1 39 39 -1 -1 -1 -1
-1 39 39 -1 -1 -1 -1
-1 39 39 316 316 316 -1 -1
-1 39 39 164 164 -1
-1 39 -1 -1 -1 -1 -1
-1 39 -1 -1 -1 -1
-1 39 39 39 316 316 316 -1 -1
-1 39 39 -1 -1
-1 39 39 -1 -1
-1 39 39 39 164 164 -1
-1 59 59 59 -1
-1 59 59 59 -1 -1
-1 59 59 59 -1
-1 59 59 59 -1 -1
-1 59 59 59 -1 -1 -1
-1 59 59 59 -1 -1 -1
-1 59 59 59 -1
-1 59 59 59 -1 -1 -1 -1
-1 59 59 59 -1 -1 -1
-1 59 59 59 -1 -1
-1 59 59 59 -1 -1
-1 59 59 59 -1 -1
-1 59 59 59 -1 -1
-1 59 59 59 -1 -1
-1 59 59 59 -1 -1 -1
-1 59 59 59 -1
-1 59 59 59 -1 -1 -1
-1 59 59 59 -1 -1 -1 -1
-1 59 59 59 -1 -1
-1 59 59 59 -1 -1
-1 59 59 59 -1
-1 59 59 59 -1 -1
-1 59 59 59 -1 -1 -1 -1
-1 59 59 59 -1 -1
-1 59 59 59 -1 -1
-1 59 59 59 -1 -1
-1 59 59 59 -1 -1
-1 -1 -1 -1 -1 -1 -1
-1 -1 -1 -1
-1 -1 -1 -1
-1 -1 -1 -1
-1 -1 -1 -1 -1
-1 -1 -1
-1 -1 -1
-1 -1 -1
-1 -1 -1 -1 -1
-1 -1 -1 -1 -1
-1 -1 -1 -1
-1 -1 -1 -1
-1 -1 -1 -1 -1
-1 -1 -1 -1 -1
-1 -1 -1 -1 -1 -1
-1 -1 -1 -1
-1 -1 -1 -1 -1
-1 -1 -1 -1 -1 -1
-1 -1 -1 -1 -1 -1 -1
-1 -1 -1 -1 -1
-1 -1 -1 -1 -1 -1 -1 -1 -1
-1 -1 -1 -1 -1 -1 -1
-1 -1 -1 -1 -1 -1 -1
-1 -1 -1 -1 -1
-1 -1 -1 95 95 -1 -1
-1 -1 -1 70 70 70 -1 -1 -1 -1 -1 -1
-1 -1 -1 70 70 70 -1 -1 -1 -1
-1 -1 -1 70 70 70 -1 -1 -1 -1
-1 -1 -1 70 70 70 -1 -1 -1 -1 -1 -1
-1 -1 -1 70 70 70 -1 -1 -1 -1 -1 -1 -1 -1
-1 -1 -1 109 109 -1 -1 -1 -1 -1
-1 -1 -1 109 109 -1 -1 -1 -1 -1
-1 -1 -1 109 109 -1 -1 -1 -1 -1 -1 -1
-1 -1 -1 -1 -1 -1 -1
-1 -1 -1 127 127 -1 -1 -1 -1
-1 -1 -1 127 127 -1 -1 -1 -1 -1
-1 -1 -1 127 127 -1 -1 -1 -1
-1 -1 -1 127 127 -1 -1 -1 -1
-1 -1 -1 127 127 -1 -1 -1 -1 -1
-1 -1 -1 127 127 -1 -1 -1 -1 -1 -1
-1 -1 -1 127 127 -1 -1 -1 -1
-1 -1 -1 -1 -1
-1 -1 -1 21 21 -1 -1 -1
-1 -1 -1 21 21 -1 -1 -1 -1
-1 -1 -1 -1 -1 -1 -1 -1 -1
-1 -1 -1 28 28 -1 -1 -1
-1 -1 -1 95 95 -1 -1 -1 -1 -1 -1
-1 -1 -1 70 70 70 -1 -1 -1 -1 -1 -1 -1
-1 -1 -1 70 70 70 -1 -1 -1
-1 -1 -1 70 70 70 -1 -1 -1 -1
-1 -1 -1 109 109 -1 -1 -1 -1
-1 -1 -1 109 109 -1 -1 -1 -1
-1 -1 -1 109 109 -1 -1 -1 -1
-1 -1 -1 127 127 -1 -1 -1 -1
-1 -1 -1 127 127 -1 -1 -1 -1 -1
-1 -1 -1 127 127 -1 -1 -1 -1
-1 -1 -1 127 127 -1 -1 -1 -1 -1
-1 -1 -1 127 127 -1 -1 -1 -1
-1 -1 -1 127 127 -1 -1 -1 -1
-1 -1 -1 74 -1 -1 -1 -1
-1 -1 -1 21 21 -1 -1 -1
-1 -1 -1 -1 -1 -1
-1 -1 -1 28 28 -1 -1
-1 -1 -1 28 28 -1 -1 -1 -1 -1
-1 -1 -1 28 28 -1 -1 -1 -1 -1
-1 -1 -1 28 28 -1 -1 -1 -1 -1
-1 -1 -1 28 28 -1 -1 -1 -1 -1 -1 -1 -1
-1 -1 -1 28 28 -1 -1 -1 -1 -1 -1
-1 -1 -1 28 28 -1 -1 -1 -1
-1 -1 -1 70 70 70 -1 -1 -1 -1 -1 -1
-1 -1 -1 70 70 70 320 320 320 320 -1 -1 -1 -1
-1 -1 -1 109 109 -1 -1 -1 -1 -1
-1 -1 -1 109 109 -1 -1 -1
-1 -1 -1 127 127 -1 -1 -1 -1
-1 -1 -1 127 127 -1 -1 -1 -1 -1
-1 -1 -1 127 127 -1 -1 -1 -1
-1 -1 -1 127 127 -1 -1 -1 -1
-1 -1 -1 21 21 -1 -1 -1
-1 -1 -1 -1 -1 -1
-1 -1 -1 -1 -1 -1
-1 -1 -1 -1 -1 -1
-1 -1 -1 95 95 95 -1 -1
-1 -1 -1 95 95 95 -1 -1
-1 -1 -1 95 95 95 -1 -1 -1 -1 -1 -1
-1 -1 -1 70 70 70 70 -1 -1 -1
-1 -1 -1 70 70 70 70 -1 -1
-1 -1 -1 70 70 70 70 -1 -1 -1 -1 -1
-1 -1 -1 70 70 70 70 -1 -1 -1
-1 -1 -1 70 70 70 70 -1 -1 -1
-1 -1 -1 70 70 70 70 -1 -1 -1
-1 -1 -1 70 70 70 70 -1 -1 -1
-1 -1 -1 70 70 70 70 -1 -1 -1
-1 -1 -1 70 70 70 70 -1 -1 -1
-1 -1 -1 70 70 70 70 -1 -1 -1 -1
-1 -1 -1 70 70 70 70 -1 -1 -1 -1
-1 -1 -1 70 70 70 70 -1 -1 -1 -1 -1 -1
-1 -1 -1 70 70 70 70 -1 -1 -1 -1 -1 -1
-1 -1 -1 70 70 70 70 -1 -1 -1 -1 -1 -1
-1 -1 -1 70 70 70 70 -1 -1 -1 -1 -1 -1
-1 -1 -1 70 70 70 70 -1 -1 -1 -1
-1 -1 -1 70 70 70 70 -1 -1 -1 -1
-1 -1 -1 70 70 70 70 -1 -1 -1 -1 -1 -1
-1 -1 -1 70 70 70 70 -1 -1 -1 -1 -1 -1
-1 -1 -1 70 70 70 70 320 320 320 320 -1 -1 -1 -1
-1 -1 -1 70 70 70 70 -1 -1 -1 -1 -1 -1 -1 -1
-1 -1 -1 70 70 70 70 -1 -1 -1 -1 -1 -1
-1 -1 -1 70 70 70 70 -1 -1 -1 -1 -1 -1 -1
-1 -1 -1 70 70 70 70 -1 -1 -1 -1
-1 -1 -1 70 70 70 70 -1 -1 -1 -1 -1
-1 -1 -1 70 70 70 70 -1 -1 -1 -1 -1 -1
-1 -1 -1 109 109 109 -1 -1 -1 -1
-1 -1 -1 109 109 109 -1 -1 -1 -1 -1
-1 -1 -1 109 109 109 -1 -1 -1 -1
-1 -1 -1 109 109 109 -1 -1 -1 -1
-1 -1 -1 109 109 109 -1 -1 -1 -1 -1
-1 -1 -1 109 109 109 -1 -1 -1 -1
-1 -1 -1 109 109 109 -1 -1 -1 -1 -1
-1 -1 -1 109 109 109 -1 -1 -1 -1 -1 -1
-1 -1 -1 109 109 109 -1 -1 -1 -1 -1 -1
-1 -1 -1 109 109 109 -1 -1 -1 -1 -1 -1
-1 -1 -1 109 109 109 -1 -1 -1 -1 -1 -1
-1 -1 -1 109 109 109 -1 -1 -1 -1 -1
-1 -1 -1 109 109 109 -1 -1 -1 -1 -1
-1 -1 -1 109 109 109 -1 -1
-1 -1 -1 109 109 109 -1 -1 -1
-1 -1 -1 109 109 109 -1 -1 -1 -1 -1
-1 -1 -1 109 109 109 -1 -1 -1 -1 -1
-1 -1 -1 109 109 109 -1 -1 -1
-1 -1 -1 109 109 109 -1 -1 -1 -1 -1
-1 -1 -1 109 109 109 -1 -1 -1 -1
-1 -1 -1 109 109 109 -1 -1 -1 -1 -1 -1
-1 -1 -1 109 109 109 -1 -1 -1 -1 -1 -1
-1 -1 -1 109 109 109 -1 -1 -1 -1
-1 -1 -1 109 109 109 -1 -1 -1 -1
-1 -1 -1 109 109 109 -1 -1 -1
-1 -1 -1 109 109 109 -1 -1 -1
-1 -1 -1 109 109 109 -1 -1 -1
-1 -1 -1 109 109 109 -1 -1 -1 -1
-1 -1 -1 109 109 109 -1 -1 -1
-1 -1 -1 109 109 109 -1 -1 -1
-1 -1 -1 109 109 109 -1 -1
-1 -1 -1 109 109 109 -1 -1 -1
-1 -1 -1 109 109 109 -1 -1 -1
-1 -1 -1 109 109 109 -1 -1 -1
-1 -1 -1 109 109 109 -1 -1 -1 -1
-1 -1 -1 109 109 109 -1 -1 -1 -1
-1 -1 -1 109 109 109 -1 -1 -1 -1
-1 -1 -1 109 109 109 -1 -1 -1 -1
-1 -1 -1 109 109 109 -1 -1 -1 -1 -1 -1
-1 -1 -1 109 109 109 -1 -1 -1 -1 -1 -1 -1
-1 -1 -1 109 109 109 -1 -1 -1 -1 -1
-1 -1 -1 109 109 109 -1 -1 -1
-1 -1 -1 109 109 109 -1 -1 -1 -1
-1 -1 -1 109 109 109 -1 -1 -1 -1
-1 -1 -1 109 109 109 -1 -1 -1 -1 -1
-1 -1 -1 109 109 109 -1 -1 -1 -1
-1 -1 -1 109 109 109 -1 -1 -1 -1
-1 -1 -1 109 109 109 -1 -1 -1 -1
-1 -1 -1 109 109 109 -1 -1 -1 -1
-1 -1 -1 109 109 109 -1 -1 -1 -1
-1 -1 -1 109 109 109 -1 -1 -1 -1 -1 -1
-1 -1 -1 109 109 109 -1 -1 -1 -1
-1 -1 -1 109 109 109 -1 -1 -1 -1 -1 -1 -1
-1 -1 -1 109 109 109 -1 -1 -1 -1 -1 -1 -1
-1 -1 -1 109 109 109 -1 -1 -1 -1
-1 -1 -1 109 109 109 -1 -1 -1 -1
-1 -1 -1 109 109 109 -1 -1 -1 -1
-1 -1 -1 109 109 109 -1 -1 -1 -1
-1 -1 -1 109 109 109 221 221 221 -1 -1
-1 -1 -1 109 109 109 -1 -1 -1 -1
-1 -1 -1 127 127 127 -1 -1 -1 -1 -1
-1 -1 -1 127 127 127 -1 -1 -1 -1
-1 -1 -1 127 127 127 -1 -1 -1 -1
-1 -1 -1 127 127 127 -1 -1 -1 -1
-1 -1 -1 127 127 127 -1 -1 -1 -1
-1 -1 -1 127 127 127 -1 -1 -1 -1 -1
-1 -1 -1 127 127 127 -1 -1 -1
-1 -1 -1 127 127 127 -1 -1
-1 -1 -1 127 127 127 -1 -1 -1 -1 -1
-1 -1 -1 127 127 127 -1 -1 -1 -1 -1 -1
-1 -1 -1 127 127 127 -1 -1 -1 -1
-1 -1 -1 127 127 127 -1 -1 -1 -1
-1 -1 -1 21 21 21 -1 -1
-1 -1 -1 21 21 21 -1
-1 -1 -1 21 21 21 -1 -1
-1 -1 -1 21 21 21 -1 -1 -1
-1 -1 -1 21 21 21 -1 -1 -1 -1
-1 -1 -1 21 21 21 -1 -1 -1
-1 -1 -1 21 21 21 -1 -1 -1
-1 -1 -1 21 21 21 -1
-1 -1 -1 21 21 21 -1 -1
-1 -1 -1 21 21 21 -1 -1 -1
-1 -1 -1 21 21 21 -1
-1 -1 -1 21 21 21 -1
-1 -1 -1 21 21 21 -1
-1 -1 -1 21 21 21 -1
-1 -1 -1 21 21 21 -1
-1 -1 -1 21 21 21 -1 -1 -1
-1 -1 -1 21 21 21 -1 -1 -1
-1 -1 -1 21 21 21 -1 -1
-1 -1 -1 21 21 21 -1 -1 -1
-1 -1 -1 21 21 21 -1 -1
-1 -1 -1 21 21 21 -1 -1 -1 -1
-1 -1 -1 21 21 21 -1 -1
-1 -1 -1 21 21 21 -1 -1 -1
-1 -1 -1 21 21 21 -1 -1 -1 -1
-1 -1 -1 21 21 21 -1 -1 -1
-1 -1 -1 21 21 21 -1 -1 -1
-1 -1 -1 21 21 21 -1 -1 -1
-1 -1 -1 21 21 21 -1 -1 -1
-1 -1 -1 21 21 21 -1 -1
-1 -1 -1 21 21 21 -1 -1 -1 -1 -1
-1 -1 -1 21 21 21 -1 -1 -1
-1 -1 -1 21 21 21 -1 -1
-1 -1 -1 21 21 21 -1 -1 -1
-1 -1 -1 21 21 21 -1 -1
-1 -1 -1 21 21 21 -1 -1 -1 -1
-1 -1 -1 21 21 21 -1 -1 -1
-1 -1 -1 21 21 21 -1 -1
-1 -1 -1 21 21 21 -1 -1
-1 -1 -1 21 21 21 -1 -1 -1 -1
-1 -1 -1 21 21 21 -1 -1
-1 -1 -1 21 21 21 -1 -1 -1
-1 -1 -1 28 28 28 -1 -1
-1 -1 -1 28 28 28 -1 -1 -1 -1 -1 -1 -1
-1 -1 -1 28 28 28 -1 -1 -1 -1 -1
-1 -1 -1 28 28 28 -1 -1 -1 -1
-1 -1 -1 28 28 28 -1 -1 -1 -1 -1
-1 -1 -1 28 28 28 -1 -1 -1 -1 -1 -1
-1 -1 -1 28 28 28 -1 -1 -1 -1
-1 -1 -1 28 28 28 -1 -1 -1 -1 -1 -1
-1 -1 -1 28 28 28 -1 -1 -1 -1 -1 -1 -1
-1 -1 -1 28 28 28 -1 -1 -1 -1 -1 -1
-1 -1 -1 28 28 28 -1 -1 -1 -1 -1 -1
-1 -1 -1 28 28 28 -1 -1 -1 -1 -1 -1 -1
-1 -1 -1 28 28 28 -1 -1 -1 -1 -1
-1 -1 -1 28 28 28 -1 -1 -1 -1
-1 -1 -1 28 28 28 -1 -1 -1
-1 -1 -1 95 95 -1 -1 -1
-1 -1 -1 95 95 -1 -1 -1 -1
-1 -1 -1 95 95 -1 -1
-1 -1 -1 70 70 70 -1 -1 -1
-1 -1 -1 70 70 70 -1 -1 -1 -1 -1
-1 -1 -1 70 70 70 -1 -1 -1 -1 -1 -1 -1 -1
-1 -1 -1 109 109 -1 -1 -1
-1 -1 -1 127 127 -1 -1 -1 -1
-1 -1 -1 127 127 -1 -1 -1 -1 -1
-1 -1 -1 127 127 -1 -1 -1 -1
-1 -1 -1 127 127 -1 -1 -1 -1 -1
-1 -1 -1 127 127 -1 -1 -1 -1 -1
-1 -1 -1 127 127 -1 -1 -1 -1
-1 -1 -1 21 21 -1 -1 -1
-1 -1 -1 21 21 -1 -1 -1
-1 -1 -1 21 21 -1 -1 -1
-1 -1 -1 16 16 -1 -1 -1
-1 -1 58 58 -1 -1 -1 -1
-1 -1 58 58 -1 -1 -1 -1 -1 -1
-1 -1 58 58 -1 -1
-1 -1 58 58 -1 -1
-1 -1 58 58 -1 -1 -1 -1
-1 -1 58 58 -1 -1 -1
-1 -1 58 58 -1 -1 -1 -1 -1 -1
-1 -1 58 58 -1 -1 -1
-1 -1 58 58 -1
-1 -1 128 260 -1 -1
-1 -1 -1 -1 -1 -1 -1 -1
-1 -1 79 79 -1 -1
-1 -1 -1 -1 -1 -1
-1 -1 -1 -1 -1 -1 -1 -1
-1 -1 -1 -1 -1 -1
-1 -1 -1 -1 -1 -1 -1 -1
-1 -1 -1 -1 -1 -1 -1 -1 -1
-1 -1 -1 -1 -1 -1 -1 -1
-1 -1 -1 -1 -1 -1 -1 -1 -1
-1 -1 -1 -1 -1 -1 -1 -1 -1
-1 -1 -1 -1 -1 -1 -1 -1 -1
-1 -1 -1 -1
-1 -1 -1 -1 -1 -1
-1 -1 -1 -1 -1 -1 -1
-1 -1 -1 -1 -1 -1 -1
-1 -1 -1 -1 -1 -1
-1 -1 -1 -1 -1 -1
-1 -1 -1 -1 -1 -1
-1 -1 -1 -1 -1 -1
-1 -1 -1 -1 -1 -1 -1 -1 -1
-1 -1 -1 -1 -1 -1 -1
-1 -1 -1 -1 -1 -1 -1
-1 -1 -1 -1 -1 -1 -1
-1 -1 -1 -1 -1 -1
-1 -1 -1 -1 -1 -1 -1 -1
-1 -1 -1 -1 -1
-1 -1 47 -1
-1 -1 47 -1 -1
-1 -1 47 -1 -1 -1 -1 -1
-1 -1 -1 -1 -1
-1 -1 -1 -1 -1 -1
-1 -1 -1 -1 -1 -1
-1 -1 -1 -1 -1 -1
-1 -1 -1 -1
-1 -1 -1 -1
-1 -1 -1 -1 -1
-1 -1 -1 -1 -1 -1
-1 -1 -1 -1 -1 -1
-1 -1 -1 -1 -1
-1 -1 -1 -1 -1 -1
-1 -1 -1 -1 -1 -1 -1
-1 -1 -1 -1 -1 -1
-1 -1 -1 -1 -1 -1 -1
-1 -1 -1 -1 -1 -1 -1 -1
-1 -1 -1 -1 -1 -1 -1 -1
-1 -1 -1 -1 -1 -1 -1
-1 -1 -1 -1 -1 -1 -1
-1 -1 -1 -1 -1 -1 -1 -1 -1
-1 -1 -1 -1 -1
-1 -1 55 55 -1 -1 -1
-1 -1 55 55 -1 -1 -1 -1 -1
-1 -1 128 128 128 -1 -1 -1
-1 -1 128 128 128 -1 -1 -1 -1 -1
-1 -1 -1 -1 -1 -1 -1 -1 -1
-1 -1 -1 -1 -1 -1
-1 -1 -1 -1 -1 -1 -1 -1 -1
-1 -1 -1 -1 -1
-1 -1 -1 -1 -1
-1 -1 -1 -1 -1 -1 -1
-1 -1 -1 -1 -1 -1
-1 -1 53 -1 -1 -1 -1 -1
-1 -1 53 -1 -1 -1 -1 -1 -1
-1 -1 53 -1 -1 -1 -1 -1
-1 -1 53 -1 -1 -1 -1 -1
-1 -1 53 -1 -1 -1 -1 -1
-1 -1 53 -1 -1 -1 -1
-1 -1 -1 -1
-1 -1 -1 -1 -1 -1
-1 -1 9 9 -1 -1
-1 -1 9 9 -1
-1 -1 9 9 -1 -1
-1 -1 9 9 -1
-1 -1 9 9 -1
-1 -1 9 9 -1
-1 -1 9 9 -1
-1 -1 9 9 -1
-1 -1 9 9 -1 -1 -1 -1
-1 -1 9 9 -1 -1 -1 -1
-1 -1 9 9 -1 -1 -1 -1
-1 -1 9 9 -1 -1 -1 -1 -1 -1
-1 -1 9 9 -1 -1 -1 -1
-1 -1 9 9 -1 -1 -1 -1 -1
-1 -1 9 9 -1
-1 -1 9 9 -1
-1 -1 9 9 -1 -1 -1
-1 -1 9 9 -1
-1 -1 9 9 -1 -1 -1
-1 -1 9 9 -1
-1 -1 9 9 -1 -1
-1 -1 9 9 -1 -1 -1 -1
-1 -1 9 9 -1 -1 -1 -1 -1
-1 -1 9 9 -1
-1 -1 9 9 -1
-1 -1 9 9 -1
-1 -1 9 9 -1
-1 -1 9 9 -1 -1 -1
-1 -1 9 9 -1 -1 -1 -1 -1
-1 -1 9 9 -1 -1
-1 -1 9 9 -1 -1
-1 -1 9 9 -1
-1 -1 9 9 -1 -1
-1 -1 9 9 -1
-1 -1 9 9 -1 -1 -1 -1 -1
-1 -1 9 9 -1
-1 -1 9 9 -1
-1 -1 9 9 -1
-1 -1 9 9 -1 -1
-1 -1 9 9 -1
-1 -1 9 9 -1
-1 -1 9 9 -1 -1 -1 -1 -1
-1 -1 9 9 -1 -1 -1 -1 -1
-1 -1 9 9 -1 -1 -1
-1 -1 9 9 -1 -1 -1 -1
-1 -1 9 9 -1 -1 -1 -1 -1
-1 -1 9 9 -1 -1
-1 -1 9 9 -1 -1
-1 -1 -1 -1 -1 -1 -1 -1 -1
-1 -1 -1 -1 -1 -1
-1 -1 -1 -1 -1 -1 -1
-1 -1 -1 -1 -1 -1
-1 -1 -1 -1 -1 -1 -1
-1 -1 -1 -1 -1 -1 -1
-1 -1 -1 -1 -1 -1
-1 -1 -1 -1 -1 -1 -1
-1 -1 -1 -1 -1 -1 -1 -1 -1
-1 -1 -1 104 104 -1 -1 -1 -1
-1 -1 -1 104 104 -1 -1 -1 -1
-1 -1 -1 104 104 -1 -1 -1 -1
-1 -1 -1 104 104 -1 -1 -1 -1 -1
-1 -1 -1 52 52 52 52 52 -1 -1 -1
-1 -1 -1 52 52 52 52 52 -1 -1 -1
-1 -1 -1 -1 -1 -1 -1 -1 -1 -1 -1
-1 -1 -1 -1 -1 -1 -1 -1 -1 -1 -1
-1 -1 -1 43 43 43 43 43 -1 -1 -1
-1 -1 -1 43 43 43 43 43 -1 -1 -1
-1 -1 -1 -1 -1 -1 -1 -1 -1 -1 -1
-1 -1 -1 -1 -1 -1 -1 -1 -1 -1 -1 -1
-1 -1 -1 128 222
-1 -1 -1 128 149
-1 -1 -1 128 -1 -1 -1
-1 -1 -1 128 -1 -1 -1 -1 -1
-1 -1 -1 128 -1
-1 -1 -1 128 170
-1 -1 -1 128 -1
-1 -1 -1 128 -1 -1 -1 -1 -1 -1
-1 -1 -1 128 299 299 -1
-1 -1 -1 128 -1
-1 -1 -1 128 274 -1 -1
-1 -1 -1 128 220 -1 -1
-1 -1 -1 128 -1 -1 -1
-1 -1 -1 128 -1 -1 -1
-1 -1 -1 128 -1 -1 -1 -1
-1 -1 -1 128 -1 -1 -1
-1 -1 -1 128 -1 -1 -1 -1 -1 -1 -1
-1 -1 -1 128 -1 -1 -1 -1 -1 -1
-1 -1 -1 128 138 138 -1 -1
-1 -1 -1 128 335 335 335 -1
-1 -1 -1 128 -1 -1 -1 -1 -1 -1 -1
-1 -1 -1 128 272 272 272 272 -1 -1
-1 -1 -1 128 -1 -1
-1 -1 -1 128 296 296
-1 -1 -1 128 -1 -1 -1 -1 -1
-1 -1 -1 128 295 295 295 -1
-1 -1 -1 128 -1 -1
-1 -1 -1 128 237 -1 -1
-1 -1 -1 128 210 210 210 -1
-1 -1 -1 88 88 281 281 281 281
-1 -1 -1 88 88 88 281 281 281 281
-1 -1 -1 122 122 -1 -1 -1
-1 -1 -1 122 122 122 122 122 122 -1 -1 -1 -1
-1 -1 -1 88 88 281 281 281 281
-1 -1 -1 -1 -1 -1 -1 -1 -1
-1 -1 -1 57 57 57 -1 -1
-1 -1 -1 57 57 57 -1 -1 -1 -1
-1 -1 -1 57 57 57 -1 -1
-1 -1 -1 57 57 57 -1 -1 -1
-1 -1 -1 57 57 57 57 -1 -1 -1
-1 -1 -1 57 57 57 57 -1 -1 -1
-1 -1 -1 -1 -1 -1 -1
-1 -1 -1 -1 -1 -1 -1 -1
-1 -1 -1 75 75 -1 -1
-1 -1 -1 75 75 -1 -1 -1 -1 -1
-1 -1 -1 75 75 -1 -1 -1 -1 -1
-1 -1 -1 75 75 -1 -1
-1 -1 -1 75 75 -1 -1 -1 -1
-1 -1 -1 75 75 -1
-1 -1 -1 75 75 -1 -1 -1
-1 -1 -1 75 75 -1 -1
-1 -1 -1 75 75 -1 -1 -1 -1 -1
-1 -1 -1 75 75 -1 -1 -1 -1 -1 -1
-1 -1 -1 75 75 -1 -1 -1
-1 -1 -1 75 75 269 269 269 269
-1 -1 -1 75 75 269 269 269 269
-1 -1 -1 75 75 297 297
-1 -1 -1 75 75 75 75 -1 -1 -1 -1
-1 -1 -1 75 75 75 75 -1 -1 -1 -1 -1
-1 -1 -1 75 75 75 75 -1 -1 -1 -1 -1
-1 -1 -1 75 75 75 75 -1 -1 -1 -1 -1 -1
-1 -1 -1 75 75 75 75 211 211 211 -1
-1 -1 -1 128 -1 -1 -1 -1
-1 -1 -1 128 -1 -1 -1 -1
-1 -1 -1 128 260 -1 -1 -1
-1 -1 -1 -1 -1 -1 -1 -1
-1 -1 -1 87 87 -1 -1 -1 -1
-1 -1 -1 87 87 -1 -1 -1 -1
-1 -1 -1 87 87 -1 -1
-1 -1 -1 87 87 -1 -1 -1 -1
-1 -1 -1 87 87 -1 -1 -1 -1
-1 -1 -1 87 87 -1 -1 -1 -1 -1 -1
-1 -1 -1 87 87 -1 -1 -1
-1 -1 -1 87 87 -1 -1 -1 -1 -1
-1 -1 -1 74 -1 -1 -1
-1 -1 -1 74 -1 -1 -1 -1 -1
-1 -1 -1 74 -1 -1
-1 -1 -1 74 -1 -1 -1
-1 -1 -1 74 -1 -1 -1 -1 -1
-1 -1 -1 74 -1 -1 -1 -1
-1 -1 -1 74 -1 -1 -1 -1 -1 -1
-1 -1 -1 74 -1 -1
-1 -1 -1 74 -1 -1 -1 -1 -1 -1 -1
-1 -1 -1 74 -1 -1 -1 -1 -1
-1 -1 -1 74 -1 -1 -1
-1 -1 -1 74 -1 -1 -1 -1 -1 -1 -1
-1 -1 -1 74 -1 -1 -1
-1 -1 -1 74 -1 -1 -1
-1 -1 -1 74 -1 -1
-1 -1 -1 74 -1 -1 -1 -1
-1 -1 -1 74 74 -1 -1 -1 -1 -1
-1 -1 -1 74 74 -1 -1 -1 -1
-1 -1 -1 74 74 -1 -1 -1 -1 -1
-1 -1 -1 74 74 -1 -1 -1 -1 -1
-1 -1 -1 74 74 -1 -1
-1 -1 -1 74 74 -1 -1
-1 -1 -1 74 74 -1 -1 -1
-1 -1 -1 74 74 -1 -1 -1
-1 -1 -1 74 74 -1 -1
-1 -1 -1 -1 -1 -1 -1 -1
-1 -1 -1 -1 -1 -1 -1 -1
-1 -1 -1 -1 -1 -1 -1 -1 -1
-1 -1 -1 -1 -1 -1 -1 -1
-1 -1 -1 -1 -1 -1
-1 -1 -1 87 -1
-1 -1 -1 87 -1 -1 -1
-1 -1 -1 87 -1 -1
-1 -1 -1 87 -1 -1 -1
-1 -1 -1 87 -1 -1 -1 -1
-1 -1 -1 87 -1 -1 -1
-1 -1 -1 87 -1 -1 -1
-1 -1 -1 87 -1 -1 -1 -1 -1
-1 -1 -1 87 -1 -1 -1 -1
-1 -1 -1 87 -1 -1 -1
-1 -1 -1 87 -1 -1 -1 -1
-1 -1 -1 87 -1 -1 -1
-1 -1 -1 87 -1 -1 -1
-1 -1 -1 87 -1 -1 -1
-1 -1 -1 87 -1 -1 -1
-1 -1 -1 87 -1 -1 -1
-1 -1 -1 87 -1 -1 -1
-1 -1 -1 87 -1 -1 -1
-1 -1 -1 87 -1 -1 -1
-1 -1 -1 87 -1 -1 -1 -1 -1 -1 -1
-1 -1 -1 87 -1 -1 -1 -1 -1
-1 -1 -1 87 -1 -1 -1 -1
-1 -1 -1 87 -1 -1 -1 -1 -1 -1 -1
-1 -1 -1 87 -1 -1 -1 -1 -1 -1
-1 -1 -1 87 -1 -1 -1 -1 -1
-1 -1 -1 87 -1 -1 -1 -1 -1
-1 -1 -1 87 -1 -1 -1 -1 -1 -1
-1 -1 -1 87 -1 -1 -1
-1 -1 -1 87 -1 -1 -1 -1 -1 -1
-1 -1 -1 87 -1 -1 -1 -1 -1 -1 -1
-1 -1 -1 87 -1 -1 -1 -1 -1 -1
-1 -1 -1 87 -1 -1 -1 -1 -1
-1 -1 -1 87 -1 -1 -1 -1 -1 -1
-1 -1 -1 87 -1 -1 -1 -1
-1 -1 -1 87 -1 -1
-1 -1 -1 87 -1 -1
-1 -1 -1 87 -1 -1 -1
-1 -1 -1 87 -1 -1 -1
-1 -1 -1 87 -1 -1 -1
-1 -1 -1 87 -1 -1 -1 -1
-1 -1 -1 87 -1 -1
-1 -1 -1 87 -1 -1 -1
-1 -1 -1 87 -1 -1 -1
-1 -1 -1 87 -1 -1 -1 -1
-1 -1 -1 87 -1 -1 -1 -1 -1 -1
-1 -1 -1 87 -1 -1 -1
-1 -1 -1 87 -1 -1 -1 -1
-1 -1 -1 87 -1 -1 -1 -1
-1 -1 -1 87 -1 -1 -1 -1
-1 -1 -1 87 -1 -1 -1 -1 -1 -1 -1 -1
-1 -1 -1 87 -1 -1 -1 -1
-1 -1 -1 87 -1 -1 -1 -1
-1 -1 -1 87 -1 -1
-1 -1 -1 87 -1 -1 -1
-1 -1 -1 87 -1 -1 -1
-1 -1 -1 -1 -1 -1 -1 -1
-1 -1 -1 -1 -1 -1 -1 -1 -1
-1 -1 -1 -1 -1 -1 -1
-1 -1 -1 -1 -1 -1 -1 -1
-1 -1 -1 -1 -1 -1 -1 -1 -1
-1 -1 -1 -1 -1 -1 -1
-1 -1 -1 -1 -1 -1 -1
-1 -1 -1 -1 -1 -1 -1
-1 -1 -1 -1 -1
-1 -1 -1 -1 -1 -1 -1 -1
-1 -1 -1 -1 -1 -1
-1 -1 -1 -1 -1 -1 -1 -1
-1 -1 -1 -1 -1 -1 -1 -1 -1 -1
-1 -1 -1 -1 -1 -1 -1 -1 -1
-1 -1 -1 -1 -1 -1
-1 -1 -1 -1 -1 -1 -1 -1
-1 -1 -1 -1 -1 -1
-1 -1 -1 -1 -1 -1 -1 -1
-1 -1 -1 -1 -1 -1
-1 -1 -1 -1 -1 -1 -1
-1 -1 -1 -1 -1 -1 -1
-1 -1 -1 -1 -1
-1 -1 -1 -1 -1 -1 -1 -1
-1 -1 14 14 171
-1 -1 -1 -1 -1 -1 -1 -1 -1
-1 -1 -1 -1 -1 -1
-1 -1 -1 -1 -1
-1 -1 -1 -1 -1 -1
-1 -1 -1 -1 -1 -1
-1 -1 -1 -1 -1 -1
-1 -1 -1 -1 -1 -1 -1 -1
-1 -1 -1 -1 -1 -1 -1 -1
-1 -1 -1 -1 -1
-1 -1 -1 -1 -1 -1 -1 -1 -1
-1 -1 -1 -1 -1 -1 -1
-1 -1 -1 -1 -1 -1 -1 -1 -1
-1 -1 -1 -1 -1 -1 -1 -1
-1 -1 -1 -1 -1 -1 -1
-1 -1 -1 -1 -1 -1 -1 -1
-1 -1 -1 -1 -1 -1 -1 -1
-1 -1 -1 -1 -1 -1
-1 -1 -1 -1 -1 -1 -1 -1
-1 -1 -1 -1 -1 -1 -1 -1
-1 -1 -1 -1 -1 -1 -1
-1 -1 -1 -1 -1 -1 -1
-1 -1 -1 -1 -1 -1 -1
-1 -1 -1 -1 -1 -1 -1
-1 -1 -1 -1 -1 -1 -1
-1 -1 -1 -1 -1 -1 -1
-1 -1 -1 -1 -1 -1 -1
-1 -1 -1 -1 -1 -1 -1
-1 -1 -1 -1 -1 -1 -1
-1 -1 -1 -1 -1 -1 -1
-1 -1 -1 -1 -1 -1 -1 -1 -1 -1
-1 -1 -1 -1 -1 -1 -1 -1 -1
-1 -1 -1 -1 -1 -1 -1 -1
-1 -1 -1 -1 -1 -1 -1 -1
-1 -1 -1 -1 -1 -1 -1 -1
-1 -1 -1 -1 -1 -1 -1 -1
-1 -1 -1 -1 -1 -1 -1 -1 -1
-1 -1 -1 -1 -1 -1 -1 -1 -1 -1 -1
-1 -1 -1 -1 -1 -1 -1 -1 -1 -1
-1 -1 -1 -1 -1 -1 -1
-1 -1 -1 -1 -1 -1 -1 -1 -1 -1
-1 -1 -1 -1 -1 -1 -1 -1 -1
-1 -1 -1 -1 -1 -1
-1 -1 -1 -1 -1 -1 -1 -1 -1
-1 -1 -1 -1 -1
-1 -1 -1 -1 -1 -1 -1 -1 -1 -1
-1 -1 -1 -1 -1 -1 -1 -1 -1
-1 -1 -1 -1 -1 -1 -1 -1 -1
-1 -1 -1 -1 -1 -1
-1 -1 -1 -1 -1 -1 -1
-1 -1 -1 -1 -1 -1 -1
-1 -1 -1 -1 -1 -1 -1 -1
-1 -1 -1 -1 -1 -1 -1
-1 -1 -1 -1 -1 -1 -1
-1 -1 -1 -1 -1 -1 -1 -1 -1
-1 -1 -1 -1 -1 -1 -1
-1 -1 -1 -1 -1 -1 -1 -1
-1 -1 -1 -1 -1 -1 -1
-1 -1 38 38 -1 -1 -1
-1 -1 38 38 -1 -1 -1 -1 -1 -1
-1 -1 38 38 -1 -1 -1 -1 -1 -1
-1 -1 38 38 -1 -1 -1 -1 -1 -1
-1 -1 38 38 -1 -1 -1 -1 -1
-1 -1 38 38 -1 -1 -1
-1 -1 38 38 -1 -1 -1 -1 -1 -1 -1
-1 -1 38 38 38 -1 -1 -1
-1 -1 38 38 38 -1 -1 -1 -1 -1 -1
-1 -1 38 38 38 -1 -1 -1 -1 -1 -1
-1 -1 38 38 38 -1 -1 -1 -1 -1 -1
-1 -1 38 38 38 -1 -1 -1 -1 -1
-1 -1 38 38 38 -1 -1 -1 -1 -1 -1 -1
-1 -1 -1 -1 -1 -1
-1 -1 -1 118 -1
-1 -1 -1 118 -1 -1 -1 -1
-1 -1 -1 118 -1 -1 -1 -1 -1 -1
-1 -1 -1 118 -1 -1 -1 -1 -1 -1
-1 -1 -1 118 -1
-1 -1 -1 118 -1 -1 -1 -1
-1 -1 -1 118 -1 -1 -1 -1 -1
-1 -1 -1 118 -1 -1 -1 -1 -1
-1 -1 -1 118 -1 -1 -1 -1
-1 -1 -1 118 118 -1 -1 -1 -1
-1 -1 -1 -1 -1 -1
-1 -1 -1 -1 -1 -1
-1 -1 -1 -1 -1
-1 -1 -1 -1
-1 -1 -1 -1 -1
-1 -1 -1 -1
-1 -1 -1 -1 -1
-1 -1 -1 -1 -1
-1 -1 -1
-1 -1
-1 -1 -1 -1 -1
-1 -1 -1 -1
-1 -1 -1 -1
-1 -1
-1 -1 -1 -1
-1 -1 -1 -1
-1 -1 -1 -1 -1 -1
-1 -1 -1 -1 -1
-1 -1
-1 -1
-1 -1 -1 -1
-1 -1 -1 -1
-1 35 35 -1
-1 35 35 -1
-1 35 35 -1
-1 35 35 -1
-1 35 35 -1
-1 35 35 -1
-1 35 35 -1
-1 35 35 -1
-1 35 35 -1
-1 35 35 -1
-1 35 35 -1
-1 35 35 -1
-1 35 35 -1
-1 35 35 -1
-1 35 35 -1
-1 35 35 -1
-1 35 35 -1
-1 35 35 -1
-1 35 35 -1
-1 35 35 -1
-1 35 35 -1
-1 35 35 -1
-1 35 35 -1
-1 35 35 -1
-1 35 35 -1
-1 35 35 -1
-1 35 35 -1
-1 35 35 -1
-1 35 35 -1
-1 35 35 236
-1 -1 -1 -1 -1 -1
-1 -1 -1 -1 -1 -1
-1 -1 -1 -1 -1
-1 -1 -1 -1 -1 -1
-1 32 32 32 -1 -1
-1 32 32 32 -1 -1 -1
-1 32 32 32 -1 -1 -1 -1
-1 32 32 32 -1 -1 -1
-1 32 32 32 -1 -1 -1
-1 32 32 32 -1
-1 32 32 32 -1
-1 32 32 32 -1
-1 32 32 32 -1
-1 32 32 32 -1
-1 32 32 32 -1
-1 -1 -1 -1 -1
-1 -1 -1 -1 -1
-1 114 -1 -1
-1 -1 -1 -1 -1 -1
-1 -1 -1
-1 -1 -1 -1
-1 -1 -1 -1 -1 -1
-1 -1 -1 -1 -1
-1 -1 -1 -1
-1 -1 -1 -1
-1 -1 -1 -1
-1 -1 -1 -1 -1
-1 -1 -1
-1 -1 -1 -1
-1 -1 -1 -1
-1 -1 -1 -1
-1 -1 -1 -1
-1 -1 -1 -1 -1
-1 -1 -1 -1 -1 -1
-1 -1 -1 -1 -1
-1 -1 -1 -1 -1
-1 -1 -1 -1 -1
-1 -1 -1 -1 -1
-1 -1 -1 -1
-1 -1 -1 -1
-1 -1 -1 -1 -1 -1
-1 -1 -1 -1 -1 -1 -1 -1
-1 -1 -1 -1 -1
-1 -1 -1 -1 -1
-1 -1 -1 -1 -1 -1 -1 -1
-1 -1 -1 -1
-1 -1 -1 -1
-1 -1 -1 -1 -1
-1 30 30 -1
-1 30 30 273 -1
-1 30 30 166 166
-1 30 30 273 -1
-1 30 30 166 166
-1 -1 -1 -1
-1 -1 -1 -1 -1
-1 -1 -1 -1
-1 -1 -1 -1
-1 -1 -1 -1
-1 -1 -1 -1
-1 -1 -1 -1
-1 -1 -1 -1
-1 -1 -1 -1 -1 -1 -1
-1 -1 -1 -1 -1
-1 -1 -1 -1 -1 -1 -1
-1 -1 -1 -1 -1 -1 -1
-1 -1 -1 -1 -1 -1 -1
-1 -1 -1 -1 -1
-1 -1 -1 -1 -1
-1 -1 -1 -1 -1
-1 -1 -1 -1 -1
-1 -1 -1 -1 -1
-1 -1 -1 -1
-1 -1 -1
-1 -1 -1
-1 -1 -1 -1
-1 -1 -1 -1
-1 -1 -1 -1 -1 -1 -1
-1 -1 -1 -1
-1 -1 -1 -1
-1 -1 -1 -1
-1 -1 -1 -1 -1 -1
-1 -1 -1 -1
-1 -1 -1 -1 -1 -1
-1 -1 -1 -1
-1 -1 -1 -1
-1 -1 -1 -1
-1 -1 -1
-1 -1 -1 -1
-1 -1 -1 -1
-1 -1 -1 -1 -1
-1 -1 -1 -1 -1 -1 -1
-1 -1 -1 -1 -1
-1 -1 -1 -1
-1 -1 -1 -1 -1 -1
-1 -1 -1 -1 -1
-1 -1 -1 -1
-1 56 56 -1 -1 -1 -1 -1 -1
-1 -1 -1 -1
-1 -1 -1 -1
-1 -1 -1
-1 -1 -1
-1 -1 -1 -1
-1 -1 -1
-1 -1 -1 -1
-1 -1 -1 -1 -1 -1
-1 -1 -1 -1 -1 -1
-1 -1 -1 -1 -1 -1
-1 -1 -1 -1 -1 -1
-1 -1 -1 -1 -1 -1
-1 -1 -1 -1 -1 -1 -1
-1 -1 -1 -1
-1 -1 -1 -1 -1
-1 -1 -1 -1
-1 -1 -1 -1
-1 -1 -1 -1 -1
-1 -1 -1 -1 -1
-1 -1 -1 -1
-1 -1 -1
-1 -1 -1 -1
-1 116 -1 -1 -1 -1
-1 116 -1 -1 -1 -1 -1 -1
-1 116 -1 -1 -1 -1
-1 116 -1 -1 -1 -1
-1 116 -1 -1 -1 -1 -1 -1
-1 -1 -1 -1 -1
-1 -1 -1 -1 -1 -1
-1 -1 -1 -1
-1 -1 -1
-1 -1 -1 -1
-1 -1 -1 -1 -1
-1 -1 -1 -1
-1 -1 -1 -1 -1 -1
-1 -1 -1 -1
-1 -1 -1 -1
-1 -1 -1 -1 -1 -1
-1 115 115 -1 -1 -1 -1 -1 -1
-1 115 115 -1 -1
-1 115 115 -1 -1 -1 -1
-1 115 115 -1 -1 -1
-1 115 115 -1 -1 -1 -1 -1
-1 115 115 -1 -1 -1
-1 115 115 -1 -1 -1
-1 115 115 -1 -1 -1
-1 -1 -1 -1 -1 -1
-1 -1 -1 -1 -1 -1 -1
-1 -1 -1 -1 -1
-1 -1 -1 -1
-1 -1 -1 -1 -1 -1
-1 -1 -1 -1 -1 -1
-1 -1 -1 -1 -1
-1 -1 -1 -1 -1
-1 -1 -1 -1 -1
-1 -1 -1 -1 -1 -1
-1 -1 -1 -1 -1 -1 -1
-1 -1 -1 -1 -1 -1 -1
-1 -1 -1 -1 -1 -1 -1
-1 -1 -1 -1 -1 -1
-1 -1 -1 -1 -1 -1
-1 -1 -1 -1 -1 -1
-1 -1 -1 -1 -1 -1
-1 -1 -1 -1 -1 -1 -1
-1 -1 -1 -1 -1 -1 -1 -1
-1 -1 -1 -1 -1 -1 -1
-1 -1 -1 -1 -1 -1 -1 -1
-1 -1 -1 -1 -1 -1 -1 -1
-1 -1 -1 -1 -1 -1 -1
-1 -1 -1 -1 -1
-1 -1 -1 -1
-1 -1 -1 -1 -1 -1 -1 -1
-1 -1 -1 -1
-1 -1 -1 -1
-1 -1 -1 -1
-1 -1 -1 -1
-1 -1 -1 -1 -1 -1
-1 -1 -1
-1 -1 -1
-1 -1 -1
-1 -1 -1 -1 -1
-1 116 116 -1
-1 116 116 -1
-1 -1 -1 -1
-1 116 116 116 263 -1
-1 -1 -1 -1
-1 -1 -1 -1
-1 29 29 -1 -1 -1 -1
-1 29 29 -1 -1 -1 -1
-1 -1 -1 -1 -1 -1
-1 -1 -1 -1 -1 -1 -1 -1
-1 -1 -1 -1
-1 -1 -1
-1 -1 -1
-1 -1 -1 -1
-1 -1 -1 -1 -1 -1
-1 -1 -1
-1 -1
-1 -1 -1 -1 -1
-1 -1 -1 -1 -1 -1
-1 -1 -1 -1
-1 -1 -1 -1 -1 -1
-1 -1 -1 -1 -1
-1 -1 -1 -1 -1 -1 -1 -1
-1 -1 -1 -1 -1 -1 -1 -1 -1
-1 -1 -1 -1 -1 -1 -1
-1 -1 -1 -1 -1 -1 -1 -1
-1 -1 -1 -1 -1 -1 -1
-1 -1 -1 -1 -1 -1 -1
-1 -1 -1 -1 -1 -1
-1 -1 -1 -1 -1
-1 -1 -1 -1 -1 -1
-1 -1 -1 -1
-1 -1 -1 -1
-1 -1 -1
-1 -1 -1 -1
-1 -1 -1 -1
-1 -1 -1 -1 -1
-1 -1 -1
-1 -1 -1 -1 -1 -1
-1 -1 -1 -1
-1 -1 -1 -1 -1
-1 -1 -1 -1 -1 -1
-1 -1 -1 -1 -1
-1 -1 -1 -1 -1 -1
-1 -1 -1 -1
-1 -1 -1 -1 -1 -1 -1 -1
-1 -1 -1 -1 -1 -1 -1 -1
-1 -1 -1 -1 -1 -1 -1 -1
-1 -1 -1 -1 -1 -1 -1
-1 -1 -1 -1
-1 -1 -1 -1 -1 -1
-1 -1 -1 -1 -1
-1 -1 -1 -1 -1
-1 -1 -1 -1 -1 -1 -1 -1 -1 -1
-1 -1 -1 -1 -1 -1
-1 -1 -1 -1 -1 -1 -1
-1 -1 -1 -1 -1
-1 -1 -1 -1 -1
-1 -1 -1 -1 -1 -1 -1 -1
-1 -1 -1 -1 -1 -1 -1
-1 32 32 -1 -1 -1 -1 -1
-1 32 32 -1
-1 32 32 -1 -1
-1 -1 -1 -1 -1 -1
-1 -1 -1 -1 -1
-1 -1 -1 -1 -1
-1 -1 -1 -1
-1 -1 -1 -1 -1 -1 -1 -1 -1
-1 -1 -1 -1 -1
-1 -1 -1 -1 -1 -1 -1 -1 -1
-1 -1 -1 -1 -1 -1 -1
-1 -1 -1 -1 -1 -1
-1 -1 -1 -1
-1 -1 -1 -1
-1 -1 -1 -1 -1
-1 -1 -1 -1 -1 -1 -1
-1 -1 -1 -1 -1 -1 -1
-1 -1 -1
-1 -1 -1 -1 -1 -1
-1 -1 -1 -1
-1 67 67 67 -1 -1
-1 67 67 67 -1 -1 -1 -1 -1 -1
-1 67 67 67 -1 -1 -1
-1 67 67 67 -1 -1 -1 -1 -1 -1
-1 67 67 67 -1 -1 -1
-1 67 67 67 -1 -1 -1
-1 67 67 -1
-1 14 -1 -1
-1 14 -1 -1 -1
-1 14 -1 -1 -1
-1 14 -1 -1 -1
-1 14 -1 -1 -1 -1
-1 14 -1 -1 -1 -1
-1 14 -1 -1 -1 -1 -1
-1 14 -1 -1 -1
-1 14 -1 -1 -1 -1 -1
-1 14 -1 -1 -1 -1 -1
-1 14 -1 -1 -1 -1 -1
-1 14 -1 -1 -1 -1
-1 14 -1 -1 -1
-1 14 -1 -1 -1 -1
-1 14 -1 -1 -1
-1 14 -1 -1
-1 14 -1 -1 -1 -1
-1 14 -1 -1 -1 -1
-1 83 83 -1 -1 -1 -1
-1 83 83 -1 -1 -1
-1 83 83 -1 -1 -1 -1
-1 83 83 -1 -1 -1 -1
-1 83 83 -1
