-1 17 17 -1 -1 -1
-1 17 17 -1 -1 -1 -1 -1
-1 17 17 -1 -1
-1 17 17 -1 -1 -1
-1 17 17 -1 -1
-1 -1 -1 -1 -1
-1 -1 -1 -1 -1
-1 -1 -1 -1
-1 -1 -1 -1 -1 -1 -1
-1 -1 -1 -1 -1 -1 -1 -1
-1 -1 -1 -1 -1 -1 -1 -1 -1 -1
-1 -1 -1 -1 -1 -1 -1
-1 26 26 -1 -1 -1 -1
-1 26 26 -1
-1 26 26 99 -1 -1
-1 26 26 -1 -1 -1
-1 26 26 64 64 -1 -1
-1 26 26 36 36 -1 -1 -1
-1 26 26 -1 -1 -1 -1 -1
-1 26 26 -1 -1 -1 -1
-1 26 26 135
-1 26 26 47 -1
-1 -1 -1 -1
-1 26 26 -1 -1 -1
-1 26 26 64 64 -1 -1
-1 26 26 36 36 -1 -1 -1
-1 26 26 -1 -1 -1
-1 26 26 -1 -1 -1 -1
-1 26 26 -1 -1 -1 -1 -1
-1 26 26 99 -1 -1
-1 26 26 -1 -1 -1 -1 -1
-1 26 26 -1 -1 -1 -1
-1 26 26 -1 -1 -1 -1 -1
-1 -1 -1 -1
-1 -1 -1 -1 -1
-1 -1 -1 -1 -1 -1
-1 26 -1
-1 26 -1 -1 -1
-1 26 -1 -1 -1 -1
-1 26 -1 -1 -1
-1 26 -1 -1 -1
-1 26 64 64 -1 -1
-1 26 36 36 -1 -1 -1
-1 26 101 101 101
-1 26 142 142
-1 26 135
-1 26 -1 -1 -1 -1
-1 26 -1 -1 -1 -1 -1
-1 26 47 -1
-1 26 70 70
-1 26 131 131 131
-1 26 -1 -1 -1 -1
-1 26 -1 -1 -1 -1
-1 26 26 26 64 64 -1 -1
-1 26 26 26 36 36 -1 -1 -1
-1 26 26 26 99 -1 -1
-1 26 26 26 -1 -1 -1
-1 26 26 26 -1 -1
-1 26 26 26 -1 -1 -1
-1 26 26 26 -1 -1 -1 -1
-1 26 26 26 -1 -1 -1 -1 -1
-1 26 26 26 -1 -1 -1 -1 -1
-1 26 26 26 -1 -1 -1 -1 -1 -1
-1 26 26 26 -1 -1 -1 -1 -1
-1 26 26 26 -1 -1 -1 -1 -1
-1 26 26 26 -1 -1 -1 -1 -1 -1
-1 26 26 26 -1 -1 -1 -1 -1
-1 26 26 26 -1 -1 -1 -1 -1
-1 26 26 26 -1 -1 -1 -1
-1 26 26 26 -1 -1 -1 -1 -1
-1 26 26 26 -1 -1 -1 -1 -1
-1 26 26 26 135
-1 26 26 26 47 -1
-1 26 26 122 -1 -1
-1 26 26 52
-1 26 26 74 74 74
-1 26 26 -1 -1 -1
-1 26 26 -1 -1 -1 -1 -1
-1 26 26 99 -1 -1
-1 26 26 -1 -1 -1 -1 -1 -1 -1
-1 26 26 -1 -1 -1 -1
-1 26 26 -1 -1 -1 -1 -1
-1 26 26 36 36 -1 -1 -1
-1 26 26 -1 -1 -1
-1 26 26 -1 -1 -1 -1
-1 26 26 -1 -1 -1 -1 -1
-1 -1 -1
-1 -1 -1 -1
-1 -1 -1 -1
-1 -1 -1 -1
-1 -1 -1 -1 -1 -1
-1 26 -1 -1 -1
-1 26 -1 -1 -1 -1
-1 26 -1 -1 -1
-1 26 -1 -1 -1 -1 -1 -1
-1 26 -1 -1 -1 -1 -1
-1 26 -1 -1 -1 -1
-1 26 -1 -1 -1
-1 26 -1 -1 -1
-1 26 64 64 -1 -1
-1 26 36 36 -1 -1 -1
-1 26 -1 -1 -1
-1 26 -1 -1 -1 -1
-1 26 -1 -1 -1 -1 -1
-1 26 135
-1 26 47 -1
-1 26 70 70
-1 26 131 131 131
-1 26 -1 -1 -1 -1
-1 26 -1 -1 -1 -1
-1 28 28 123 -1 -1 -1 -1
-1 28 28 147
-1 28 28 84 84
-1 28 28 100 -1 -1 -1
-1 28 28 128 -1
-1 28 28 109 109 109
-1 28 28 89 89 89 89 -1
-1 28 28 103 103
-1 28 28 82 82 82 -1 -1 -1
-1 28 28 65 65 -1 -1
-1 28 28 37 37 -1 -1 -1
-1 28 28 46 -1
-1 28 28 134
-1 28 28 132 132 132
-1 28 28 50 50 50 -1
-1 28 28 68 68 -1
-1 28 28 56 -1 -1 -1
-1 28 28 55 55 -1 -1 -1
-1 28 28 58 -1
-1 28 28 141 141
-1 28 28 87 87
-1 28 28 104 104 -1 -1 -1 -1
-1 28 28 43 43 -1 -1 -1 -1
-1 28 28 81 81 -1 -1
-1 28 28 150 150 150
-1 28 28 41 41 41
-1 28 28 77 77 77
-1 28 28 39 39 -1
-1 28 28 85 85 85 85 -1
-1 28 28 138 138 138 138 -1
-1 28 28 88 88 -1
-1 28 28 69 69 69 -1 -1
-1 28 28 78 78 78 78 78 -1 -1
-1 28 28 63 63 63
-1 26 26 -1 -1 -1
-1 26 26 70 70
-1 26 26 47 -1
-1 26 26 135
-1 26 26 -1 -1 -1
-1 26 26 64 64 -1 -1
-1 26 26 36 36 -1 -1 -1
-1 26 26 -1 -1 -1
-1 26 26 -1 -1 -1
-1 26 26 -1 -1
-1 26 26 -1 -1 -1 -1
-1 26 26 -1 -1 -1 -1
-1 26 26 54 54 -1 -1 -1
-1 26 26 99 -1 -1
-1 26 26 76 76 76
-1 26 26 40 40 40
-1 26 26 149 149 149
-1 26 26 86 86
-1 26 26 140 140
-1 26 26 -1 -1 -1 -1 -1
-1 26 26 -1
-1 26 26 -1 -1 -1
-1 26 26 64 64 -1 -1
-1 26 26 36 36 -1 -1 -1
-1 26 26 -1 -1 -1
-1 26 26 -1 -1 -1 -1
-1 26 26 -1 -1 -1 -1 -1
-1 26 26 99 -1 -1
-1 26 26 -1 -1 -1 -1 -1
-1 26 26 -1 -1 -1 -1 -1
-1 26 26 26 -1 -1 -1 -1
-1 -1 -1 -1 -1 -1 -1
-1 -1 -1 -1 -1 -1 -1
-1 -1 -1 -1 -1 -1 -1 -1
-1 -1 -1 -1 -1 -1 -1
-1 -1 -1 -1 -1
-1 -1 -1 -1 -1 -1 -1
-1 -1 -1 -1 -1 -1 -1
-1 -1 -1 -1 -1
-1 21 21 49 -1
-1 21 21 133 133 133
-1 21 21 71 71
-1 21 21 108 108 108 -1
-1 21 21 33 33 33 -1
-1 21 21 67 -1
-1 21 21 97 -1 -1 -1
-1 21 21 42 42
-1 21 21 -1 -1 -1
-1 21 21 -1 -1 -1
-1 21 21 94
-1 21 21 144 144
-1 21 21 57 57 -1 -1
-1 21 21 -1 -1 -1 -1 -1 -1
-1 21 21 45 45 45 45 45
-1 21 21 -1 -1 -1 -1 -1
-1 21 21 130 130 130 130 -1 -1 -1
-1 21 21 129 129 129
-1 21 21 146 146 146
-1 21 21 139 139 139 139 139 -1 -1
-1 21 21 59 59 59 -1
-1 21 21 -1 -1 -1 -1 -1 -1
-1 21 21 51 51 51 51 -1 -1 -1
-1 21 21 -1 -1 -1 -1 -1
-1 21 21 119 -1 -1 -1 -1
-1 21 21 133 133 133
-1 21 21 71 71
-1 21 21 137
-1 21 21 49 -1
-1 21 21 67 -1
-1 21 21 108 108 108 -1
-1 21 21 33 33 33 -1
-1 21 21 -1 -1 -1 -1
-1 21 21 -1 -1 -1
-1 21 21 -1 -1 -1 -1
-1 21 21 94
-1 21 21 -1 -1
-1 21 21 90 90
-1 21 21 -1 -1 -1 -1 -1 -1 -1 -1
-1 21 21 -1 -1 -1
-1 21 21 -1 -1 -1 -1
-1 21 21 -1 -1 -1 -1 -1
-1 21 21 -1 -1
-1 21 21 -1 -1 -1 -1 -1
-1 21 21 -1 -1 -1 -1 -1
-1 21 21 139 139 139 139 139 -1 -1
-1 21 21 146 146 146
-1 21 21 -1 -1 -1 -1
-1 21 21 -1 -1 -1 -1 -1 -1 -1
-1 21 21 -1 -1 -1 -1 -1 -1
-1 21 21 -1 -1 -1 -1 -1 -1
-1 21 21 129 129 129
-1 21 21 -1 -1 -1
-1 21 21 130 130 130 130 -1 -1 -1
-1 21 21 -1 -1 -1 -1 -1 -1 -1
-1 21 21 -1 -1 -1 -1
-1 21 21 -1 -1
-1 21 21 -1 -1 -1
-1 21 21 -1 -1 -1
-1 21 21 -1 -1
-1 21 21 -1 -1 -1 -1 -1
-1 21 21 -1 -1 -1 -1
-1 21 21 -1 -1 -1 -1 -1 -1
-1 21 21 45 45 45 45 45
-1 21 21 -1 -1 -1
-1 21 21 -1 -1 -1 -1
-1 21 21 42 42
-1 21 21 -1 -1 -1 -1
-1 21 21 -1 -1 -1 -1 -1
-1 21 21 -1 -1
-1 21 21 -1 -1 -1 -1
-1 21 21 -1 -1 -1
-1 21 21 -1 -1 -1 -1
-1 21 21 97 -1 -1 -1
-1 21 21 -1 -1 -1 -1
-1 21 21 -1 -1 -1
-1 21 21 61 61 61 -1
-1 21 21 -1 -1 -1 -1 -1 -1 -1 -1
-1 21 21 57 57 -1 -1
-1 21 21 -1 -1 -1 -1 -1 -1
-1 21 21 144 144
-1 21 21 -1 -1 -1 -1 -1 -1
-1 21 21 -1 -1 -1 -1 -1
-1 21 21 -1 -1 -1 -1 -1 -1 -1
-1 21 21 51 51 51 51 -1 -1 -1
-1 21 21 -1 -1 -1 -1 -1 -1 -1
-1 21 21 -1 -1 -1 -1 -1 -1
-1 21 21 -1 -1 -1 -1 -1 -1 -1 -1
-1 21 21 -1 -1 -1 -1 -1 -1 -1 -1 -1
-1 21 21 -1 -1 -1 -1
-1 21 21 -1 -1 -1
-1 21 21 59 59 59 -1
-1 -1 -1 -1 -1 -1
-1 -1 -1 -1
-1 -1 -1 -1 -1 -1 -1
-1 -1 -1 -1 -1 -1 -1
-1 -1 -1 -1 -1 -1
-1 -1 -1 -1 -1
-1 -1 -1
-1 -1 -1 -1 -1 -1 -1
-1 -1 -1 -1 -1
-1 -1 -1 -1 -1
-1 -1 -1 -1 -1
-1 -1 -1 -1
-1 -1 -1 -1 -1 -1 -1
-1 -1 -1 -1 -1
-1 -1 -1 -1 -1
-1 -1 -1 -1 -1 -1 -1
-1 -1 -1 -1 -1 -1
-1 -1 -1 -1 -1 -1 -1
-1 -1 -1 -1 -1 -1 -1 -1
-1 -1 -1 -1 -1 -1 -1
-1 -1 -1 -1 -1 -1
-1 -1 -1 -1 -1 -1
-1 -1 -1 -1 -1 -1
-1 -1 -1 -1 -1 -1
-1 -1 -1 -1 -1 -1 -1 -1 -1
-1 -1 -1 -1 -1 -1 -1
-1 -1 -1 -1 -1 -1 -1
-1 -1 -1 -1 -1 -1
-1 -1 -1 -1 -1 -1
-1 -1 -1 -1
-1 -1 -1 -1 -1 -1
-1 -1 -1 -1 -1 -1 -1
-1 -1 -1 -1 -1
-1 -1 -1 -1 -1
-1 -1 -1 -1 -1 -1 -1 -1
-1 -1 -1
-1 -1 -1 -1
-1 -1 -1 -1 -1 -1 -1 -1
-1 -1 -1 -1 -1 -1
-1 -1 -1 -1 -1 -1
-1 -1 -1 -1 -1 -1
-1 -1 -1 -1 -1 -1
-1 -1 -1 -1 -1 -1
-1 -1 -1 -1 -1 -1 -1
-1 -1 -1 -1 -1 -1
-1 -1 -1 -1 -1 -1 -1
-1 -1 -1 -1 -1 -1
-1 -1 -1 -1 -1 -1 -1
-1 -1 -1 -1 -1 -1 -1 -1 -1 -1
-1 -1 -1 -1 -1 -1 -1 -1 -1 -1 -1
-1 -1 -1 -1 -1 -1 -1
-1 -1 -1 -1 -1 -1 -1 -1
-1 -1 -1 -1 -1 -1
-1 -1 -1 -1 -1 -1 -1
-1 -1 -1 -1 -1 -1
-1 -1 -1 -1 -1 -1 -1
-1 -1 -1 -1 -1 -1 -1
-1 -1 -1 -1 -1 -1 -1 -1
-1 -1 -1 -1 -1 -1
-1 -1 -1 -1 -1 -1 -1
-1 -1 -1 -1 -1 -1
-1 -1 -1 -1 -1 -1 -1
-1 -1 -1 -1 -1 -1 -1
-1 -1 -1 -1 -1 -1 -1 -1
-1 -1 -1 -1 -1 -1
-1 -1 -1 -1 -1 -1 -1
-1 -1 -1 -1 -1 -1
-1 -1 -1 -1 -1 -1 -1
-1 -1 -1 -1 -1 -1 -1 -1
-1 -1 -1 -1 -1 -1 -1 -1 -1
-1 -1 -1 -1 -1 -1 -1 -1
-1 -1 -1 -1 -1 -1 -1 -1 -1
-1 -1 -1 -1 -1 -1 -1 -1
-1 -1 -1 -1 -1 -1 -1 -1 -1
-1 -1 -1 -1 -1 -1 -1 -1 -1
-1 -1 -1 -1 -1 -1 -1 -1 -1 -1
-1 -1 -1 -1 -1 -1 -1
-1 -1 -1 -1 -1 -1 -1 -1
-1 -1 -1 -1 -1 -1 -1 -1 -1
-1 -1 -1 -1 -1 -1 -1 -1 -1 -1
-1 -1 -1 -1 -1 -1 -1
-1 -1 -1 -1 -1 -1 -1
-1 -1 -1 -1 -1 -1 -1 -1
-1 -1 -1 -1 -1 -1 -1 -1
-1 -1 -1 -1 -1 -1 -1 -1
-1 -1 -1 -1 -1 -1 -1 -1
-1 -1 -1 -1 -1 -1 -1 -1 -1
-1 -1 -1 -1 -1 -1 -1 -1 -1
-1 -1 -1 -1 -1 -1 -1
-1 -1 -1 -1 -1 -1 -1
-1 -1 -1 -1 -1 -1 -1
-1 -1 -1 -1 -1 -1 -1
-1 -1 -1 -1 -1 -1 -1 -1
-1 -1 -1 -1 -1 -1 -1
-1 -1 -1 -1 -1
-1 -1 -1 -1 -1 -1
-1 -1 -1 -1 -1 -1 -1
-1 -1 -1 -1 -1 -1 -1
-1 -1 -1 -1 -1 -1 -1
-1 -1 -1 -1 -1 -1 -1 -1
-1 -1 -1 -1 -1 -1 -1 -1
-1 -1 -1 -1 -1 -1 -1 -1
-1 -1 -1 -1 -1 -1
-1 -1 -1 -1 -1 -1 -1
-1 -1 -1 -1 -1 -1 -1 -1 -1
-1 -1 -1 -1 -1 -1 -1 -1 -1
-1 -1 -1 -1 -1 -1 -1 -1 -1 -1
-1 -1 -1 -1 -1 -1 -1
-1 -1 -1 -1 -1 -1 -1
-1 -1 -1 -1 -1 -1 -1 -1 -1
-1 -1 -1 -1 -1 -1 -1 -1 -1 -1
-1 -1 -1 -1 -1 -1
-1 -1 -1 -1 -1 -1 -1
-1 -1 -1 -1 -1 -1 -1
-1 -1 -1 -1 -1 -1
-1 -1 -1 -1 -1 -1
-1 -1 -1 -1 -1 -1 -1 -1 -1 -1
-1 -1 -1 -1 -1 -1
-1 -1 -1 -1 -1 -1 -1
-1 -1 -1 -1 -1 -1 -1
-1 -1 -1 -1 -1 -1 -1
-1 -1 -1 -1 -1 -1
-1 -1 -1 -1 -1 -1
-1 -1 -1 -1 -1 -1 -1 -1
-1 -1 -1 -1 -1 -1 -1 -1
-1 -1 -1 -1 -1 -1
-1 -1 -1 -1 -1 -1 -1
-1 -1 -1 -1 -1 -1 -1
-1 -1 -1 -1 -1
-1 -1 -1 -1 -1
-1 -1 -1 -1 -1
-1 -1 -1 -1 -1 -1 -1 -1
-1 -1 -1 -1 -1 -1 -1
-1 -1 -1 -1 -1 -1 -1
-1 22 22 120 -1 -1 -1 -1
-1 22 22 98 -1 -1 -1
-1 22 22 62 62 62 -1
-1 -1 -1 -1 -1 -1
-1 -1 -1 -1 -1 -1 -1
-1 -1 -1 -1 -1 -1
-1 -1 -1 -1 -1
-1 -1 -1 -1 -1 -1 -1
-1 -1 -1 -1 -1 -1 -1
-1 -1 -1 -1 -1
-1 -1 -1 -1 -1 -1 -1
-1 -1 -1 -1 -1
-1 -1 -1 -1 -1 -1 -1
-1 -1 -1 -1 -1 -1
-1 -1 -1 -1 -1 -1 -1
-1 -1 -1 -1
-1 -1 -1 -1 -1 -1 -1
-1 -1 -1 -1
-1 -1 -1 -1 -1
-1 -1 -1 -1 -1 -1
-1 -1 -1 -1 -1 -1
-1 -1 -1 -1 -1 -1
-1 -1 -1 -1 -1 -1
-1 -1 -1 -1 -1 -1
-1 -1 -1 -1 -1 -1
-1 -1 -1 -1 -1 -1 -1
-1 -1 -1 -1 -1 -1
-1 -1 -1 -1 -1 -1 -1
-1 -1 -1 -1 -1 -1
-1 -1 -1 -1 -1 -1 -1
-1 -1 -1 -1 -1
-1 -1 -1 -1 -1
-1 -1 -1 -1 -1 -1 -1
-1 -1 -1 -1 -1
-1 -1 -1 -1 -1 -1 -1
-1 -1 -1 -1 -1 -1
-1 -1 -1 -1 -1 -1
-1 -1 -1 -1 -1
-1 -1 -1 -1 -1
-1 -1 -1 -1 -1
-1 -1 -1 -1 -1 -1 -1
-1 -1 -1 -1
-1 -1 -1 -1 -1
-1 -1 -1 -1
-1 -1 -1 -1
-1 -1 -1 -1 -1
-1 -1 -1 -1 -1 -1 -1
-1 -1 -1 -1 -1 -1 -1
-1 -1 -1 -1 -1 -1
-1 -1 -1 -1 -1 -1 -1
-1 -1 -1 -1 -1 -1 -1 -1
-1 -1 -1 -1 -1 -1 -1 -1 -1 -1
-1 -1 -1 -1 -1 -1 -1 -1
-1 -1 -1 -1 -1 -1 -1
-1 -1 -1 -1 -1 -1 -1
-1 -1 -1 -1 -1 -1 -1
-1 -1 -1 -1 -1
-1 -1 -1 -1 -1
-1 -1 -1 -1 -1
-1 -1 -1 -1 -1 -1 -1
-1 -1 -1 -1 -1 -1 -1
-1 -1 -1 -1 -1
-1 -1 -1 -1 -1 -1 -1
-1 -1 -1 -1 -1 -1
-1 -1 -1 -1 -1 -1 -1 -1
-1 -1 -1 -1 -1 -1 -1
-1 -1 -1 -1 -1 -1 -1 -1
-1 -1 -1 -1 -1 -1
-1 -1 -1 -1 -1 -1 -1 -1
-1 -1 -1 -1 -1 -1
-1 -1 -1 -1 -1
-1 -1 -1 -1 -1 -1 -1 -1 -1
-1 -1 -1 -1 -1 -1 -1
-1 -1 -1 -1 -1 -1 -1
-1 -1 -1 -1 -1 -1 -1
-1 -1 -1 -1 -1 -1 -1 -1 -1
-1 -1 -1 -1 -1 -1 -1
-1 -1 -1 -1 -1 -1 -1
-1 -1 -1 -1 -1 -1 -1 -1
-1 -1 -1 -1 -1 -1
-1 -1 -1 -1 -1 -1
-1 -1 -1 -1
-1 -1 -1 -1 -1
-1 6 6 6 113 -1 -1 -1 -1
-1 6 6 6 96 -1 -1
-1 -1 -1 -1 -1 -1 -1 -1
-1 -1 -1 -1 -1
-1 -1 -1 -1 -1 -1
-1 -1 -1 -1 -1 -1 -1
-1 -1 -1 -1 -1 -1
-1 -1 -1 -1
-1 -1 -1 -1 -1 -1 -1 -1 -1 -1
-1 -1 -1 -1 -1 -1 -1 -1 -1
-1 -1 -1 -1 -1 -1 -1 -1 -1 -1
-1 -1 -1 -1 -1 -1 -1 -1 -1 -1
-1 -1 -1 -1 -1 -1 -1 -1 -1
-1 -1 -1 -1 -1 -1 -1 -1 -1 -1
-1 -1 -1 -1 -1 -1 -1 -1 -1 -1
-1 -1 -1 -1 -1 -1 -1 -1 -1
-1 -1 -1 -1 -1 -1 -1 -1 -1
-1 -1 -1 -1 -1 -1 -1
-1 -1 -1 -1 -1 -1 -1
-1 -1 -1 -1 -1 -1
-1 -1 -1 -1 -1 -1
-1 -1 -1 -1 -1 -1 -1 -1
-1 -1 -1 -1 -1 -1
-1 -1 -1 -1 -1 -1
-1 -1 -1 -1 -1 -1
-1 -1 -1 -1 -1 -1
-1 -1 -1 -1 -1 -1
-1 -1 -1 -1 -1 -1 -1
-1 -1 -1 -1 -1 -1
-1 -1 -1 -1 -1 -1
-1 -1 -1 -1 -1 -1 -1
-1 -1 -1 -1 -1 -1
-1 -1 -1 -1 -1 -1 -1
-1 -1 -1 -1 -1 -1
-1 -1 -1 -1 -1 -1 -1
-1 -1 -1 -1 -1 -1 -1 -1
-1 -1 -1 -1 -1 -1 -1 -1 -1
-1 -1 -1 -1 -1 -1
-1 -1 -1 -1 -1 -1 -1
-1 -1 -1 -1 -1 -1
-1 -1 -1 -1 -1 -1 -1
-1 -1 -1 -1 -1 -1 -1
-1 -1 -1 -1 -1 -1 -1 -1
-1 -1 -1 -1 -1 -1
-1 -1 -1 -1 -1 -1 -1
-1 -1 -1 -1 -1 -1 -1 -1
-1 -1 -1 -1 -1 -1 -1 -1
-1 -1 -1 -1 -1
-1 -1 -1 -1 -1 -1
-1 -1 -1 -1 -1
-1 -1 -1 -1 -1
-1 -1 -1 -1 -1 -1
-1 -1 -1 -1 -1 -1
-1 -1 -1 -1 -1 -1 -1 -1
-1 -1 -1 -1 -1 -1 -1
-1 -1 -1 -1 -1 -1 -1 -1
-1 -1 -1 -1 -1 -1 -1
-1 -1 -1 -1 -1 -1 -1 -1 -1
-1 -1 -1 -1 -1 -1
-1 -1 -1 -1 -1
-1 -1 -1 -1 -1 -1 -1 -1
-1 -1 -1 -1 -1 -1 -1 -1
-1 -1 -1 -1 -1 -1 -1
-1 -1 -1 -1 -1 -1
-1 -1 -1 -1 -1 -1 -1 -1
-1 -1 -1 -1 -1
-1 -1 -1 -1
-1 -1 -1 -1 -1
-1 -1 -1 -1 -1 -1
-1 -1 11 11 11 -1
-1 -1 11 11 11 -1 -1 -1
-1 -1 11 11 11 -1 -1 -1 -1 -1 -1
-1 -1 11 11 11 -1 -1 -1 -1 -1 -1
-1 -1 11 11 11 -1 -1 -1 -1 -1
-1 -1 11 11 11 -1 -1 -1 -1 -1
-1 -1 11 11 11 -1 -1 -1 -1 -1 -1 -1 -1 -1
-1 -1 11 11 11 11 -1 -1 -1 -1 -1
-1 -1 11 11 11 11 -1 -1 -1 -1 -1
-1 -1 11 11 11 11 -1 -1 -1 -1 -1
-1 -1 11 11 11 11 -1 -1 -1 -1 -1
-1 -1 11 11 11 11 -1 -1 -1 -1 -1
-1 -1 11 11 11 11 -1 -1 -1 -1
-1 -1 11 11 11 11 -1 -1 -1 -1 -1 -1
-1 -1 11 11 11 11 -1 -1 -1 -1 -1 -1
-1 -1 11 11 11 11 -1 -1 -1 -1 -1 -1
-1 -1 11 11 11 11 -1 -1 -1 -1 -1 -1
-1 -1 11 11 11 11 -1 -1 -1 -1 -1 -1
-1 -1 11 11 11 11 -1 -1 -1 -1 -1 -1
-1 -1 11 11 11 11 -1 -1 -1 -1 -1 -1 -1 -1 -1
-1 -1 11 11 11 11 -1 -1 -1 -1 -1 -1 -1 -1
-1 -1 11 11 11 11 -1 -1 -1 -1
-1 -1 11 11 11 11 -1 -1 -1 -1 -1 -1 -1
-1 -1 11 11 11 11 -1 -1 -1 -1
-1 -1 11 11 11 11 -1 -1 -1 -1 -1 -1 -1 -1 -1
-1 -1 -1 -1 -1 -1 -1
-1 -1 -1 -1 -1 -1 -1
-1 -1 -1 -1 -1 -1 -1 -1 -1
-1 -1 -1 -1 -1 -1 -1 -1 -1
-1 -1 -1 -1 -1 -1 -1 -1
-1 -1 -1 -1 -1 -1 -1 -1
-1 -1 15 -1 -1 -1
-1 -1 15 -1 -1 -1 -1
-1 -1 15 15 -1 -1 -1
-1 -1 15 15 -1 -1 -1 -1
-1 -1 -1 -1 -1 -1
-1 -1 -1 -1 -1 -1
-1 -1 -1 -1 -1 -1 -1
-1 -1 -1 -1 -1 -1 -1 -1 -1
-1 -1 -1 -1 -1 -1 -1 -1 -1
-1 -1 -1 -1 -1 -1 -1 -1 -1
-1 -1 -1 -1 -1 -1 -1 -1 -1
-1 -1 -1
-1 -1 -1 -1 -1
-1 2 111 -1 -1
-1 2 -1 -1 -1 -1 -1
-1 2 95
-1 2 -1 -1 -1 -1
-1 2 -1 -1 -1 -1
-1 2 -1 -1 -1
-1 2 -1 -1 -1
-1 2 -1 -1 -1
-1 2 -1 -1
-1 2 -1 -1
-1 2 -1 -1
-1 2 -1
-1 2 -1 -1 -1 -1
-1 2 66 66 -1
-1 2 38 38 -1 -1
-1 2 -1 -1
-1 -1 -1
-1 -1 -1 -1
-1 -1 -1 -1 -1 -1 -1
-1 -1 -1 -1 -1 -1 -1 -1 -1 -1
-1 -1 -1 -1 -1 -1
-1 -1 -1 -1
-1 -1 -1 -1
-1 -1 -1 -1
-1 -1 -1 -1
-1 -1 -1
-1 -1 -1
-1 -1 -1 -1
-1 -1 -1 -1
-1 -1 -1 -1
-1 -1 -1
-1 -1 -1 -1 -1 -1 -1
-1 -1 -1 -1 -1
-1 -1 -1 -1 -1
-1 -1 -1 -1 -1 -1
-1 -1 -1 -1 -1
-1 -1 -1 -1 -1
-1 -1 -1 -1 -1 -1 -1 -1 -1
-1 -1 -1 -1 -1 -1 -1
-1 -1 -1 -1
-1 -1 -1 -1 -1 -1 -1
-1 -1 -1 -1
-1 -1 -1 -1 -1 -1 -1 -1 -1 -1
-1 29 29 29 29 106
-1 29 29 29 29 -1 -1
-1 29 29 29 29 124
-1 29 29 29 29 106
-1 29 29 29 29 -1 -1
-1 29 29 29 29 -1 -1 -1 -1
-1 29 29 29 124
-1 29 29 29 106
-1 29 29 29 -1 -1
-1 29 29 29 -1 -1 -1 -1
-1 29 29 29 29 124
-1 29 29 29 29 106
-1 29 29 29 29 -1 -1
-1 29 29 29 29 -1 -1 -1 -1
-1 -1 -1 -1 -1 -1
-1 -1 -1 -1 -1
-1 -1 -1 -1
-1 -1 -1 -1 -1 -1 -1 -1
-1 -1 -1 -1 -1 -1 -1 -1 -1 -1 -1
-1 -1 -1 -1 -1 -1 -1
-1 -1 -1 -1 -1 -1 -1 -1 -1 -1
-1 -1 -1 -1 -1
-1 -1 -1 -1 -1
-1 -1 -1 -1 -1 -1 -1 -1 -1
-1 -1 -1 -1 -1 -1 -1
-1 -1 -1 -1 -1 -1 -1 -1 -1
-1 -1 -1 -1 -1 -1 -1 -1 -1 -1 -1 -1 -1
-1 -1 -1 -1 -1 -1 -1 -1 -1 -1 -1 -1 -1
-1 -1 -1 -1 -1 -1 -1 -1 -1 -1 -1 -1 -1 -1
-1 -1 -1 -1 -1 -1 -1 -1 -1 -1 -1 -1 -1
-1 -1 -1 -1 -1 -1 -1 -1 -1 -1 -1 -1 -1 -1 -1
-1 -1 -1 -1 -1 -1 -1 -1 -1 -1 -1
-1 -1 -1 -1 -1 -1 -1
-1 -1 -1 -1 -1 -1 -1
-1 -1 -1 -1 -1 -1 -1 -1
-1 -1 -1 -1 -1 -1 -1 -1 -1 -1
-1 -1 -1 -1 -1 -1 -1 -1 -1 -1 -1
-1 -1 -1 -1 -1 -1 -1 -1 -1
-1 -1 -1 -1 -1 -1 -1
-1 -1 -1 -1 -1 -1 -1 -1
-1 -1 -1 -1 -1 -1 -1
-1 -1 -1 -1 -1 -1 -1 -1 -1
-1 -1 -1 -1 -1 -1 -1 -1
-1 -1 -1 -1 -1 -1 -1 -1
-1 -1 -1 -1 -1 -1 -1 -1 -1
-1 -1 -1 -1 -1 -1 -1
-1 -1 -1 -1 -1 -1 -1 -1 -1
-1 -1 -1 -1 -1 -1 -1
-1 -1 -1 -1 -1 -1 -1 -1 -1 -1
-1 -1 -1 -1 -1 -1 -1 -1 -1 -1 -1
-1 -1 -1 -1 -1 -1 -1
-1 -1 -1 -1 -1 -1 -1 -1 -1
-1 -1 -1 -1 -1 -1 -1 -1 -1 -1 -1 -1
-1 -1 -1 -1 -1 -1 -1 -1 -1 -1 -1 -1
-1 -1 -1 -1 -1 -1 -1 -1 -1 -1 -1 -1
-1 -1 -1 -1 -1 -1 -1 -1 -1 -1 -1 -1
-1 -1 -1 -1 -1 -1 -1
-1 -1 -1 -1 -1 -1 -1 -1 -1 -1 -1 -1 -1
-1 -1 -1 -1 -1 -1 -1 -1 -1
-1 -1 -1 -1 -1 -1 -1 -1 -1 -1
-1 -1 -1 -1 -1 -1 -1 -1 -1 -1 -1
-1 -1 -1 -1 -1 -1 -1 -1 -1 -1 -1 -1 -1
-1 -1 -1 -1 -1 -1 -1 -1 -1 -1 -1 -1
-1 -1 -1 -1 -1 -1 -1 -1 -1
-1 -1 -1 -1 -1 -1 -1
-1 -1 -1 -1 -1 -1 -1 -1 -1 -1 -1 -1
-1 -1 -1 -1 -1 -1 -1
-1 -1 -1 -1 -1 -1 -1 -1 -1
-1 -1 -1 -1 -1 -1 -1 -1 -1 -1 -1 -1
-1 -1 -1 -1 -1 -1 -1 -1 -1 -1 -1
-1 -1 -1 -1 -1 -1 -1 -1 -1 -1
-1 -1 -1 -1 -1 -1 -1 -1
-1 -1 -1 -1 -1 -1 -1 -1 -1 -1
-1 -1 -1 -1 -1 -1 -1 -1 -1
-1 -1 -1 -1 -1 -1 -1 -1 -1 -1 -1
-1 -1 -1 -1 -1 -1 -1 -1 -1 -1 -1
-1 -1 -1 -1 -1 -1 -1 -1 -1 -1
-1 -1 -1 -1 -1 -1 -1
-1 -1 -1 -1 -1 -1 -1
-1 -1 -1 -1 -1 -1 -1 -1 -1
-1 -1 18 18 18 -1 -1
-1 -1 18 18 18 -1 -1 -1 -1
-1 -1 18 18 18 118 -1
-1 -1 18 18 18 -1 -1 -1 -1
-1 -1 18 18 18 118
-1 -1 -1 -1 -1 -1 -1 -1 -1 -1
-1 -1 -1 -1 -1 -1 -1 -1 -1 -1
-1 -1 -1 -1 -1 -1 -1 -1 -1 -1
-1 -1 -1 -1 -1 -1 -1 -1 -1 -1
-1 -1 -1 -1 -1 -1 -1 -1 -1
-1 -1 -1 -1 -1 -1 -1 -1 -1
-1 -1 20 72 -1
-1 -1 20 143 143
-1 -1 20 102 102 102
-1 -1 20 -1 -1 -1 -1
-1 -1 20 -1 -1 -1 -1
-1 -1 20 -1 -1 -1
-1 -1 20 -1 -1
-1 -1 20 -1 -1 -1
-1 -1 20 -1 -1
-1 -1 20 -1 -1
-1 -1 20 -1 -1 -1
-1 -1 20 -1 -1 -1
-1 -1 20 -1 -1 -1
-1 -1 20 -1 -1
-1 -1 20 -1 -1 -1
-1 -1 20 -1 -1 -1
-1 -1 20 -1 -1 -1 -1 -1 -1
-1 -1 20 -1 -1 -1 -1
-1 -1 20 -1 -1 -1 -1 -1
-1 -1 20 -1 -1
-1 -1 20 -1 -1 -1
-1 -1 20 -1 -1
-1 -1 20 -1 -1 -1 -1
-1 -1 20 -1 -1 -1
-1 -1 20 -1 -1 -1 -1 -1
-1 -1 20 -1 -1 -1 -1 -1 -1
-1 -1 20 -1 -1 -1 -1 -1 -1
-1 -1 20 -1 -1 -1 -1 -1 -1
-1 -1 8 8 115 -1 -1
-1 -1 8 8 -1 -1 -1
-1 -1 8 8 -1 -1 -1
-1 -1 8 8 -1 -1 -1
-1 -1 8 8 -1 -1 -1 -1 -1
-1 -1 8 8 8 115 -1 -1
-1 -1 8 8 8 -1 -1 -1
-1 -1 8 8 8 -1 -1 -1 -1
-1 -1 8 8 8 -1 -1 -1 -1
-1 -1 -1 -1 -1 -1 -1
-1 -1 -1 -1 -1 -1
-1 -1 -1 -1 -1 -1 -1 -1
-1 -1 -1 -1 -1
-1 -1 -1 -1 -1
-1 -1 -1 -1 -1 -1 -1 -1 -1
-1 -1 -1 -1 -1 -1 -1 -1 -1
-1 -1 -1 -1 -1 -1
-1 -1 13 13 13 13 -1 -1 -1 -1
-1 -1 13 13 13 13 -1 -1 -1 -1
-1 -1 7 7 7 -1 -1 -1 -1 -1
-1 -1 7 7 7 -1
-1 -1 3 3 3 105
-1 -1 3 3 3 -1 -1 -1 -1 -1
-1 -1 3 3 3 -1 -1 -1
-1 -1 13 13 13 13 116 -1 -1
-1 -1 13 13 13 13 -1 -1 -1 -1
-1 -1 13 13 13 13 -1 -1 -1 -1
-1 -1 13 13 13 13 -1 -1 -1 -1 -1 -1
-1 -1 7 7 7 114 -1
-1 -1 7 7 7 -1 -1 -1 -1 -1
-1 -1 3 3 3 -1 -1 -1
-1 -1 3 3 3 -1 -1 -1 -1
-1 -1 3 3 3 105
-1 -1 3 3 3 -1 -1 -1 -1 -1
-1 -1 3 3 3 -1 -1 -1 -1 -1 -1
-1 -1 3 3 3 -1 -1
-1 -1 3 3 3 -1 -1 -1
-1 -1 -1 -1 -1 -1 -1 -1 -1
-1 -1 -1 -1 -1 -1 -1 -1 -1
-1 -1 -1 -1 -1 -1 -1 -1
-1 -1 -1 -1 -1 -1 -1 -1
-1 -1 -1 -1 -1 -1 -1 -1 -1 -1
-1 -1 -1 -1 -1 -1
-1 -1 -1 -1 -1 -1 -1 -1
-1 -1 -1 -1 -1 -1 -1 -1 -1
-1 -1 -1 -1 -1 -1 -1 -1 -1
-1 -1 -1 -1 -1 -1 -1 -1
-1 -1 -1 -1 -1 -1 -1 -1 -1 -1
-1 -1 -1 -1 -1 -1 -1 -1 -1 -1
-1 -1 -1 -1 -1 -1 -1
-1 -1 -1 -1 -1 -1 -1 -1
-1 -1 -1 -1 -1 -1 -1
-1 -1 -1 -1 -1 -1 -1
-1 -1 -1 -1 -1 -1 -1 -1 -1
-1 -1 -1 -1 -1 -1 -1 -1
-1 -1 -1 -1 -1 -1 -1 -1
-1 -1 -1 -1 -1 -1 -1
-1 -1 -1 -1 -1 -1 -1 -1
-1 -1 -1 -1 -1 -1
-1 -1 -1 -1 -1
-1 -1 -1 -1 -1 -1 -1
-1 -1 -1 -1 -1 -1 -1 -1 -1 -1
-1 -1 -1 -1 -1 -1 -1 -1 -1 -1 -1
-1 -1 -1 -1 -1 -1 -1
-1 -1 -1 -1 -1 -1 -1 -1
-1 -1 -1 -1 -1 -1 -1
-1 -1 -1 -1 -1 -1 -1 -1
-1 -1 -1 -1 -1 -1
-1 -1 -1 -1 -1 -1
-1 -1 -1 -1 -1
-1 -1 -1 -1 -1 -1 -1
-1 -1 -1
-1 -1 -1 -1 -1 -1
-1 -1 -1 -1 -1 -1 -1 -1
-1 -1 -1 -1 -1 -1 -1 -1 -1
-1 -1 -1 -1 -1 -1 -1 -1 -1
-1 -1 -1 -1 -1 -1 -1 -1
-1 -1 -1 -1 -1 -1 -1 -1
-1 -1 -1 -1 -1 -1 -1 -1
-1 -1 -1 -1 -1 -1
-1 -1 -1 -1 -1 -1
-1 -1 -1 -1 -1 -1 -1 -1
-1 -1 -1 -1 -1 -1 -1
-1 -1 -1 -1 -1 -1 -1
-1 -1 -1 -1 -1 -1 -1 -1
-1 -1 -1 -1 -1 -1 -1
-1 -1 -1 -1 -1 -1 -1 -1
-1 -1 -1 -1 -1 -1 -1 -1
-1 -1 -1 -1 -1
-1 -1 -1 -1 -1 -1
-1 -1 -1 -1 -1 -1 -1
-1 -1 20 20 102 102 102
-1 -1 20 20 143 143
-1 -1 20 20 -1 -1
-1 -1 20 20 -1 -1
-1 -1 20 20 -1 -1 -1 -1 -1
-1 -1 20 20 -1 -1 -1 -1
-1 -1 20 20 -1 -1 -1 -1 -1 -1
-1 -1 20 20 -1 -1 -1 -1 -1 -1
-1 -1 20 20 -1 -1 -1 -1 -1
-1 -1 20 20 72 -1
-1 -1 20 20 -1 -1 -1 -1 -1
-1 -1 20 20 -1 -1 -1 -1 -1
-1 -1 20 20 -1 -1
-1 -1 20 20 -1 -1 -1 -1 -1 -1 -1
-1 -1 20 20 -1 -1 -1 -1 -1 -1 -1
-1 -1 20 20 -1 -1 -1
-1 -1 20 20 -1 -1 -1 -1
-1 -1 20 20 -1 -1
-1 -1 20 20 -1 -1
-1 -1 20 20 -1 -1
-1 -1 20 20 -1 -1 -1
-1 -1 20 20 -1 -1 -1
-1 -1 20 20 -1 -1
-1 -1 20 20 -1 -1 -1 -1
-1 -1 20 20 -1 -1 -1
-1 -1 20 20 -1 -1 -1 -1 -1 -1
-1 -1 20 20 136
-1 -1 20 20 48 -1
-1 -1 20 20 -1 -1 -1 -1
-1 -1 20 20 -1 -1 -1 -1 -1
-1 -1 20 20 -1 -1 -1 -1 -1 -1 -1 -1
-1 -1 20 20 -1 -1 -1 -1 -1 -1
-1 -1 -1 -1 -1 -1 -1
-1 -1 -1 -1 -1 -1 -1
-1 -1 -1 -1 -1 -1 -1 -1 -1
-1 -1 -1 -1 -1 -1 -1 -1
-1 -1 -1 -1 -1 -1 -1 -1
-1 -1 -1 -1 -1 -1 -1
-1 -1 -1 -1 -1 -1 -1 -1
-1 -1 -1 -1 -1 -1 -1 -1
-1 -1 -1 -1 -1 -1 -1
-1 -1 -1 -1 -1 -1 -1 -1 -1
-1 -1 -1 -1 -1 -1 -1 -1
-1 -1 -1 -1 -1 -1 -1
-1 -1 -1 -1 -1 -1 -1 -1
-1 -1 -1 -1 -1
-1 -1 -1 -1 -1 -1
-1 -1 -1 -1 -1 -1 -1 -1 -1 -1 -1
-1 -1 -1 -1 -1 -1 -1 -1 -1 -1 -1
-1 -1 -1 -1 -1 -1 -1 -1 -1 -1 -1
-1 -1 -1 -1 -1 -1 -1 -1 -1 -1 -1
-1 -1 -1 -1 -1 -1 -1 -1 -1 -1 -1 -1
-1 -1 -1 -1 -1 -1 -1 -1 -1 -1 -1
-1 -1 -1 -1 -1 -1 -1 -1 -1
-1 -1 -1 -1 -1 -1 -1
-1 -1 -1 -1 -1 -1 -1 -1 -1 -1 -1 -1
-1 -1 -1 -1 -1 -1 -1 -1 -1 -1 -1
-1 -1 -1 -1 -1 -1 -1 -1 -1 -1 -1
-1 -1 -1 -1 -1 -1 -1 -1 -1 -1
-1 -1 -1 -1 -1 -1 -1 -1 -1 -1 -1
-1 -1 -1 -1 -1 -1 -1 -1 -1 -1 -1 -1
-1 -1 -1 -1 -1 -1 -1 -1 -1 -1 -1
-1 -1 -1 -1 -1 -1 -1 -1 -1 -1 -1
-1 -1 -1 -1 -1 -1 -1 -1 -1
-1 -1 -1 -1 -1 -1 -1 -1 -1 -1
-1 -1 -1 -1 -1 -1 -1 -1 -1 -1
-1 -1 -1 -1 -1 -1 -1 -1 -1 -1
-1 -1 -1 -1 -1 -1 -1 -1 -1 -1 -1
-1 -1 -1 -1 -1 -1 -1 -1 -1 -1 -1
-1 -1 -1 -1 -1 -1 -1
-1 -1 -1 -1 -1 -1 -1 -1
-1 -1 -1 -1 -1
-1 -1 -1 -1 -1
-1 -1 -1 -1 -1 -1 -1 -1
-1 -1 -1 -1 -1 -1
-1 -1 -1 -1 -1 -1 -1
-1 -1 -1 -1 -1 -1 -1
-1 -1 -1 -1 -1 -1
-1 -1 -1 -1 -1 -1 -1 -1
-1 -1 31 31 126 -1
-1 -1 31 31 44 44
-1 -1 31 31 -1
-1 -1 31 31 31 31 126 -1 -1
-1 -1 31 31 31 31 44 44
-1 -1 31 31 31 31 126 -1 -1 -1
-1 -1 31 31 31 31 44 44
-1 -1 31 31 31 31 126 -1 -1 -1
-1 -1 31 31 31 31 44 44
-1 -1 31 31 31 31 31 126 -1 -1 -1
-1 -1 31 31 31 31 31 44 44
-1 -1 -1 -1 -1 -1 -1 -1 -1
-1 -1 -1 -1 -1 -1 -1
-1 -1 -1 -1 -1 -1 -1 -1 -1 -1 -1
-1 -1 -1 -1 -1
-1 -1 30 30 125 -1
-1 -1 30 30 -1 -1 -1 -1 -1 -1
-1 -1 30 30 -1 -1
-1 -1 30 30 35 -1 -1 -1 -1
-1 -1 30 30 -1 -1 -1 -1
-1 -1 30 30 125 -1
-1 -1 30 30 -1 -1 -1 -1 -1
-1 -1 30 30 30 30 -1 -1 -1 -1 -1 -1
-1 -1 30 30 30 30 -1 -1
-1 -1 30 30 30 -1 -1 -1
-1 -1 30 30 30 -1 -1 -1
-1 -1 30 30 30 35 -1 -1 -1 -1
-1 -1 30 30 125 -1
-1 -1 -1 -1 -1 -1 -1 -1 -1 -1 -1 -1 -1 -1 -1 -1
-1 -1 -1 -1 -1 -1 -1
-1 -1 -1 -1 -1 -1 -1 -1 -1 -1 -1
-1 -1 -1 -1 -1 -1
-1 -1 -1 -1 -1
-1 -1 -1 -1 -1 -1 -1
-1 -1 -1 -1 -1
-1 -1 -1 -1 -1
-1 -1 -1 -1 -1 -1 -1
-1 -1 -1 -1 -1
-1 -1 -1 -1 -1
-1 -1 -1 -1 -1
-1 1 1 1 -1 -1 -1 -1 -1 -1
-1 1 1 1 -1 -1 -1 -1 -1 -1 -1 -1
-1 -1 -1 -1 -1 -1 -1 -1
-1 -1 -1 -1 -1 -1 -1 -1
-1 -1 -1 -1 -1 -1
-1 -1 -1 -1 -1 -1 -1
-1 -1 -1 -1 -1 -1 -1
-1 -1 -1 -1 -1
-1 -1 -1 -1 -1 -1 -1
-1 -1 -1 -1 -1 -1 -1
-1 -1 -1 -1 -1 -1
-1 -1 -1 -1 -1
-1 -1 -1
-1 -1 -1 -1 -1 -1 -1
-1 14 14 14 107
-1 14 14 14 53
-1 14 14 14 75 75 75 -1
-1 14 14 14 -1 -1 -1 -1
-1 14 14 14 -1 -1 -1 -1 -1
-1 14 14 14 -1 -1
-1 14 14 14 -1 -1 -1 -1
-1 14 14 14 -1 -1 -1 -1
-1 14 14 14 -1 -1 -1 -1
-1 14 14 14 91 91
-1 14 14 14 -1 -1
-1 14 14 14 -1 -1
-1 14 14 14 -1 -1 -1
-1 14 14 14 -1 -1
-1 14 14 14 -1 -1 -1
-1 14 14 14 -1 -1 -1
-1 14 14 14 -1 -1
-1 14 14 14 -1 -1 -1 -1
-1 14 14 14 -1 -1 -1 -1
-1 14 14 14 -1 -1 -1 -1
-1 14 14 14 -1 -1 -1 -1
-1 14 14 14 -1 -1 -1 -1
-1 14 14 14 -1
-1 14 14 14 -1
-1 14 14 14 -1 -1 -1 -1
-1 14 14 14 -1
-1 14 14 14 -1
-1 -1 -1 -1 -1 -1 -1 -1
-1 -1 -1 -1 -1 -1 -1
-1 -1 -1 -1 -1
-1 -1 -1 -1 -1 -1
-1 -1 -1 -1 -1 -1 -1 -1 -1
-1 14 14 14 107
-1 14 14 14 53
-1 14 14 14 75 75 75 -1
-1 14 14 14 -1 -1 -1 -1
-1 14 14 14 -1 -1 -1 -1 -1
-1 14 14 14 -1 -1 -1 -1 -1
-1 14 14 14 -1 -1 -1 -1
-1 14 14 14 -1 -1 -1 -1
-1 14 14 14 -1 -1 -1
-1 14 14 14 -1 -1 -1 -1
-1 14 14 14 -1 -1 -1 -1 -1
-1 14 14 14 -1 -1
-1 14 14 14 -1 -1 -1 -1
-1 14 14 14 -1 -1 -1 -1
-1 14 14 14 91 91
-1 14 14 14 -1 -1 -1 -1
-1 14 14 14 -1 -1 -1 -1
-1 14 14 14 -1 -1
-1 14 14 14 -1 -1
-1 14 14 14 -1 -1 -1
-1 14 14 14 -1 -1
-1 14 14 14 -1 -1 -1
-1 14 14 14 -1 -1 -1
-1 14 14 14 -1 -1
-1 14 14 14 -1 -1 -1 -1
-1 14 14 14 -1 -1 -1 -1
-1 14 14 14 -1 -1 -1 -1 -1
-1 14 14 14 -1 -1 -1 -1
-1 14 14 14 -1 -1 -1 -1
-1 14 14 14 -1 -1 -1
-1 14 14 14 -1
-1 23 23 23 92 92 -1
-1 -1 -1 -1 -1
-1 -1 -1 -1
-1 -1 -1
-1 -1 -1
-1 -1 -1 -1
-1 -1 -1 -1
-1 -1 -1 -1 -1
-1 -1 -1 -1
-1 14 14 117 -1 -1 -1 -1
-1 14 14 -1 -1 -1 -1 -1 -1
-1 14 14 107
-1 14 14 75 75 75
-1 14 14 -1 -1 -1 -1
-1 14 14 -1 -1 -1 -1
-1 14 14 -1 -1 -1 -1 -1
-1 14 14 -1 -1 -1 -1
-1 14 14 -1 -1 -1 -1
-1 14 14 -1 -1 -1 -1 -1
-1 14 14 -1 -1 -1 -1
-1 14 14 -1 -1 -1 -1 -1
-1 14 14 -1 -1 -1 -1
-1 14 14 -1 -1 -1
-1 14 14 -1 -1
-1 14 14 -1 -1
-1 14 14 -1 -1
-1 14 14 91 91
-1 14 14 -1 -1
-1 14 14 -1 -1 -1
-1 14 14 -1 -1
-1 14 14 -1 -1 -1
-1 14 14 -1 -1 -1
-1 14 14 -1
-1 -1 -1 -1 -1
-1 -1 -1 -1 -1
-1 -1 -1 -1
-1 -1 -1 -1
-1 -1 -1 -1
-1 -1 -1 -1
-1 -1 -1 -1
-1 -1 -1 -1 -1 -1
-1 -1 -1 -1 -1 -1 -1
-1 -1 -1 -1 -1 -1
-1 -1 -1 -1 -1 -1 -1 -1
-1 -1 -1 -1 -1
-1 -1 -1 -1 -1
-1 -1 -1 -1 -1
-1 -1 -1 -1 -1 -1
-1 -1 -1 -1 -1
-1 -1 -1 -1 -1 -1 -1 -1
-1 -1 -1 -1 -1 -1
-1 -1 -1 -1 -1 -1 -1
-1 -1 -1 -1 -1 -1 -1 -1 -1
-1 -1 -1 -1 -1 -1 -1 -1
-1 -1 -1 -1 -1 -1 -1 -1
-1 -1 -1 -1 -1 -1 -1 -1
-1 -1 -1 -1 -1 -1 -1
-1 -1 -1 -1 -1 -1 -1
-1 -1 -1 -1 -1 -1 -1
-1 -1 -1 -1 -1 -1 -1
-1 -1 -1 -1 -1 -1 -1 -1
-1 -1 -1 -1 -1 -1 -1 -1 -1
-1 -1 -1 -1 -1 -1 -1 -1 -1 -1
-1 -1 -1 -1 -1 -1 -1 -1 -1 -1
-1 -1 -1 -1 -1 -1 -1 -1 -1
-1 -1 -1 -1 -1 -1 -1 -1 -1
-1 -1 -1 -1 -1 -1
-1 -1 -1 -1 -1 -1
-1 -1 -1 -1 -1 -1 -1
-1 -1 -1 -1 -1 -1 -1
-1 -1 -1 -1 -1 -1 -1 -1
-1 -1 -1 -1 -1 -1 -1
-1 -1 -1 -1 -1 -1 -1 -1
-1 -1 -1 -1 -1 -1 -1
-1 -1 -1 -1 -1 -1 -1
-1 -1 -1 -1 -1 -1 -1
-1 -1 -1 -1 -1 -1
-1 -1 -1 -1 -1 -1
-1 -1 -1 -1 -1 -1
-1 -1 -1 -1 -1 -1 -1
-1 -1 -1 -1 -1 -1
-1 -1 -1 -1 -1 -1
-1 -1 -1 -1 -1 -1 -1
-1 -1 -1 -1 -1 -1 -1
-1 -1 -1 -1 -1 -1 -1
-1 -1 -1 -1 -1 -1 -1
-1 -1 10 -1
-1 -1 10 -1 -1
-1 -1 10 -1 -1 -1
-1 -1 10 -1 -1
-1 -1 16 16 -1 -1 -1 -1 -1
-1 -1 16 16 -1 -1
-1 -1 16 16 -1 -1 -1 -1
-1 -1 16 16 -1 -1 -1 -1
-1 -1 16 16 -1 -1 -1 -1 -1
-1 -1 16 16 -1 -1 -1 -1 -1
-1 -1 16 16 -1
-1 -1 16 16 -1 -1
-1 -1 16 16 16 -1
-1 -1 -1 -1 -1 -1 -1
-1 -1 -1 -1 -1 -1 -1 -1
-1 -1 -1 -1 -1 -1 -1 -1 -1
-1 -1 -1 -1 -1 -1 -1 -1 -1
-1 -1 -1 -1 -1 -1 -1 -1 -1
-1 -1 -1 -1 -1 -1 -1 -1
-1 -1 -1 -1 -1 -1 -1
-1 -1 -1 -1 -1 -1 -1
-1 -1 -1 -1 -1
-1 -1 -1 -1 -1
-1 -1 -1 -1
-1 -1 -1 -1
-1 -1 -1 -1 -1 -1 -1 -1
-1 -1 -1 -1 -1 -1
-1 -1 -1 -1 -1
-1 5 -1 -1 -1 -1
-1 5 -1 -1 -1 -1 -1 -1
-1 5 -1 -1 -1 -1 -1
-1 5 148 -1
-1 5 -1 -1 -1 -1
-1 5 -1 -1 -1 -1
-1 5 -1 -1 -1 -1 -1
-1 -1 -1 -1 -1 -1 -1 -1
-1 -1 -1 -1 -1 -1 -1 -1 -1
-1 -1 -1 -1 -1 -1 -1 -1
-1 -1 -1 -1 -1 -1 -1 -1
-1 -1 -1 -1 -1 -1 -1 -1
-1 5 -1 -1 -1 -1
-1 5 -1 -1 -1 -1
-1 5 -1 -1 -1 -1
-1 5 -1 -1 -1 -1
-1 5 -1 -1 -1 -1
-1 5 -1 -1 -1 -1
-1 5 -1 -1
-1 5 -1 -1 -1 -1 -1 -1
-1 5 -1 -1 -1 -1 -1
-1 5 -1 -1 -1 -1
-1 5 -1 -1 -1 -1 -1
-1 19 19 19 19 -1 -1 -1 -1
-1 19 19 19 19 -1 -1 -1 -1 -1 -1 -1
-1 -1
-1 -1 -1 -1 -1
-1 -1 -1 -1 -1 -1
-1 -1 -1 -1 -1
-1 -1 -1 -1 -1
-1 -1 -1 -1 -1
-1 -1 -1 -1 -1 -1
-1 -1 -1 -1
-1 -1 -1 -1 -1
-1 -1 -1 -1 -1
-1 -1 -1 -1 -1
-1 -1 -1 -1 -1 -1
-1 -1 -1 -1 -1
-1 -1 -1 -1 -1 -1
-1 -1 -1 -1 -1 -1
-1 -1 -1 -1 -1
-1 -1 -1 -1 -1 -1 -1 -1
-1 -1 -1 -1 -1
-1 -1 -1
-1 21 21 21 119 -1
-1 21 21 21 -1 -1 -1 -1
-1 -1 -1 -1 -1 -1 -1
-1 -1 -1 -1 -1 -1 -1
-1 -1
-1 -1 -1 -1 -1 -1 -1 -1
-1 -1 -1 -1 -1 -1 -1 -1
-1 -1 -1 -1 -1 -1 -1 -1 -1 -1
-1 -1 -1 -1 -1 -1 -1 -1
-1 -1 -1 -1 -1 -1 -1 -1 -1 -1
-1 -1 -1 -1 -1 -1 -1 -1 -1 -1 -1
-1 -1 -1 -1 -1 -1 -1 -1 -1
-1 -1 -1 -1 -1 -1 -1 -1 -1
-1 -1 -1 -1 -1
-1 -1 -1 -1 -1 -1
-1 -1 -1 -1 -1 -1 -1 -1
-1 -1 -1 -1 -1 -1 -1 -1 -1
-1 -1 -1 -1 -1 -1 -1 -1 -1
-1 -1 -1 -1 -1 -1 -1 -1
-1 -1 -1 -1 -1 -1 -1
-1 -1 -1 -1 -1 -1
-1 -1 -1 -1
-1 -1 -1 -1 -1 -1
-1 -1 -1 -1 -1 -1
-1 -1 -1
-1 -1 -1 -1
-1 -1 -1 -1 -1 -1 -1 -1
-1 -1 -1 -1 -1 -1 -1 -1 -1
-1 -1 -1 -1 -1 -1 -1 -1 -1
-1 -1 -1 -1
-1 -1 -1 -1
-1 -1 -1 -1 -1 -1 -1
-1 -1 -1 -1 -1 -1 -1
-1 -1 -1 -1 -1 -1
-1 -1 -1 -1 -1 -1 -1 -1
-1 -1 -1 -1 -1 -1
-1 -1 -1 -1 -1 -1 -1
-1 -1 -1 -1 -1 -1 -1 -1
-1 -1 -1 -1 -1 -1 -1 -1
-1 -1 -1 -1 -1 -1 -1 -1 -1 -1
-1 -1 -1 -1 -1 -1 -1 -1 -1 -1 -1 -1
-1 -1 -1 -1 -1 -1 -1 -1 -1 -1 -1 -1 -1
-1 -1 -1 -1 -1 -1 -1 -1 -1 -1 -1 -1
-1 -1 -1 -1 -1 -1 -1 -1 -1 -1 -1 -1 -1
-1 -1 -1 -1 -1
-1 -1 -1 -1
-1 -1 -1 -1 -1 -1 -1 -1
-1 0 0 -1 -1 -1
-1 0 0 -1 -1
-1 0 0 0 -1 -1 -1
-1 0 0 0 -1 -1 -1 -1 -1
-1 -1 -1 -1 -1 -1 -1 -1 -1 -1 -1 -1
-1 -1 -1 -1 -1 -1 -1 -1 -1
-1 -1 -1 -1
-1 -1 -1 -1 -1 -1
-1 -1 -1 -1
-1 -1 -1 -1 -1 -1
-1 -1 -1 -1 -1 -1 -1
-1 -1 -1 -1 -1 -1 -1
-1 -1 -1 -1 -1 -1 -1
-1 -1 -1 -1 -1 -1
-1 -1 -1 -1 -1 -1 -1
-1 -1 -1 -1 -1 -1 -1
-1 -1 -1 -1 -1 -1 -1
-1 -1 -1 -1 -1 -1 -1
-1 -1 -1 -1 -1 -1
-1 -1 -1 -1 -1 -1 -1 -1
-1 -1 -1 -1 -1 -1 -1
-1 -1 -1 -1 -1 -1
-1 -1 -1 -1 -1 -1
-1 -1 -1 -1 -1 -1 -1
-1 -1 -1 -1
-1 -1 -1
-1 -1 -1 -1 -1 -1 -1 -1 -1
-1 -1 -1 -1 -1 -1
-1 12 12 73
-1 12 12 -1 -1 -1 -1 -1 -1
-1 12 12 -1
-1 12 12 -1 -1 -1
-1 12 12 -1 -1 -1 -1
-1 12 12 -1 -1 -1
-1 12 12 -1 -1 -1 -1
-1 12 12 -1 -1 -1
-1 12 12 -1 -1 -1
-1 12 12 -1 -1
-1 12 12 -1 -1 -1
-1 12 12 -1 -1 -1 -1
-1 12 12 -1 -1 -1 -1 -1
-1 12 12 -1 -1 -1
-1 12 12 -1 -1 -1
-1 12 12 -1 -1 -1
-1 12 12 -1 -1 -1 -1
-1 12 12 -1 -1 -1
-1 12 12 -1 -1
-1 12 12 -1 -1
-1 12 12 -1 -1 -1 -1 -1
-1 12 12 -1 -1 -1
-1 -1 -1 -1 -1
-1 -1 -1 -1 -1 -1 -1 -1
-1 -1 -1 -1 -1 -1 -1
-1 -1 -1 -1 -1 -1 -1
-1 -1 -1 -1 -1 -1 -1
-1 -1 -1 -1 -1 -1 -1 -1 -1
-1 -1 -1 -1 -1 -1 -1
-1 -1 -1 -1 -1 -1 -1 -1 -1 -1 -1
-1 -1 -1 -1 -1 -1 -1
-1 -1 -1 -1 -1 -1 -1 -1 -1 -1
-1 -1 -1 -1 -1 -1 -1 -1 -1
-1 -1 -1 -1 -1 -1 -1
-1 -1 -1 -1 -1 -1 -1 -1 -1
-1 -1 -1 -1 -1 -1
-1 -1 -1 -1 -1 -1 -1
-1 -1 -1 -1 -1 -1 -1 -1 -1 -1
-1 -1 -1 -1 -1 -1 -1 -1
-1 -1 -1 -1 -1 -1 -1
-1 -1 -1 -1
-1 -1 -1 -1
-1 -1 -1 -1 -1 -1 -1 -1
-1 -1 -1 -1 -1 -1 -1
-1 -1 -1 -1 -1 -1
-1 -1 -1 -1 -1 -1
-1 -1 -1 -1 -1 -1 -1 -1 -1
-1 -1 -1 -1 -1 -1 -1
-1 -1 -1 -1 -1 -1 -1
-1 -1 -1 -1 -1 -1 -1 -1
-1 -1 -1 -1 -1 -1 -1 -1 -1
-1 -1 -1 -1 -1 -1
-1 -1 -1 -1 -1 -1
-1 -1 -1 -1 -1 -1 -1 -1 -1 -1
-1 -1 -1 -1 -1 -1 -1 -1 -1
-1 -1 -1 -1
-1 -1 -1 -1
-1 -1 -1 -1 -1 -1 -1
-1 -1 -1 -1 -1 -1
-1 -1 -1 -1 -1 -1
-1 -1 -1 -1 -1 -1
-1 -1 -1 -1 -1
-1 -1 -1 -1 -1 -1 -1 -1 -1
-1 -1 -1 -1 -1 -1 -1 -1 -1 -1 -1
-1 -1 -1 -1 -1 -1
-1 -1 -1 -1 -1
-1 -1 -1 -1 -1
-1 -1 -1 -1 -1 -1 -1
-1 -1 -1 -1 -1
-1 -1 -1 -1 -1
-1 -1 -1
-1 -1 -1 -1 -1 -1 -1
-1 -1 -1 -1 -1
-1 12 12 12 -1 -1 -1 -1 -1
-1 12 12 12 -1 -1 -1
-1 12 12 12 -1 -1
-1 12 12 12 73
-1 12 12 12 -1 -1 -1
-1 12 12 12 -1 -1 -1 -1
-1 -1 -1 -1 -1 -1 -1 -1
-1 -1 4 4 4 112 -1 -1
-1 -1 4 4 4 112 -1 -1
-1 -1 -1 -1 -1 -1 -1 -1
-1 -1 -1 -1 -1 -1
-1 -1 -1 -1 -1 -1 -1 -1 -1
-1 -1 -1 -1 -1 -1 -1 -1 -1 -1 -1
-1 -1 -1 -1 -1 -1
-1 -1 -1 -1 -1
-1 -1 -1 -1 -1 -1
-1 -1 -1 -1 -1 -1 -1
-1 -1 -1 -1 -1
-1 -1 -1 -1 -1 -1 -1 -1 -1 -1
-1 -1 -1 -1 -1 -1 -1 -1 -1
-1 -1 -1 -1 -1 -1 -1
-1 -1 -1 -1 -1 -1 -1
-1 -1 -1 -1 -1 -1 -1 -1
-1 -1 -1 -1 -1 -1 -1 -1
-1 -1 -1 -1 -1
-1 -1 -1 -1 -1 -1 -1 -1
-1 -1 -1 -1 -1 -1
-1 -1 -1 -1 -1 -1 -1 -1
-1 -1 -1 -1 -1 -1 -1
-1 -1 -1 -1 -1 -1
-1 -1 -1 -1 -1 -1 -1
-1 -1 -1 -1 -1 -1
-1 -1 -1 -1 -1 -1 -1
-1 -1 -1 -1 -1
-1 -1 -1
-1 -1 -1 -1 -1 -1 -1 -1
-1 -1 5 5 -1 -1 -1 -1
-1 -1 5 5 -1 -1 -1 -1
-1 -1 5 5 -1 -1 -1 -1
-1 -1 5 5 -1 -1 -1 -1
-1 -1 5 5 -1 -1 -1 -1
-1 -1 5 5 -1 -1 -1 -1
-1 -1 5 5 -1 -1
-1 -1 5 5 -1 -1 -1 -1 -1 -1
-1 -1 5 5 148 -1
-1 -1 5 5 -1 -1 -1 -1 -1
-1 -1 5 5 -1 -1 -1 -1
-1 -1 5 5 -1 -1 -1 -1 -1
-1 -1 5 5 -1 -1 -1 -1 -1
-1 -1 5 -1 -1 -1 -1
-1 -1 5 -1 -1 -1 -1 -1 -1
-1 -1 5 -1 -1 -1 -1 -1
-1 -1 5 148 -1
-1 -1 5 -1 -1 -1 -1
-1 -1 5 -1 -1 -1 -1
-1 -1 5 -1 -1 -1 -1 -1
-1 -1 -1 -1 -1 -1 -1 -1 -1
-1 -1 -1 -1 -1 -1 -1 -1 -1 -1
-1 -1 -1 -1 -1 -1 -1 -1 -1
-1 -1 -1 -1 -1 -1 -1 -1 -1
-1 -1 -1 -1 -1 -1 -1 -1 -1
-1 -1 -1 -1 -1 -1
-1 -1 -1 -1 -1 -1
-1 -1 -1 -1 -1 -1
-1 -1 -1 -1 -1 -1
-1 -1 -1 -1 -1 -1
-1 -1 -1 -1 -1 -1 -1
-1 -1 -1 -1 -1 -1 -1 -1
-1 -1 -1 -1
-1 -1 32 32 -1 -1
-1 -1 32 32 -1 -1 -1
-1 -1 32 32 93 93
-1 -1 32 32 -1
-1 -1 32 32 -1 -1 -1 -1
-1 -1 32 32 -1 -1 -1 -1 -1
-1 -1 32 32 -1 -1 -1
-1 -1 32 32 110 -1 -1 -1 -1
-1 -1 32 32 79
-1 -1 32 32 -1 -1
-1 -1 32 32 -1 -1 -1
-1 -1 32 32 93 93
-1 -1 32 32 -1
-1 -1 32 32 -1 -1 -1 -1
-1 -1 32 32 -1 -1 -1 -1 -1
-1 -1 32 32 -1 -1 -1
-1 -1 32 32 79
-1 -1 32 32 93 93
-1 -1 32 32 79
-1 -1 32 32 -1 -1
-1 -1 32 32 -1 -1 -1
-1 -1 32 32 -1 -1 -1 -1 -1
-1 -1 32 32 93 93
-1 -1 32 32 -1
-1 -1 32 32 -1 -1 -1 -1
-1 -1 32 32 -1 -1 -1 -1 -1
-1 -1 32 32 -1 -1 -1
-1 -1 32 32 79
-1 -1 32 32 -1 -1 -1 -1
-1 -1 -1 -1 -1 -1 -1 -1 -1 -1
-1 -1 -1 -1 -1 -1 -1 -1 -1
-1 -1 -1 -1
-1 -1 -1 -1 -1 -1 -1 -1
-1 -1 -1 -1 -1
-1 -1 -1 -1 -1 -1 -1 -1 -1
-1 -1 -1 -1 -1 -1 -1 -1
-1 -1 -1 -1 -1 -1 -1 -1 -1
-1 -1 -1 -1 -1
-1 -1 -1 -1 -1 -1 -1 -1
-1 -1 -1 -1
-1 -1 -1 -1 -1 -1
-1 -1 -1 -1 -1 -1
-1 -1 -1 -1 -1 -1
-1 -1 -1 -1 -1 -1 -1
-1 -1 -1 -1 -1 -1 -1 -1
-1 -1 -1 -1 -1 -1 -1 -1
-1 -1 -1 -1 -1 -1 -1 -1 -1 -1
-1 -1 -1 -1 -1 -1 -1 -1 -1 -1
-1 -1 -1 -1 -1 -1 -1
-1 -1 -1 -1 -1 -1 -1 -1
-1 -1 -1 -1 -1 -1 -1 -1
-1 -1 -1 -1 -1 -1 -1 -1 -1
-1 -1 -1 -1 -1 -1 -1
-1 -1 -1 -1 -1 -1 -1
-1 -1 -1 -1 -1 -1 -1 -1 -1 -1
-1 -1 -1 -1 -1 -1 -1 -1 -1 -1
-1 -1 -1 -1 -1 -1 -1 -1 -1
-1 -1 -1 -1 -1 -1 -1 -1 -1
-1 -1 -1 -1 -1 -1 -1 -1
-1 -1 -1 -1 -1 -1 -1 -1
-1 -1 -1 -1 -1 -1 -1
-1 -1 -1 -1 -1 -1 -1 -1
-1 -1 -1 -1 -1 -1 -1 -1 -1 -1
-1 25 25 25 25 -1 -1
-1 25 25 25 25 -1 -1 -1 -1 -1
-1 25 25 25 25 -1 -1
-1 25 25 25 25 34 34 34 -1
-1 25 25 25 25 -1 -1 -1 -1 -1 -1 -1 -1
-1 25 25 25 25 83 83 83 -1 -1
-1 25 25 25 25 -1 -1 -1
-1 25 25 25 25 -1 -1 -1 -1
-1 25 25 25 25 -1 -1 -1 -1 -1
-1 25 25 25 25 -1 -1 -1 -1 -1
-1 25 25 25 25 -1 -1 -1 -1
-1 25 25 25 25 -1 -1 -1 -1 -1
-1 25 25 25 25 -1 -1 -1 -1 -1
-1 25 25 -1 -1 -1 -1
-1 25 25 -1 -1 -1 -1
-1 25 25 80 80 -1
-1 25 25 34 34 34 -1
-1 25 25 83 83 83 -1 -1
-1 25 25 -1 -1
-1 25 25 127 127
-1 25 25 80 80 -1
-1 25 25 83 83 83 -1 -1
-1 25 25 -1 -1 -1
-1 25 25 -1 -1 -1 -1 -1
-1 25 25 -1 -1 -1
-1 25 25 -1 -1 -1 -1 -1
-1 25 25 -1 -1 -1 -1 -1 -1
-1 25 25 25 127 127
-1 25 25 25 80 80 -1
-1 25 25 25 83 83 83 -1 -1
-1 25 25 25 -1 -1 -1 -1 -1 -1
-1 25 25 25 -1 -1 -1 -1
-1 -1 -1 -1
-1 25 -1 -1
-1 25 83 83 83 -1 -1
-1 25 -1 -1 -1
-1 25 -1 -1 -1 -1 -1
-1 25 -1 -1
-1 25 -1 -1 -1 -1
-1 25 -1 -1 -1 -1 -1
-1 25 -1 -1 -1 -1
-1 25 -1 -1 -1 -1 -1
-1 25 -1 -1 -1
-1 25 80 80 -1
-1 25 -1 -1 -1 -1
-1 25 34 34 34 -1
-1 25 -1 -1 -1 -1 -1
-1 25 127 127
-1 25 -1 -1 -1 -1
-1 25 -1 -1 -1 -1 -1
-1 25 -1 -1 -1
-1 25 -1 -1 -1
-1 25 -1 -1 -1
-1 25 -1 -1 -1 -1
-1 25 -1 -1 -1
-1 25 145 145 145 -1
-1 25 60 60 60 -1
-1 25 -1 -1 -1 -1 -1
-1 25 -1 -1 -1
-1 25 25 -1 -1
-1 25 25 -1 -1 -1 -1 -1
-1 25 25 -1 -1
-1 25 25 80 80 -1
-1 25 25 34 34 34 -1
-1 25 25 -1 -1 -1
-1 25 25 -1 -1 -1 -1
-1 25 25 -1 -1 -1
-1 25 25 145 145 145 -1
-1 25 25 60 60 60 -1
-1 25 25 -1 -1 -1 -1 -1
-1 25 25 -1 -1 -1 -1 -1
-1 25 25 -1 -1 -1 -1
-1 25 25 34 34 34 -1
-1 25 25 83 83 83 -1 -1
-1 25 25 -1 -1 -1
-1 25 25 -1 -1 -1
-1 25 25 145 145 145 -1
-1 25 25 60 60 60 -1
-1 25 25 -1 -1 -1 -1 -1
-1 25 25 121 -1 -1 -1 -1
-1 25 25 60 60 60 -1
-1 25 25 -1 -1 -1 -1 -1 -1
-1 25 25 -1 -1 -1
-1 25 25 -1 -1 -1 -1 -1
-1 25 25 -1 -1 -1 -1 -1
-1 25 25 34 34 34 -1
-1 25 25 83 83 83 -1 -1 -1
-1 25 25 -1 -1 -1
-1 25 25 -1 -1 -1 -1
-1 25 25 -1 -1 -1 -1
-1 25 25 -1 -1 -1
-1 25 25 145 145 145 -1
-1 25 25 60 60 60 -1
-1 25 25 -1 -1 -1 -1 -1
-1 -1 -1 -1 -1
-1 -1 -1 -1 -1 -1 -1 -1 -1 -1
-1 -1 -1 -1 -1 -1 -1 -1 -1 -1
-1 25 25 -1 -1 -1 -1 -1
-1 25 25 80 80 -1
-1 25 25 34 34 34 -1
-1 25 25 -1 -1 -1
-1 25 25 -1 -1 -1 -1 -1
-1 25 25 -1 -1 -1
-1 25 25 145 145 145 -1
-1 25 25 60 60 60 -1
-1 25 25 25 -1 -1 -1
-1 25 25 25 -1 -1 -1 -1 -1 -1
-1 25 25 25 34 34 34 -1 -1
-1 25 25 25 83 83 83 -1 -1 -1
-1 25 25 25 145 145 145 -1
-1 25 25 25 60 60 60 -1
-1 25 25 -1 -1 -1 -1
-1 25 25 -1 -1
-1 25 25 -1 -1 -1 -1
-1 25 25 25 -1 -1 -1 -1 -1
-1 25 25 25 80 80 -1
-1 25 25 25 34 34 34 -1
-1 25 25 25 83 83 83 -1 -1
-1 25 25 25 -1 -1 -1
-1 25 25 25 145 145 145 -1
-1 25 25 25 60 60 60 -1
-1 25 25 25 -1 -1 -1 -1
-1 -1 -1 -1 -1 -1
-1 -1 -1 -1 -1
-1 -1 -1 -1 -1
-1 -1 -1
-1 -1 -1
-1 -1 -1
-1 -1 -1 -1 -1 -1
-1 -1 -1 -1 -1 -1
-1 -1 -1 -1 -1 -1 -1
-1 -1 -1 -1 -1 -1
-1 -1 -1 -1 -1 -1 -1
-1 -1 -1 -1 -1 -1 -1 -1
-1 -1 -1 -1 -1 -1 -1
-1 -1 -1 -1 -1 -1 -1 -1
-1 -1 -1 -1 -1 -1 -1 -1
-1 -1 -1 -1 -1 -1
-1 -1 -1 -1
-1 27 27 -1 -1
-1 27 27 -1 -1 -1
-1 27 27 -1 -1
-1 -1 -1 -1
-1 -1 -1
-1 -1 -1
-1 -1 -1
-1 -1 -1
-1 -1 -1 -1 -1 -1 -1
-1 -1 -1 -1 -1 -1 -1
-1 -1 -1
-1 -1
-1 -1
-1 24 24 -1 -1 -1
-1 24 24 -1 -1 -1
-1 -1 -1 -1
-1 -1 -1 -1 -1 -1
-1 -1
-1 -1 -1 -1 -1 -1
-1 -1 -1 -1 -1 -1
-1 -1 -1 -1 -1
-1 -1 -1 -1 -1 -1
