-1 -1 -1 -1 -1 -1 -1
-1 -1 -1 -1 -1 -1
-1 -1 -1 -1 -1 -1 -1
-1 -1 -1 -1 -1 -1
-1 -1 -1 -1 -1 -1
-1 -1 -1 -1 -1 -1 -1
-1 -1 -1 -1 -1
-1 -1 -1 -1 -1 -1 -1
-1 -1 -1 -1 -1 -1
-1 -1 -1 -1 -1 -1 -1
-1 -1 -1 -1 -1 -1 -1
-1 -1 -1 -1 -1 -1 -1
-1 -1 -1 -1 -1 -1
-1 -1 -1 -1 -1 -1
-1 -1 -1 -1 -1
-1 -1 -1 -1 -1 -1
-1 -1 -1 -1 -1 -1 -1
-1 -1 -1 -1 -1 -1 -1
-1 -1 -1 -1 -1 -1
-1 -1 -1 -1 -1 -1
-1 -1 -1 -1 -1 -1 -1
-1 -1 -1 -1 -1 -1 -1 -1
-1 -1 -1 -1 -1 -1
-1 -1 -1 -1 -1
-1 -1 -1 -1 -1 -1
-1 -1 -1 -1 -1
-1 -1 -1 -1 -1 -1
-1 -1 -1 -1 -1 -1
-1 -1 -1
-1 31 31 -1 -1
-1 31 31 121 -1
-1 29 29 -1 -1 -1 -1
-1 29 29 -1 -1 -1 -1
-1 29 29 -1 -1 -1 -1
-1 29 29 -1 -1 -1 -1 -1 -1
-1 29 29 -1 -1 -1
-1 29 29 -1 -1 -1 -1 -1 -1
-1 29 29 -1 -1 -1 -1 -1
-1 29 29 -1 -1 -1 -1 -1 -1 -1 -1
-1 29 29 29 -1 -1 -1 -1 -1
-1 29 29 29 -1 -1 -1 -1 -1 -1
-1 29 29 -1 -1 -1 -1
-1 29 29 29 -1 -1 -1 -1
-1 -1 -1 -1 -1 -1
-1 -1 -1 -1 -1 -1 -1
-1 -1 -1 -1 -1
-1 -1 -1 -1 -1 -1 -1 -1
-1 -1 -1 -1 -1 -1
-1 -1 -1 -1
-1 -1 -1 -1 -1
-1 -1 -1 -1 -1 -1 -1
-1 31 280 280 280
-1 31 386 386 -1
-1 31 113 113 -1 -1 -1 -1
-1 31 324
-1 31 365 365
-1 31 379 379
-1 31 305 305
-1 31 367 367 -1 -1 -1 -1
-1 31 248 248 248 -1
-1 31 282 282 282 282 -1
-1 31 115 115 115 115 115 -1
-1 31 43 43 43 43 -1 -1 -1
-1 31 54 54 54 54 -1
-1 31 325
-1 31 67
-1 31 186
-1 31 192
-1 31 140 140
-1 31 156 156 156
-1 31 39 39 -1 -1
-1 31 237 -1 -1 -1
-1 31 279 -1
-1 31 390 -1
-1 31 97 -1 -1 -1
-1 31 321 321 -1 -1 -1 -1
-1 31 141 141 141 -1 -1
-1 31 76 -1
-1 31 105
-1 31 310
-1 31 244
-1 31 288
-1 31 355 -1
-1 31 393
-1 31 332
-1 31 56 56
-1 31 145 145 -1 -1 -1 -1
-1 31 66 66 -1 -1
-1 31 195 195 -1 -1
-1 31 245 245 -1 -1 -1 -1
-1 31 262 262 -1 -1
-1 31 249 249 -1 -1
-1 31 302 302
-1 31 222 222 -1 -1 -1
-1 31 242 -1 -1
-1 31 276 276 276 -1
-1 31 63 63 63 -1 -1
-1 31 139 139
-1 31 150 150 150 -1
-1 31 183 183 183 -1 -1
-1 31 317 317
-1 31 411 411
-1 31 180 180
-1 31 352 352 352 -1 -1
-1 31 348 -1 -1 -1
-1 31 53 53 53 53 53
-1 31 218 -1 -1 -1 -1
-1 31 190 -1 -1 -1 -1
-1 31 93 -1 -1
-1 31 226 226 -1 -1 -1 -1
-1 31 161 -1 -1 -1 -1
-1 31 326 326 -1 -1
-1 31 193 193 -1
-1 31 92 92 -1
-1 31 134 134 -1 -1 -1 -1
-1 31 399 399 399 -1 -1 -1
-1 31 166 166 166 -1 -1 -1 -1
-1 31 182 -1 -1 -1 -1
-1 31 383 -1
-1 31 41 -1
-1 31 107 -1 -1 -1 -1
-1 31 129 -1 -1
-1 31 356 -1
-1 31 354 -1 -1
-1 31 155 155 -1
-1 31 165 -1
-1 31 177 177 177 -1
-1 31 417 417 -1
-1 31 112
-1 31 378 378
-1 31 99 99 99
-1 31 233 233 233
-1 31 340
-1 31 157
-1 31 252 252 -1
-1 31 132
-1 31 125 -1 -1 -1
-1 31 200 -1
-1 31 89 -1 -1 -1 -1
-1 31 117 -1 -1 -1 -1
-1 31 329 -1 -1 -1 -1
-1 31 88 -1 -1 -1 -1
-1 31 267 -1 -1 -1 -1
-1 31 335 -1 -1
-1 31 206 -1 -1 -1
-1 31 413 413 -1 -1
-1 31 144 144 -1 -1
-1 31 275 -1 -1 -1 -1
-1 31 65 -1 -1 -1 -1
-1 31 311 311 -1 -1
-1 31 256 256 -1 -1 -1 -1
-1 31 45 -1 -1 -1 -1
-1 31 185 -1
-1 31 272 -1
-1 31 188 -1 -1 -1 -1
-1 31 418 -1 -1 -1 -1
-1 31 146 146 -1 -1
-1 31 295 -1 -1 -1
-1 31 408 -1 -1 -1 -1
-1 31 106 106 -1 -1 -1 -1
-1 31 274 274 -1 -1 -1 -1
-1 31 69
-1 31 401 -1 -1 -1
-1 31 287 287 -1
-1 31 394 394 394 -1
-1 31 357 357 357 357 -1
-1 31 351 351 351 351 351 -1
-1 -1 -1 -1
-1 -1 -1 -1 -1 -1 -1 -1 -1
-1 -1 -1 -1 -1 -1 -1 -1 -1
-1 6 -1 -1 -1 -1 -1 -1
-1 6 6 -1 -1 -1 -1 -1 -1
-1 6 6 -1 -1 -1
-1 -1 -1 -1 -1 -1 -1
-1 -1 -1 -1 -1 -1 -1 -1
-1 -1 -1 -1 -1 -1 -1 -1
-1 -1 -1 -1 -1 -1 -1 -1
-1 -1 -1 -1 -1 -1 -1
-1 -1 -1 -1 -1 -1 -1
-1 31 404 404
-1 31 -1 -1
-1 31 -1 -1 -1 -1
-1 31 202 202 -1
-1 31 -1 -1 -1
-1 31 378 378 -1
-1 31 194 194 194 -1
-1 31 128 128
-1 31 -1 -1 -1 -1 -1
-1 31 -1 -1 -1 -1
-1 31 118 118 118 118 -1 -1 -1
-1 31 348 -1
-1 31 -1 -1 -1 -1
-1 31 234 234 -1 -1 -1 -1
-1 31 254 -1 -1 -1
-1 31 396 -1
-1 31 90 -1 -1
-1 31 136 -1 -1 -1 -1
-1 31 -1 -1 -1
-1 31 135 -1 -1 -1 -1
-1 31 80 -1
-1 31 -1 -1 -1 -1 -1
-1 31 -1 -1 -1
-1 31 253 253 253 -1 -1
-1 31 368 368 368 -1
-1 31 371 371 371 -1 -1 -1
-1 31 88 -1 -1 -1 -1
-1 31 -1 -1
-1 31 -1 -1 -1 -1
-1 31 322 -1 -1 -1 -1
-1 31 -1 -1 -1 -1 -1 -1 -1
-1 31 -1 -1 -1 -1 -1
-1 31 100 100 -1 -1 -1 -1
-1 31 281 -1 -1 -1
-1 31 81 -1 -1 -1
-1 31 412 -1 -1 -1 -1
-1 31 -1 -1 -1 -1 -1
-1 31 286 -1 -1 -1 -1
-1 31 31 31 31 378 378 -1
-1 31 31 31 31 322 -1 -1 -1 -1
-1 31 31 31 31 348 -1
-1 31 31 371 371 371 -1 -1 -1 -1
-1 31 31 31 31 -1 -1 -1
-1 31 31 31 31 378 378 -1
-1 31 31 31 253 253 253 -1 -1
-1 31 31 31 368 368 368 -1
-1 31 31 31 371 371 371 -1 -1 -1
-1 31 31 -1 -1
-1 31 31 80
-1 31 31 254 -1 -1 -1
-1 31 31 404 404
-1 31 31 128 128
-1 31 31 348 -1
-1 31 31 368 368 368 -1
-1 31 31 100 100 -1 -1 -1 -1
-1 31 31 135 -1 -1 -1 -1
-1 31 31 371 371 371 -1 -1 -1
-1 31 31 135 -1 -1
-1 31 31 253 253 253 -1 -1
-1 31 31 368 368 368 -1
-1 31 31 371 371 371 -1 -1 -1 -1
-1 31 31 254 -1 -1 -1
-1 31 31 202 202
-1 31 31 194 194 194 -1
-1 31 31 348 -1
-1 31 31 253 253 253 -1 -1
-1 31 31 368 368 368 -1
-1 31 31 81 -1 -1 -1
-1 31 31 118 118 118 118 -1 -1 -1 -1
-1 31 31 81 -1 -1 -1
-1 31 31 234 234 -1 -1 -1 -1
-1 31 31 210 210 -1
-1 31 31 -1 -1 -1
-1 31 31 321 321 -1 -1 -1 -1
-1 31 31 -1 -1 -1 -1
-1 31 31 -1 -1 -1
-1 31 31 90 -1 -1 -1 -1
-1 31 31 -1 -1 -1 -1 -1
-1 31 31 -1 -1 -1 -1 -1 -1
-1 31 31 -1 -1 -1
-1 31 31 -1 -1
-1 31 31 404 404
-1 31 31 330 -1 -1
-1 31 31 200 -1 -1
-1 31 31 -1
-1 31 31 264 264 -1
-1 31 31 165
-1 31 31 242 -1 -1
-1 31 31 -1 -1 -1
-1 31 31 -1 -1 -1
-1 31 31 396 -1
-1 31 31 254 -1 -1 -1
-1 31 31 342 -1 -1 -1 -1
-1 31 31 234 234 -1 -1 -1 -1
-1 31 31 -1 -1 -1 -1 -1 -1
-1 31 31 218 -1 -1 -1 -1
-1 31 31 -1 -1 -1 -1
-1 31 31 31 -1
-1 31 31 31 -1
-1 31 31 31 80
-1 31 31 31 378 378
-1 31 31 31 -1
-1 31 31 31 396 -1
-1 31 31 31 264 264 -1
-1 -1 -1 -1 -1 -1 -1
-1 -1 -1 -1 -1
-1 -1 -1 -1 -1
-1 -1 -1 -1 -1
-1 -1 -1
-1 -1 -1 -1 -1
-1 -1 -1 -1 -1 -1
-1 -1 -1 -1 -1 -1 -1 -1
-1 -1 -1 -1 -1
-1 -1 -1 -1 -1 -1 -1 -1 -1
-1 -1 -1 -1 -1
-1 -1 -1 -1 -1 -1
-1 -1 -1 -1 -1 -1
-1 -1 -1 -1 -1 -1 -1 -1
-1 -1 -1 -1 -1 -1 -1
-1 -1 -1 -1 -1 -1 -1
-1 -1 -1 -1 -1 -1 -1
-1 -1 -1 -1 -1 -1
-1 -1 -1 -1 -1 -1
-1 -1 -1 -1 -1
-1 -1 -1 -1 -1 -1 -1 -1
-1 -1 -1 -1 -1 -1
-1 -1 -1 -1 -1 -1 -1 -1 -1
-1 -1 -1 -1 -1 -1
-1 -1 -1 -1 -1 -1
-1 -1 -1 -1 -1 -1 -1
-1 -1 -1 -1 -1 -1
-1 -1 -1
-1 -1 -1 -1 -1 -1
-1 -1 -1 -1
-1 -1 -1 -1 -1
-1 -1 -1 -1 -1
-1 -1 -1 -1 -1 -1
-1 -1 -1 -1 -1 -1
-1 -1 -1 -1
-1 -1 -1 -1
-1 -1 -1
-1 -1 -1
-1 -1 -1 -1
-1 -1 -1 -1
-1 -1 -1 -1 -1
-1 -1 -1 -1 -1 -1
-1 -1 -1 -1
-1 -1 -1 -1 -1
-1 -1 -1
-1 -1 -1 -1
-1 -1 -1 -1 -1 -1 -1
-1 -1 -1 -1 -1 -1
-1 -1 -1 -1 -1 -1 -1
-1 -1 -1 -1
-1 -1 -1
-1 -1 -1 -1 -1 -1
-1 -1 -1 -1 -1 -1 -1 -1 -1
-1 -1 -1 -1 -1
-1 2 2 -1 -1 -1 -1 -1 -1
-1 -1 -1 -1 -1 -1 -1
-1 -1 -1 -1 -1 -1 -1 -1
-1 -1 -1 -1 -1
-1 31 31 -1
-1 31 31 -1
-1 31 31 -1
-1 31 31 324
-1 31 31 271
-1 31 31 365 365
-1 31 31 -1 -1
-1 31 31 -1
-1 31 31 -1 -1 -1
-1 31 31 -1
-1 31 31 31 31 -1
-1 31 31 -1 -1 -1 -1 -1 -1 -1
-1 31 31 -1 -1
-1 31 31 79 -1 -1 -1
-1 31 31 -1 -1 -1 -1 -1
-1 31 31 -1 -1
-1 31 31 -1 -1 -1 -1
-1 31 31 -1 -1 -1 -1
-1 31 31 -1 -1 -1 -1
-1 31 31 31 -1 -1
-1 31 31 31 79 -1 -1 -1
-1 31 31 31 266
-1 31 31 31 325
-1 31 31 31 186
-1 31 31 31 -1
-1 31 31 31 -1
-1 31 31 31 -1
-1 31 31 31 227
-1 31 31 31 -1
-1 31 31 31 192
-1 31 31 31 -1
-1 31 31 31 -1
-1 31 31 31 -1
-1 31 31 31 -1
-1 31 31 31 -1 -1
-1 31 31 31 -1
-1 31 31 31 -1 -1
-1 31 31 31 59
-1 31 31 31 284 -1 -1 -1 -1
-1 31 31 31 -1 -1 -1 -1 -1 -1
-1 31 31 31 397 -1
-1 31 31 31 98 98
-1 31 31 31 294 294
-1 31 31 31 110 110 110
-1 31 31 31 151 151 -1
-1 31 31 31 -1 -1 -1
-1 -1 -1 -1 -1 -1
-1 -1 -1 -1 -1 -1
-1 31 -1 -1 -1 -1 -1
-1 31 -1 -1 -1 -1 -1 -1
-1 31 271
-1 31 -1 -1 -1 -1 -1
-1 31 -1 -1 -1 -1
-1 31 -1 -1
-1 31 -1 -1 -1 -1 -1
-1 31 215 215
-1 31 159 159
-1 31 -1 -1 -1 -1
-1 31 -1 -1 -1
-1 31 -1 -1
-1 31 399 399 399 -1 -1 -1
-1 31 169 -1 -1 -1
-1 31 -1 -1 -1
-1 31 -1 -1 -1
-1 31 190 -1 -1
-1 31 270 -1 -1
-1 31 275 -1 -1
-1 31 171 171 -1
-1 31 90 -1 -1
-1 31 -1 -1 -1 -1
-1 31 -1 -1 -1 -1 -1
-1 31 391 -1
-1 31 81 -1 -1 -1
-1 31 108 -1 -1 -1 -1
-1 31 410 -1 -1 -1 -1
-1 31 -1 -1 -1 -1
-1 31 -1 -1 -1 -1 -1
-1 31 -1 -1 -1 -1 -1
-1 31 -1 -1 -1 -1 -1
-1 31 235 235 -1
-1 31 240 240 -1
-1 31 79 -1 -1 -1
-1 31 271
-1 31 257 257 -1
-1 31 74 74 -1 -1 -1
-1 31 318 318 -1 -1 -1
-1 31 350 350 -1 -1
-1 31 -1 -1
-1 31 -1 -1 -1 -1
-1 31 31 31 420 -1 -1 -1 -1
-1 31 420 -1 -1 -1 -1
-1 31 301 301
-1 31 -1 -1
-1 31 31 301 301
-1 31 420 -1 -1
-1 31 164
-1 31 201 -1
-1 31 382 -1
-1 31 273 -1 -1 -1
-1 31 363 -1 -1
-1 -1 -1 -1 -1
-1 31 125 -1 -1
-1 31 186
-1 31 192
-1 31 -1
-1 31 303 -1
-1 31 -1
-1 31 58 58 -1 -1
-1 31 -1 -1 -1 -1 -1 -1
-1 31 -1 -1
-1 31 -1 -1 -1
-1 31 -1 -1
-1 31 -1 -1 -1 -1
-1 31 -1 -1 -1 -1 -1
-1 31 -1 -1 -1 -1
-1 31 -1 -1
-1 31 46 46 46 -1
-1 31 -1 -1 -1 -1
-1 31 -1 -1 -1
-1 31 -1 -1 -1
-1 31 -1 -1
-1 31 -1 -1 -1 -1 -1 -1
-1 31 -1 -1 -1 -1 -1
-1 31 -1 -1 -1 -1
-1 31 -1 -1 -1 -1
-1 31 -1 -1 -1 -1
-1 31 131 -1
-1 31 325
-1 31 81 -1
-1 31 344 -1
-1 31 154 -1
-1 31 151 151 -1
-1 31 189
-1 31 70
-1 31 179
-1 31 169
-1 31 -1 -1 -1
-1 31 378 378
-1 31 -1 -1 -1 -1
-1 31 369 -1
-1 31 327 327 -1 -1 -1
-1 31 -1 -1 -1
-1 31 -1 -1 -1 -1
-1 31 -1 -1 -1 -1
-1 31 334 -1
-1 31 251
-1 31 56 56
-1 31 136 -1 -1 -1
-1 31 100 100 -1 -1 -1
-1 31 348 -1
-1 31 288
-1 31 105
-1 31 -1 -1 -1 -1
-1 31 -1 -1
-1 31 -1 -1 -1
-1 31 -1 -1 -1 -1
-1 31 153 -1
-1 31 -1 -1
-1 31 284 -1 -1 -1 -1
-1 31 -1 -1
-1 31 -1 -1
-1 31 163
-1 31 -1
-1 31 76 -1
-1 31 -1 -1 -1 -1
-1 31 401
-1 31 407 -1
-1 -1 -1 -1 -1 -1 -1
-1 -1 -1 -1 -1
-1 -1 -1 -1 -1
-1 -1 -1 -1 -1 -1 -1
-1 -1 -1 -1 -1 -1 -1
-1 -1 -1 -1 -1
-1 -1 -1 -1 -1
-1 -1 -1 -1 -1
-1 -1 -1 -1 -1
-1 -1 -1 -1 -1
-1 -1 -1 -1 -1 -1
-1 31 31 -1 -1 -1 -1 -1 -1
-1 31 31 67
-1 31 31 325
-1 31 31 -1 -1 -1
-1 31 31 -1 -1 -1 -1
-1 31 31 -1 -1
-1 31 31 271
-1 31 31 -1 -1
-1 31 31 -1 -1
-1 31 31 -1
-1 31 31 244
-1 31 31 -1
-1 31 31 -1 -1 -1
-1 31 31 288
-1 31 31 -1 -1
-1 31 31 -1 -1 -1 -1 -1 -1
-1 31 31 -1 -1 -1
-1 31 31 -1 -1 -1 -1 -1 -1
-1 31 31 -1 -1 -1 -1 -1 -1
-1 31 31 -1 -1 -1 -1
-1 31 31 -1 -1 -1 -1 -1 -1
-1 31 31 -1 -1 -1 -1 -1 -1
-1 31 31 -1 -1 -1 -1
-1 31 31 -1 -1
-1 31 31 -1 -1 -1 -1 -1 -1
-1 31 31 -1 -1 -1 -1 -1 -1
-1 31 31 -1 -1 -1
-1 31 31 83 83 -1 -1 -1 -1
-1 31 31 308 308 -1 -1 -1 -1
-1 31 31 416 416 -1 -1 -1 -1
-1 31 31 -1 -1 -1 -1 -1
-1 31 31 151 151 -1 -1
-1 31 31 266
-1 31 31 215 215 -1 -1 -1
-1 31 31 159 159 -1 -1 -1 -1
-1 31 31 270 -1 -1
-1 31 31 -1 -1 -1
-1 31 31 -1 -1 -1
-1 31 31 412 -1 -1
-1 31 31 -1 -1 -1 -1
-1 31 31 -1 -1 -1 -1 -1
-1 31 31 -1 -1 -1 -1
-1 31 31 -1 -1 -1 -1
-1 31 31 342 -1 -1 -1 -1
-1 31 31 -1
-1 31 31 224 224 -1 -1 -1
-1 31 31 -1 -1 -1
-1 31 31 -1 -1 -1 -1 -1
-1 31 31 -1 -1 -1 -1 -1 -1
-1 31 31 -1 -1 -1 -1 -1 -1
-1 31 31 169 -1 -1 -1 -1
-1 31 31 -1 -1 -1 -1 -1
-1 31 31 -1 -1 -1
-1 31 31 77 -1 -1 -1 -1
-1 31 31 -1 -1 -1 -1
-1 31 31 -1 -1 -1 -1
-1 31 31 97 -1 -1 -1
-1 31 31 71 71 -1 -1
-1 31 31 330 -1 -1 -1 -1
-1 31 31 50 50 -1
-1 31 31 410 -1 -1 -1 -1
-1 31 31 -1 -1 -1
-1 31 31 -1 -1 -1
-1 31 31 -1 -1 -1 -1
-1 31 31 -1 -1 -1
-1 31 31 -1 -1 -1
-1 31 31 281 -1 -1
-1 31 31 79 -1 -1 -1
-1 31 31 90 -1 -1 -1 -1
-1 31 31 160 -1
-1 31 31 61 -1 -1 -1
-1 31 31 108 -1 -1 -1 -1
-1 31 31 -1 -1
-1 31 31 363 -1 -1
-1 31 31 273 -1
-1 31 31 -1 -1 -1 -1
-1 31 31 391 -1 -1 -1
-1 31 31 397 -1 -1
-1 31 31 -1 -1 -1
-1 31 31 -1 -1 -1
-1 31 31 -1 -1 -1 -1
-1 31 31 163 -1 -1
-1 31 31 286 -1 -1 -1 -1
-1 31 31 392 392 -1 -1 -1 -1
-1 31 31 376 376 -1 -1 -1
-1 31 31 395 -1
-1 -1 -1 -1 -1 -1 -1 -1
-1 -1 -1 -1 -1 -1 -1
-1 -1 -1 -1 -1 -1 -1 -1 -1 -1
-1 -1 -1 -1 -1 -1 -1
-1 -1 -1 -1 -1 -1 -1
-1 -1 -1 -1
-1 -1 -1 -1
-1 -1 -1 -1 -1
-1 -1 -1 -1 -1
-1 -1 -1 -1
-1 -1 -1 -1 -1
-1 -1 -1 -1 -1
-1 -1 -1 -1 -1 -1 -1
-1 -1 -1 -1
-1 -1 -1 -1 -1 -1 -1 -1 -1
-1 -1 -1 -1 -1
-1 -1 -1 -1 -1 -1 -1
-1 -1 -1 -1 -1 -1 -1 -1
-1 -1 -1 -1 -1 -1 -1
-1 -1 -1 -1 -1 -1 -1
-1 -1 -1 -1 -1 -1 -1
-1 -1 -1 -1 -1 -1 -1
-1 21 -1 -1 -1 -1
-1 21 -1 -1 -1 -1 -1
-1 31 31 406 406
-1 31 31 78
-1 31 31 52
-1 31 31 341 341 -1
-1 31 31 257 257 -1
-1 31 31 225 225 225
-1 31 31 389 389 389
-1 31 31 228 228 -1 -1
-1 31 31 90 -1
-1 31 31 246 246 246 246 -1
-1 31 31 127 127 -1 -1 -1
-1 31 31 391
-1 31 31 164
-1 31 31 -1
-1 31 31 201 -1
-1 31 31 382 -1
-1 31 31 -1 -1
-1 31 31 192
-1 31 31 394 394 394 -1
-1 31 31 -1
-1 31 31 45 -1
-1 31 31 -1
-1 31 31 -1
-1 31 31 -1 -1
-1 31 31 -1 -1
-1 31 31 -1 -1 -1
-1 31 31 -1 -1
-1 31 31 -1 -1
-1 31 31 149 -1
-1 31 31 -1 -1
-1 31 31 -1 -1
-1 31 31 81 -1 -1 -1
-1 31 31 383 -1
-1 31 31 41 -1
-1 0 0 -1
-1 0 0 -1
-1 0 0 -1 -1
-1 0 0 -1
-1 0 0 -1 -1 -1 -1
-1 -1 -1 -1 -1 -1 -1
-1 0 0 -1
-1 -1 -1 -1 -1 -1 -1
-1 -1 -1 -1 -1 -1
-1 31 31 31 -1 -1
-1 31 31 31 313 -1
-1 31 31 31 -1 -1 -1 -1 -1
-1 31 31 31 -1 -1 -1
-1 31 31 31 182 -1 -1
-1 31 31 31 397 -1
-1 31 31 31 391
-1 31 31 31 -1 -1 -1 -1 -1
-1 31 31 31 -1 -1 -1 -1
-1 31 31 31 182 -1 -1
-1 31 31 31 31 79 -1 -1 -1
-1 31 31 31 31 -1 -1 -1
-1 31 31 31 31 391
-1 31 31 31 31 397 -1
-1 31 31 31 313 -1
-1 -1 -1 -1
-1 12 -1 -1 -1 -1 -1
-1 12 -1
-1 12 -1
-1 12 -1
-1 12 -1
-1 12 -1
-1 12 377 377
-1 12 -1
-1 12 -1 -1
-1 12 -1 -1
-1 12 -1
-1 12 -1
-1 12 -1
-1 12 343 -1
-1 12 260 260 -1 -1
-1 12 -1 -1 -1 -1
-1 12 -1
-1 12 269 -1 -1
-1 12 -1 -1
-1 12 -1
-1 12 214 214 -1 -1
-1 12 158 158 -1 -1 -1
-1 12 -1 -1 -1 -1 -1 -1
-1 12 -1
-1 12 -1 -1 -1 -1 -1 -1
-1 12 104
-1 12 -1
-1 12 -1
-1 12 -1
-1 12 -1 -1
-1 12 -1 -1 -1
-1 12 -1 -1 -1 -1
-1 12 -1 -1 -1 -1
-1 12 -1 -1
-1 12 -1
-1 12 -1 -1 -1
-1 12 -1 -1 -1
-1 12 -1 -1
-1 12 -1 -1 -1
-1 12 -1 -1 -1 -1
-1 12 -1 -1 -1
-1 12 -1 -1
-1 12 -1 -1
-1 12 -1 -1
-1 12 -1 -1 -1 -1
-1 12 -1 -1 -1 -1 -1
-1 12 -1 -1 -1 -1
-1 12 49 49 -1
-1 12 -1 -1
-1 12 -1 -1 -1 -1
-1 12 -1 -1 -1
-1 12 -1 -1 -1
-1 12 -1 -1 -1 -1
-1 12 -1 -1 -1 -1
-1 12 -1 -1 -1
-1 12 -1 -1 -1
-1 12 -1 -1 -1
-1 12 -1 -1 -1 -1
-1 12 -1 -1 -1 -1
-1 12 283 -1 -1 -1 -1
-1 12 -1 -1 -1 -1 -1 -1
-1 12 -1 -1 -1 -1
-1 12 -1 -1 -1 -1
-1 12 217 -1 -1 -1 -1
-1 12 -1 -1
-1 12 -1 -1 -1 -1
-1 12 -1 -1 -1 -1 -1 -1
-1 12 -1 -1 -1 -1 -1 -1
-1 12 168 -1 -1
-1 12 -1 -1 -1
-1 12 -1 -1 -1
-1 12 -1 -1 -1 -1 -1
-1 12 -1 -1 -1 -1
-1 -1 -1 -1
-1 -1 -1 -1 -1 -1
-1 -1 -1 -1 -1 -1 -1
-1 31 271
-1 31 -1
-1 31 -1 -1
-1 31 -1 -1 -1
-1 31 -1 -1
-1 31 -1 -1
-1 31 406 406
-1 31 313 -1
-1 31 -1 -1
-1 31 79 -1 -1 -1
-1 31 -1 -1 -1 -1 -1
-1 31 -1 -1 -1
-1 31 -1 -1 -1 -1 -1
-1 31 74 74 -1
-1 31 -1 -1
-1 31 -1 -1
-1 31 136 -1 -1
-1 31 267 -1 -1 -1 -1
-1 31 65 -1
-1 31 201 -1
-1 31 382 -1
-1 -1 -1 -1 -1 -1 -1 -1
-1 31 31 31 420 -1
-1 31 31 31 175 -1
-1 31 31 31 73 73 73 73 -1
-1 31 31 31 197 -1 -1 -1
-1 31 31 31 -1 -1 -1
-1 31 31 31 175 -1
-1 31 31 31 197 -1 -1 -1
-1 31 31 31 73 73 73 73 -1
-1 -1 -1 -1
-1 -1 -1 -1 -1 -1 -1 -1 -1
-1 21 21 -1 -1 -1 -1
-1 -1 -1 -1 -1 -1
-1 -1 -1 -1 -1 -1 -1 -1 -1
-1 -1 -1 -1 -1 -1 -1 -1
-1 -1 -1 -1 -1 -1 -1 -1
-1 -1 -1 -1 -1 -1
-1 -1 -1 -1 -1 -1
-1 -1 -1 -1 -1 -1 -1 -1 -1
-1 -1 -1 -1 -1 -1 -1 -1
-1 -1 -1 -1
-1 -1 -1 -1
-1 -1 -1 -1 -1 -1 -1
-1 -1 -1 -1 -1 -1 -1 -1
-1 -1 -1 -1 -1 -1
-1 -1 -1 -1 -1 -1 -1 -1 -1 -1 -1
-1 -1 -1 -1 -1 -1 -1 -1
-1 -1 -1 -1 -1
-1 -1 -1 -1 -1
-1 -1 -1 -1 -1
-1 -1 -1 -1 -1 -1
-1 -1 -1 -1 -1
-1 -1 -1 -1 -1
-1 -1 -1 -1 -1
-1 -1 -1 -1 -1 -1
-1 -1 -1 -1 -1 -1
-1 -1 -1 -1 -1 -1
-1 -1 -1 -1 -1 -1 -1
-1 -1 -1 -1 -1 -1 -1
-1 -1 -1 -1 -1 -1
-1 -1 -1 -1 -1 -1 -1 -1 -1
-1 -1 -1 -1 -1 -1 -1
-1 -1 -1 -1 -1 -1
-1 -1 -1 -1 -1 -1
-1 -1 -1 -1 -1
-1 -1 -1 -1 -1 -1
-1 -1 -1 -1 -1 -1 -1
-1 -1 -1 -1 -1 -1 -1
-1 -1 -1 -1 -1
-1 -1 7 7 -1
-1 -1 7 7 -1
-1 -1 7 7 -1
-1 -1 7 7 -1 -1 -1 -1
-1 -1 7 7 -1 -1 -1 -1 -1
-1 -1 7 7 -1 -1 -1 -1
-1 -1 7 7 -1 -1 -1 -1 -1
-1 -1 7 7 -1 -1 -1 -1 -1
-1 -1 7 7 -1 -1 -1 -1
-1 -1 7 7 -1 -1 -1 -1 -1
-1 -1 7 7 -1 -1 -1 -1
-1 -1 -1 -1 -1 -1
-1 -1 -1 -1 -1 -1
-1 -1 -1 -1 -1 -1 -1 -1
-1 -1 -1 -1 -1 -1 -1 -1
-1 -1 -1 -1 -1 -1 -1 -1
-1 -1 -1 -1 -1 -1 -1
-1 -1 -1 -1 -1 -1 -1 -1
-1 -1 -1 -1 -1 -1
-1 -1 -1 -1 -1 -1 -1 -1
-1 -1 -1 -1 -1 -1
-1 -1 -1 -1 -1 -1 -1
-1 -1 -1 -1 -1 -1 -1
-1 -1 -1 -1 -1 -1 -1
-1 -1 -1 -1 -1 -1 -1 -1 -1
-1 -1 -1 -1 -1 -1 -1 -1 -1
-1 -1 -1 -1 -1 -1 -1 -1
-1 -1 -1 -1 -1 -1 -1 -1 -1
-1 -1 -1 -1 -1 -1
-1 -1 -1 -1 -1 -1 -1
-1 -1 -1 -1 -1 -1 -1 -1
-1 -1 -1 -1 -1 -1
-1 -1 -1 -1 -1 -1
-1 -1 -1 -1 -1 -1 -1
-1 -1 -1 -1 -1 -1 -1
-1 -1 -1 -1 -1 -1
-1 -1 -1 -1 -1 -1 -1
-1 -1 -1 -1 -1 -1 -1
-1 -1 -1 -1 -1
-1 -1 -1 -1 -1 -1
-1 -1 -1 -1 -1 -1
-1 -1 -1 -1 -1
-1 -1 -1 -1 -1 -1
-1 -1 -1 -1 -1
-1 -1 -1 -1 -1 -1
-1 -1 -1 -1 -1 -1
-1 -1 -1 -1 -1 -1 -1
-1 -1 -1 -1 -1 -1
-1 -1 -1 -1 -1 -1
-1 -1 -1 -1 -1
-1 -1 -1 -1 -1
-1 -1 -1 -1
-1 -1 -1 -1 -1
-1 -1 -1 -1 -1 -1 -1
-1 -1 -1 -1
-1 -1 -1 -1 -1 -1 -1
-1 -1 -1 -1 -1 -1 -1
-1 -1 -1 -1 -1 -1
-1 -1 -1 -1 -1 -1
-1 -1 -1 -1 -1 -1 -1
-1 -1 -1 -1 -1
-1 -1 -1 -1 -1 -1 -1
-1 -1 31 31 319
-1 -1 -1 -1 -1 -1 -1
-1 -1 -1 -1 -1 -1 -1
-1 -1 31 31 40 40 40 -1
-1 -1 31 31 370 370 -1 -1 -1 -1
-1 -1 31 31 238
-1 -1 31 31 44
-1 -1 31 31 154 -1
-1 -1 31 31 91 91 91 -1
-1 -1 31 31 208 208 208 -1
-1 -1 31 31 35 35 -1
-1 -1 31 31 133 133 -1
-1 -1 31 31 232 232
-1 -1 31 31 376 376 -1
-1 -1 31 31 331 -1
-1 -1 31 31 285 -1
-1 -1 31 31 366 366 -1
-1 -1 31 31 124 124 -1
-1 -1 31 31 108 -1 -1 -1 -1
-1 -1 31 31 105
-1 -1 31 31 328 -1
-1 -1 31 31 137 137 137 137 -1 -1
-1 -1 31 31 215 215 -1 -1
-1 -1 31 31 243 243 -1 -1 -1
-1 -1 31 31 223 223 223 223 -1 -1 -1
-1 -1 31 31 345 345 -1 -1 -1 -1
-1 -1 31 31 409
-1 -1 31 31 213
-1 -1 31 31 121
-1 -1 31 31 236 236
-1 -1 31 31 342 -1 -1
-1 -1 31 31 396 -1
-1 -1 31 31 106 106 -1
-1 -1 31 31 274 274 -1 -1 -1
-1 -1 31 31 42 42 42 -1 -1
-1 -1 31 31 231 231 231 -1 -1 -1 -1
-1 -1 31 31 84 84 84
-1 -1 -1 -1 -1 -1 -1 -1
-1 -1 -1 -1 -1 -1 -1 -1
-1 -1 -1 -1 -1 -1 -1 -1
-1 -1 -1 -1 -1 -1
-1 -1 31 31 -1
-1 -1 31 31 -1
-1 -1 31 31 112
-1 -1 31 31 271
-1 -1 31 31 -1 -1 -1 -1
-1 -1 -1 -1 -1 -1 -1
-1 -1 31 31 370 370 -1 -1 -1 -1
-1 -1 31 31 178 178 -1 -1 -1 -1
-1 -1 31 31 86 86 86 86 -1
-1 -1 31 31 255 255 255 255 -1
-1 -1 31 31 261 261 -1 -1
-1 -1 31 31 133 133 -1
-1 -1 31 31 293 293 -1 -1
-1 -1 31 31 247 247
-1 -1 31 31 65 -1 -1
-1 -1 31 31 207 207 -1
-1 -1 31 31 250 250 250
-1 -1 31 31 392 392 -1 -1
-1 -1 31 31 81 -1
-1 -1 31 31 215 215 -1 -1
-1 -1 31 31 353 353 353 -1
-1 -1 31 31 243 243 -1 -1 -1
-1 -1 31 31 223 223 223 223 -1 -1 -1
-1 -1 31 31 108 -1 -1 -1 -1
-1 -1 31 31 154 -1
-1 -1 31 31 106 106 -1
-1 -1 31 31 274 274 -1 -1
-1 -1 -1 -1 -1 -1 -1 -1
-1 -1 -1 -1 -1 -1 -1
-1 -1 -1 -1 -1 -1 -1
-1 -1 31 31 229
-1 -1 31 31 59
-1 -1 31 31 162
-1 -1 31 31 95 -1
-1 -1 31 31 147 147 -1 -1 -1 -1
-1 -1 31 31 101 101 -1 -1 -1 -1
-1 -1 31 31 187 187 -1 -1 -1 -1
-1 -1 31 31 109 109 -1 -1 -1 -1
-1 -1 31 31 112
-1 -1 31 31 344 -1
-1 -1 31 31 216
-1 -1 31 31 138 138 138 -1 -1
-1 -1 31 31 375 375 375 -1
-1 -1 31 31 316 316 -1
-1 -1 31 31 403 403 403 -1 -1
-1 -1 31 31 143 143 143 -1 -1
-1 -1 -1 -1 -1 -1 -1 -1
-1 -1 -1 -1 -1 -1
-1 -1 31 370 370 -1 -1 -1 -1
-1 -1 31 86 86 86 86 -1
-1 -1 31 94 94 94 -1 -1
-1 -1 31 398 398 398
-1 -1 31 176 -1
-1 -1 31 290 290
-1 -1 31 288
-1 -1 31 344 -1
-1 -1 31 261 261 -1 -1
-1 -1 31 87
-1 -1 31 51 51
-1 -1 31 112
-1 -1 31 378 378
-1 -1 31 167
-1 -1 31 407 -1
-1 -1 31 334 -1
-1 -1 31 48 48 48 48 48 -1 -1 -1 -1
-1 -1 31 142 142 142 -1 -1
-1 -1 31 385 385 385
-1 -1 31 255 255 255 255 -1
-1 -1 31 312 312 -1 -1 -1
-1 -1 31 271
-1 -1 31 402 402
-1 -1 31 289 289
-1 -1 31 64 64
-1 -1 31 35 35
-1 -1 31 133 133 -1
-1 -1 31 374 374 374 374
-1 -1 31 207 207 -1
-1 -1 31 40 40 40 -1
-1 -1 31 239 239 239 239 -1
-1 -1 31 337 337 -1 -1 -1
-1 -1 31 296 -1 -1
-1 -1 31 303
-1 -1 31 294 294
-1 -1 31 268 268 268
-1 -1 31 110 110 110
-1 -1 31 98 98
-1 -1 31 388 388 -1 -1
-1 -1 31 173 173 173 -1
-1 -1 31 265 265
-1 -1 31 309 309 309 309
-1 -1 31 154 -1
-1 -1 31 153 -1
-1 -1 31 61 -1
-1 -1 31 403 403 403 -1 -1
-1 -1 31 38 38 38 -1 -1 -1 -1
-1 -1 31 162
-1 -1 31 59
-1 -1 31 189
-1 -1 31 70
-1 -1 31 322 -1 -1
-1 -1 31 338 -1 -1
-1 -1 31 371 371 371 -1
-1 -1 31 143 143 143 -1 -1
-1 -1 31 76 -1
-1 -1 31 336 -1
-1 -1 31 335 -1
-1 -1 31 293 293 -1 -1
-1 -1 31 327 327 -1 -1
-1 -1 31 77 -1 -1 -1
-1 -1 31 81 -1 -1
-1 -1 31 369
-1 -1 31 339 339 339 -1
-1 -1 31 285 -1
-1 -1 31 328 -1
-1 -1 31 47 -1
-1 -1 31 37 37 -1 -1
-1 -1 31 353 353 353 -1
-1 -1 31 215 215 -1 -1
-1 -1 31 159 159 -1 -1 -1
-1 -1 31 405 405 405 -1
-1 -1 31 358 358 358 358 -1 -1 -1
-1 -1 31 72 72 72 -1 -1 -1
-1 -1 31 263 263 263 -1
-1 -1 31 275 -1
-1 -1 31 131 -1
-1 -1 31 395 -1 -1
-1 -1 31 400 400 -1
-1 -1 31 277 -1 -1 -1 -1
-1 -1 31 362 362 362 -1
-1 -1 31 170 170 -1 -1 -1 -1
-1 -1 31 345 345 -1 -1 -1 -1
-1 -1 31 373 373 373 -1
-1 -1 31 387 387 -1 -1 -1
-1 -1 31 191 191 191 191 191 -1
-1 -1 31 360 360 360 -1 -1 -1
-1 -1 31 205 205 -1 -1 -1 -1
-1 -1 31 396 -1
-1 -1 31 342 -1 -1
-1 -1 31 161 -1 -1
-1 -1 31 384 384 384 -1
-1 -1 31 130 130 130 130 130 130 -1
-1 -1 31 230 230 230 230 -1
-1 -1 31 208 208 208 -1
-1 -1 31 372 372 372 372 -1 -1
-1 -1 31 349 349 349 349 -1 -1 -1
-1 -1 31 359 359 359 359 -1
-1 -1 31 219 219 219 219 -1
-1 -1 31 120 120 120 -1
-1 -1 31 304 304 304 304 -1
-1 -1 -1 -1 -1 -1
-1 -1 -1 -1 -1
-1 -1 31 31 -1 -1 -1 -1 -1 -1
-1 -1 31 31 386 386 -1
-1 -1 31 31 324
-1 -1 31 31 -1 -1 -1 -1
-1 -1 31 31 64 64
-1 -1 31 31 227
-1 -1 31 31 151 151 -1
-1 -1 31 31 98 98
-1 -1 31 31 369
-1 -1 31 31 76 -1
-1 -1 31 31 328 -1
-1 -1 31 31 -1 -1 -1 -1
-1 -1 31 31 -1 -1 -1 -1
-1 -1 31 31 -1 -1 -1 -1
-1 -1 31 31 285 -1
-1 -1 31 31 288
-1 -1 31 31 153 -1
-1 -1 31 31 359 359 359 359 -1
-1 -1 31 31 364 364 364 -1 -1 -1
-1 -1 31 31 -1 -1 -1
-1 -1 31 364 364 364 -1 -1 -1
-1 -1 31 364 364 364 -1 -1 -1
-1 -1 31 215 215 -1 -1
-1 -1 31 76 -1
-1 -1 -1 -1 -1 -1 -1
-1 -1 31 31 154 -1
-1 -1 31 31 208 208 208 -1
-1 -1 31 31 181
-1 -1 31 31 361
-1 -1 31 31 220
-1 -1 31 31 323
-1 -1 31 31 319
-1 -1 31 31 306 306
-1 -1 31 31 196 196
-1 -1 31 31 285 -1
-1 -1 31 31 108 -1 -1 -1 -1
-1 -1 31 31 328 -1
-1 -1 31 31 215 215 -1 -1
-1 -1 31 31 243 243 -1 -1 -1
-1 -1 31 31 223 223 223 223 -1 -1 -1
-1 -1 31 31 342 -1 -1
-1 -1 31 31 396 -1
-1 -1 -1 -1 -1 -1 -1
-1 -1 -1 -1 -1
-1 -1 -1 -1 -1 -1 -1 -1
-1 -1 31 31 -1 -1 -1 -1 -1 -1 -1
-1 -1 31 31 -1 -1 -1 -1 -1
-1 -1 31 31 -1 -1 -1 -1
-1 -1 31 31 76 -1
-1 -1 31 31 64 64
-1 -1 31 31 112
-1 -1 31 31 378 378
-1 -1 31 31 344 -1
-1 -1 31 31 162
-1 -1 31 31 374 374 374 374
-1 -1 31 31 243 243 -1 -1
-1 -1 31 31 215 215 -1 -1
-1 -1 31 31 400 400 -1
-1 -1 31 31 277 -1 -1 -1 -1
-1 -1 31 31 362 362 362 -1
-1 -1 31 31 131 -1
-1 -1 31 31 396 -1
-1 -1 31 31 342 -1 -1
-1 -1 31 31 403 403 403 -1 -1
-1 -1 31 31 46 46 46 -1
-1 -1 31 31 384 384 384 -1
-1 -1 31 31 -1 -1 -1
-1 -1 31 31 -1 -1 -1
-1 -1 31 31 -1 -1 -1 -1 -1 -1
-1 -1 31 31 -1 -1 -1 -1 -1 -1
-1 -1 31 31 200 -1 -1 -1 -1
-1 -1 31 31 344 -1
-1 -1 31 31 251 -1
-1 -1 31 31 309 309 309 309
-1 -1 31 31 227
-1 -1 31 31 -1 -1
-1 -1 31 31 64 64
-1 -1 31 31 -1 -1 -1 -1 -1
-1 -1 31 31 -1 -1 -1 -1
-1 -1 31 31 294 294
-1 -1 31 31 268 268 268
-1 -1 31 31 110 110 110
-1 -1 31 31 -1 -1 -1
-1 -1 31 31 -1 -1 -1
-1 -1 31 31 -1 -1
-1 -1 31 31 -1 -1 -1 -1
-1 -1 31 31 -1 -1 -1 -1
-1 -1 31 31 374 374 374 374
-1 -1 31 31 171 171 -1
-1 -1 31 31 -1 -1 -1 -1
-1 -1 31 31 -1 -1
-1 -1 31 31 -1 -1 -1 -1 -1
-1 -1 31 31 101 101 -1 -1 -1 -1
-1 -1 31 31 109 109 -1 -1 -1 -1
-1 -1 31 31 -1 -1 -1 -1 -1 -1
-1 -1 31 31 398 398 398
-1 -1 31 31 -1 -1 -1
-1 -1 31 31 297
-1 -1 31 31 154 -1
-1 -1 31 31 38 38 38 -1 -1 -1 -1
-1 -1 31 31 61 -1
-1 -1 31 31 161 -1 -1 -1
-1 -1 31 31 -1 -1
-1 -1 31 31 97 -1 -1
-1 -1 31 31 71 71 -1
-1 -1 31 31 -1 -1 -1 -1
-1 -1 31 31 77 -1 -1 -1
-1 -1 31 31 277 -1 -1 -1 -1
-1 -1 31 31 205 205 -1 -1 -1 -1
-1 -1 31 31 243 243 -1 -1
-1 -1 31 31 -1 -1 -1 -1 -1 -1
-1 -1 31 31 -1 -1 -1
-1 -1 31 31 408 -1 -1
-1 -1 31 31 76 -1
-1 -1 31 31 -1 -1 -1
-1 -1 31 31 285 -1
-1 -1 31 31 328 -1
-1 -1 31 31 47 -1
-1 -1 31 31 342 -1 -1
-1 -1 31 31 396 -1
-1 -1 31 31 -1
-1 -1 31 31 31 31 76 -1
-1 -1 31 31 31 31 -1 -1 -1 -1 -1 -1
-1 -1 31 31 31 31 -1 -1 -1 -1
-1 -1 31 31 31 31 -1 -1 -1
-1 -1 31 31 31 31 -1 -1
-1 -1 31 31 31 31 -1 -1 -1
-1 -1 31 31 31 31 153 -1
-1 -1 31 31 31 31 -1
-1 -1 31 31 31 31 -1 -1
-1 -1 31 31 31 31 -1 -1 -1
-1 -1 31 31 31 31 327 327 -1 -1
-1 -1 31 31 31 31 162
-1 -1 31 31 31 31 -1
-1 -1 31 31 31 31 167
-1 -1 31 31 31 31 -1 -1
-1 -1 31 31 31 31 -1 -1
-1 -1 31 31 31 31 -1 -1
-1 -1 31 31 31 31 -1 -1
-1 -1 31 31 31 31 64 64
-1 -1 31 31 31 31 -1
-1 -1 31 31 31 31 -1 -1 -1 -1 -1
-1 -1 31 31 31 31 -1 -1 -1 -1
-1 -1 31 31 31 31 395 -1
-1 -1 31 31 31 31 81 -1 -1
-1 -1 31 31 31 31 407 -1
-1 -1 31 31 31 31 -1 -1
-1 -1 31 31 31 31 403 403 403 -1 -1
-1 -1 -1 -1 -1 -1 -1
-1 -1 -1 -1 -1 -1 -1 -1
-1 -1 -1 -1 -1 -1 -1 -1 -1 -1
-1 -1 -1 -1 -1 -1 -1 -1
-1 -1 -1 -1 -1 -1 -1 -1
-1 -1 -1 -1 -1 -1 -1 -1
-1 -1 31 31 261 261 -1 -1
-1 -1 31 31 123 123 -1
-1 -1 31 31 297
-1 -1 31 31 154 -1
-1 -1 31 31 378 378 -1
-1 -1 31 31 56 56 -1
-1 -1 31 31 218 -1 -1 -1 -1
-1 -1 31 31 200 -1
-1 -1 31 31 391
-1 -1 31 31 -1 -1
-1 -1 31 31 149 -1
-1 -1 31 31 164 -1
-1 -1 31 31 -1 -1 -1
-1 -1 -1 -1 -1 -1
-1 -1 -1 -1 -1 -1
-1 -1 -1 -1 -1
-1 -1 -1 -1 -1 -1 -1
-1 -1 31 31 165 -1
-1 -1 31 31 200
-1 -1 31 31 -1 -1
-1 -1 31 31 61 -1
-1 -1 31 31 31 -1 -1 -1 -1 -1 -1
-1 -1 31 31 31 -1 -1 -1 -1 -1 -1
-1 -1 31 31 31 347 347
-1 -1 31 31 31 -1 -1 -1 -1 -1
-1 -1 31 31 31 56 56
-1 -1 31 31 31 -1 -1 -1
-1 -1 31 31 31 200 -1
-1 -1 31 31 31 -1
-1 -1 31 31 31 224 224 -1 -1
-1 -1 31 31 31 153 -1
-1 -1 31 31 31 159 159 -1 -1 -1 -1
-1 -1 31 31 31 190 -1 -1 -1
-1 -1 31 31 31 266
-1 -1 31 31 31 149 -1
-1 -1 31 31 31 90 -1 -1 -1 -1
-1 -1 31 31 31 160 -1
-1 -1 -1 -1 -1 -1 -1
-1 -1 -1 -1 -1 -1
-1 -1 -1 -1
-1 -1 12 12 111
-1 -1 12 12 343 -1
-1 -1 12 12 377 377
-1 -1 12 12 57 57 -1 -1 -1 -1
-1 -1 12 12 -1 -1 -1 -1 -1 -1
-1 -1 12 12 260 260 -1 -1
-1 -1 12 12 122 122 -1
-1 -1 12 12 283 -1 -1 -1 -1
-1 -1 12 12 104
-1 -1 12 12 269 -1 -1
-1 -1 12 12 -1 -1 -1 -1
-1 -1 12 12 68
-1 -1 12 12 241 -1 -1
-1 -1 12 12 214 214 -1 -1
-1 -1 12 12 158 158 -1 -1 -1
-1 -1 12 12 55 55 -1
-1 -1 12 12 199 -1
-1 -1 12 12 209 209 -1
-1 -1 12 12 217 -1 -1 -1
-1 -1 12 12 148 -1
-1 -1 12 12 168 -1 -1
-1 -1 12 12 49 49 -1
-1 -1 12 12 346 346 -1 -1 -1
-1 -1 12 12 -1 -1 -1 -1 -1
-1 -1 31 31 -1 -1
-1 -1 31 31 -1 -1
-1 -1 31 31 -1 -1 -1
-1 -1 31 31 -1
-1 -1 31 31 -1
-1 -1 31 31 -1
-1 -1 31 31 -1 -1
-1 -1 31 31 -1 -1 -1
-1 -1 31 31 31 -1
-1 -1 31 31 31 338
-1 -1 31 31 31 -1
-1 -1 31 31 31 338
-1 -1 -1 -1 -1
-1 -1 31 -1
-1 -1 -1 -1 -1 -1
-1 -1 -1 -1 -1
-1 -1 31 410 -1
-1 -1 31 271
-1 -1 -1 -1 -1
-1 -1 -1 -1 -1 -1
-1 -1 -1 -1 -1 -1 -1
-1 -1 31 31 103 -1
-1 -1 31 31 -1 -1 -1 -1 -1
-1 -1 31 31 -1 -1
-1 -1 -1 -1 -1 -1 -1 -1 -1
-1 -1 -1 -1 -1 -1 -1
-1 -1 -1 -1 -1 -1 -1
-1 -1 -1 -1 -1 -1
-1 -1 -1 -1 -1
-1 -1 -1 -1 -1
-1 -1 -1 -1 -1
-1 -1 -1 -1 -1 -1
-1 -1 -1 -1
-1 -1 -1 -1 -1 -1 -1 -1
-1 -1 -1 -1 -1 -1 -1
-1 -1 8 8 -1
-1 -1 8 8 -1
-1 -1 -1 -1 -1
-1 -1 -1 -1 -1
-1 -1 -1 -1 -1
-1 -1 -1 -1 -1
-1 -1 -1 -1 -1 -1 -1
-1 -1 -1 -1 -1
-1 -1 -1 -1 -1
-1 -1 -1 -1 -1
-1 -1 -1 -1 -1
-1 -1 -1 -1 -1
-1 -1 -1 -1 -1
-1 -1 -1 -1 -1 -1
-1 -1 -1 -1 -1 -1 -1
-1 -1 -1 -1
-1 -1 -1 -1 -1 -1
-1 -1 -1 -1 -1
-1 -1 19 19 19 -1 -1 -1
-1 -1 19 19 19 -1 -1 -1
-1 -1 19 19 19 -1 -1 -1 -1 -1
-1 -1 31 -1
-1 -1 31 -1
-1 -1 -1 -1 -1 -1 -1 -1
-1 -1 -1 -1
-1 -1 -1 -1 -1 -1
-1 -1 -1 -1 -1 -1
-1 -1 31 -1 -1
-1 -1 31 -1 -1 -1
-1 -1 31 -1 -1 -1 -1
-1 -1 31 -1 -1 -1 -1
-1 -1 31 410 -1
-1 -1 31 -1 -1 -1
-1 -1 31 -1
-1 -1 31 -1 -1
-1 -1 -1 -1 -1 -1 -1 -1
-1 -1 -1 -1 -1 -1 -1
-1 -1 -1 -1 -1 -1 -1
-1 -1 -1 -1 -1 -1 -1
-1 -1 -1 -1 -1 -1
-1 -1 -1 -1 -1 -1 -1 -1 -1
-1 -1 -1 -1 -1 -1 -1 -1
-1 -1 -1 -1 -1 -1
-1 -1 -1 -1 -1 -1 -1 -1 -1
-1 -1 -1 -1 -1 -1
-1 -1 -1 -1 -1 -1
-1 -1 -1 -1 -1
-1 -1 -1 -1 -1
-1 -1 -1
-1 -1 -1 -1 -1 -1 -1 -1 -1
-1 -1 -1 -1 -1 -1 -1 -1
-1 -1 -1 -1 -1 -1 -1 -1
-1 -1 20 20 -1 -1 -1
-1 -1 20 20 -1 -1 -1
-1 -1 -1 -1 -1 -1
-1 -1 -1 -1 -1 -1 -1
-1 -1 20 20 20 -1 -1
-1 -1 20 20 20 -1 -1 -1
-1 -1 -1 -1 -1 -1 -1
-1 -1 -1 -1 -1 -1
-1 -1 -1 -1 -1 -1
-1 -1 -1 -1 -1 -1 -1
-1 -1 -1 -1 -1 -1 -1
-1 -1 -1 -1 -1 -1
-1 -1 -1 -1 -1 -1 -1
-1 -1 -1 -1 -1 -1 -1 -1 -1
-1 -1 -1 -1 -1 -1 -1 -1
-1 -1 -1 -1 -1 -1 -1 -1
-1 -1 -1 -1 -1
-1 -1 -1
-1 -1 -1 -1 -1 -1
-1 -1 -1 -1 -1 -1
-1 -1 -1 -1 -1 -1 -1
-1 -1 -1 -1 -1 -1
-1 -1 -1 -1 -1 -1 -1 -1
-1 -1 -1 -1 -1 -1 -1 -1
-1 -1 -1 -1 -1 -1 -1 -1 -1
-1 -1 -1 -1 -1 -1
-1 -1 -1 -1 -1
-1 -1 -1 -1
-1 -1 -1 -1 -1
-1 -1 -1 -1 -1
-1 -1 -1 -1
-1 -1 -1 -1 -1
-1 -1 -1 -1 -1
-1 -1 -1 -1
-1 -1 -1 -1 -1
-1 -1 -1 -1 -1
-1 -1 -1 -1 -1
-1 -1 -1 -1 -1
-1 -1 -1 -1 -1
-1 -1 -1 -1 -1
-1 34 34 -1 -1 -1
-1 34 34 -1 -1
-1 34 34 -1 -1
-1 34 34 -1 -1 -1 -1 -1
-1 34 34 -1 -1 -1 -1 -1
-1 34 34 -1
-1 34 34 -1 -1
-1 34 34 34 -1 -1 -1 -1
-1 34 34 34 -1 -1 -1 -1
-1 34 34 34 -1 -1 -1 -1 -1
-1 34 34 34 -1 -1
-1 34 34 34 -1 -1
-1 34 34 34 -1 -1 -1 -1
-1 34 34 34 419 -1 -1
-1 34 34 34 -1 -1 -1 -1 -1
-1 34 34 34 -1 -1 -1 -1 -1
-1 -1 -1 -1
-1 -1 -1 -1 -1 -1 -1
-1 -1 -1 -1
-1 -1 -1 -1 -1 -1
-1 -1 -1 -1
-1 -1 -1 -1 -1
-1 -1 -1 -1 -1
-1 -1 -1 -1
-1 -1 -1 -1
-1 -1 -1 -1
-1 -1 -1 -1 -1
-1 -1 -1 -1 -1
-1 -1 -1 -1 -1 -1
-1 -1 -1 -1 -1 -1
-1 -1 -1 -1 -1
-1 -1 -1 -1
-1 -1 -1 -1 -1 -1 -1
-1 -1 -1 -1 -1 -1 -1 -1
-1 -1 -1 -1 -1 -1 -1 -1
-1 -1 -1 -1 -1 -1 -1
-1 -1 -1 -1
-1 -1 -1 -1 -1 -1
-1 -1 -1 -1 -1 -1 -1 -1
-1 -1 -1 -1 -1 -1
-1 -1 -1 -1 -1 -1
-1 -1 -1 -1 -1 -1
-1 -1 -1
-1 -1 -1
-1 -1 -1
-1 -1 -1 -1 -1
-1 -1 -1
-1 -1 -1 -1 -1 -1
-1 -1 -1 -1 -1
-1 -1 -1 -1 -1
-1 -1 -1 -1 -1
-1 -1 -1 -1
-1 -1 -1 -1
-1 -1 -1 -1 -1
-1 -1 -1 -1 -1
-1 -1 -1 -1 -1
-1 -1 -1 -1 -1 -1 -1 -1
-1 -1 -1 -1 -1 -1 -1 -1
-1 -1 -1 -1 -1 -1 -1 -1
-1 -1 -1 -1 -1 -1 -1 -1
-1 -1 -1 -1 -1 -1 -1 -1 -1
-1 -1 -1 -1 -1 -1 -1 -1
-1 -1 -1 -1 -1 -1 -1 -1
-1 -1 -1 -1 -1 -1 -1 -1
-1 -1 -1 -1 -1 -1 -1 -1
-1 -1 -1 -1 -1 -1 -1 -1 -1
-1 -1 -1 -1 -1 -1 -1 -1 -1
-1 -1 -1 -1 -1
-1 -1 -1 -1 -1 -1 -1
-1 -1 -1 -1 -1 -1
-1 -1 -1 -1 -1
-1 -1 -1 -1 -1 -1
-1 -1 -1 -1 -1 -1 -1 -1
-1 -1 -1 -1 -1 -1 -1 -1
-1 -1 -1 -1 -1 -1 -1 -1 -1
-1 -1 -1 -1
-1 -1 -1 -1 -1
-1 -1 -1 -1 -1 -1
-1 -1 -1 -1
-1 -1 -1 -1 -1 -1 -1
-1 -1 -1 -1 -1 -1 -1
-1 -1 -1 -1 -1 -1 -1 -1 -1
-1 -1 -1 -1 -1 -1 -1 -1
-1 -1 -1 -1 -1
-1 -1 -1 -1 -1
-1 -1 -1 -1
-1 -1 -1 -1
-1 -1 -1 -1
-1 -1 -1 -1 -1
-1 -1 -1 -1 -1 -1 -1 -1
-1 -1 -1 -1 -1 -1 -1 -1
-1 -1 -1 -1 -1
-1 -1 -1 -1 -1 -1 -1
-1 -1 -1
-1 -1 -1 -1 -1 -1
-1 -1 -1 -1
-1 -1 -1 -1 -1 -1 -1 -1
-1 -1 -1 -1 -1 -1 -1 -1
-1 -1 -1 -1 -1 -1 -1
-1 -1 -1 -1 -1 -1 -1 -1
-1 -1 -1 -1 -1 -1
-1 -1 -1 -1 -1 -1 -1 -1 -1
-1 -1 -1 -1 -1 -1
-1 -1 -1 -1 -1 -1 -1 -1
-1 -1 -1 -1 -1 -1
-1 -1 -1 -1 -1 -1
-1 -1 -1 -1 -1 -1 -1
-1 -1 -1 -1
-1 -1 -1 -1 -1
-1 -1 -1 -1 -1 -1 -1
-1 -1 -1 -1 -1
-1 -1 -1 -1 -1 -1
-1 31 -1
-1 31 356 -1
-1 31 355 -1
-1 31 310
-1 31 -1
-1 31 -1 -1
-1 31 259
-1 31 -1 -1
-1 31 -1 -1
-1 31 242 -1
-1 31 93 -1 -1 -1 -1
-1 31 -1 -1 -1 -1 -1 -1 -1
-1 31 -1 -1 -1 -1
-1 31 -1 -1 -1 -1 -1 -1 -1
-1 31 179 -1 -1 -1 -1
-1 31 -1 -1 -1 -1 -1
-1 31 61 -1 -1 -1 -1
-1 31 -1 -1 -1 -1 -1 -1 -1
-1 31 -1 -1 -1 -1
-1 31 78
-1 31 -1 -1 -1
-1 31 -1 -1 -1
-1 31 200 -1 -1 -1 -1
-1 31 -1 -1 -1 -1
-1 31 -1 -1 -1 -1 -1 -1
-1 -1 -1 -1
-1 31 31 -1 -1 -1 -1
-1 31 31 39 39 -1
-1 31 31 -1 -1 -1
-1 31 31 292 -1
-1 31 31 -1 -1
-1 31 31 -1 -1
-1 31 31 80 -1 -1 -1
-1 31 31 172 172
-1 31 31 -1
-1 31 31 116
-1 31 31 -1 -1 -1 -1
-1 31 31 -1 -1 -1
-1 31 31 -1 -1 -1
-1 31 31 381 381 -1
-1 31 31 333 333
-1 31 31 414 414
-1 31 31 152 152 -1
-1 31 31 174 174 -1
-1 31 31 291 291 -1
-1 31 31 31 80 -1 -1 -1
-1 31 31 -1 -1 -1 -1 -1 -1 -1
-1 31 31 292 -1
-1 31 31 172 172
-1 31 31 -1 -1 -1
-1 31 31 -1 -1 -1 -1 -1 -1
-1 31 31 -1 -1 -1 -1
-1 31 31 116
-1 31 31 -1 -1 -1
-1 31 31 80 -1 -1 -1
-1 31 31 333 333
-1 31 31 414 414
-1 31 -1 -1
-1 31 271
-1 31 -1 -1 -1
-1 31 380 380
-1 31 203 203
-1 31 -1
-1 31 314 -1
-1 31 75 75 -1
-1 31 -1 -1
-1 31 396 -1 -1 -1
-1 31 31 184 184 -1
-1 31 31 380 380
-1 31 31 203 203
-1 31 31 -1 -1 -1 -1 -1
-1 31 31 -1 -1 -1 -1 -1
-1 31 31 -1 -1 -1 -1
-1 31 31 184 184 -1
-1 31 31 31 126 -1
-1 31 271
-1 31 153 -1
-1 31 314 -1
-1 31 -1 -1 -1
-1 31 174 174 -1
-1 31 -1 -1 -1
-1 31 -1 -1
-1 31 -1 -1
-1 31 -1
-1 31 -1
-1 31 -1 -1
-1 31 -1
-1 31 -1 -1
-1 31 -1 -1
-1 31 -1 -1 -1 -1
-1 31 291 291 -1 -1
-1 31 152 152 -1
-1 31 381 381
-1 31 380 380
-1 31 203 203
-1 31 75 75 -1
-1 31 -1 -1 -1 -1
-1 31 221
-1 31 -1 -1 -1 -1 -1
-1 31 -1 -1 -1
-1 31 36 36 -1
-1 31 -1 -1 -1 -1 -1
-1 31 -1 -1 -1 -1 -1 -1
-1 31 -1 -1 -1 -1
-1 31 -1 -1 -1 -1 -1 -1
-1 31 -1 -1 -1 -1 -1
-1 31 -1 -1 -1 -1 -1 -1
-1 31 -1
-1 31 126
-1 31 31 -1 -1 -1
-1 31 31 -1 -1 -1 -1
-1 31 31 31 36 36 -1
-1 31 31 31 126 -1 -1
-1 31 31 31 31 126 -1
-1 31 31 203 203
-1 31 31 221
-1 31 31 31 36 36 -1
-1 -1 -1 -1 -1
-1 -1 -1 -1
-1 -1 -1 -1 -1 -1 -1
-1 -1 -1 -1 -1 -1 -1
-1 -1 -1 -1 -1 -1 -1
-1 -1 -1 -1
-1 -1 -1
-1 -1 -1 -1
-1 -1 -1 -1
-1 -1 -1 -1 -1 -1
-1 -1 -1 -1
-1 -1 -1 -1 -1
-1 -1 -1
-1 -1 -1
-1 -1 -1 -1 -1 -1
-1 -1 -1 -1 -1 -1
-1 -1 -1 -1 -1 -1 -1 -1 -1
-1 -1 -1 -1 -1 -1 -1 -1
-1 -1 -1 -1 -1 -1
-1 -1 -1 -1 -1 -1
-1 28 28 85
-1 28 28 119 -1 -1 -1
-1 28 28 258
-1 28 28 211 211 -1
-1 28 28 96 96 96 -1 -1 -1 -1
-1 28 28 114 114
-1 28 28 212 212
-1 28 28 320 320
-1 -1 -1 -1 -1
-1 -1 -1 -1 -1 -1 -1
-1 -1 -1 -1 -1 -1 -1
-1 -1 -1 -1 -1 -1 -1 -1
-1 28 28 -1 -1
-1 28 28 -1 -1 -1
-1 28 28 -1 -1 -1
-1 28 28 -1 -1 -1 -1
-1 -1 -1 -1
-1 -1 -1 -1 -1
-1 -1 -1 -1
-1 -1 -1 -1
-1 -1 -1 -1 -1 -1 -1 -1
-1 -1 -1 -1 -1 -1
-1 -1 -1 -1 -1
-1 -1 -1 -1 -1 -1 -1
-1 -1 -1 -1 -1
-1 -1 -1 -1
-1 -1 -1
-1 5 5 5 -1 -1 -1 -1
-1 5 5 5 -1 -1 -1
-1 5 5 5 -1 -1 -1
-1 5 5 5 -1 -1 -1 -1 -1
-1 5 5 5 -1 -1 -1
-1 5 5 5 -1 -1 -1
-1 5 5 5 -1 -1 -1
-1 5 5 5 -1 -1 -1
-1 5 5 5 -1 -1
-1 -1 -1 -1 -1
-1 -1 -1 -1
-1 -1 -1 -1 -1 -1 -1
-1 -1 -1 -1
-1 -1 -1 -1 -1 -1 -1 -1
-1 -1 -1 -1
-1 -1 -1 -1 -1 -1
-1 -1 -1 -1 -1 -1
-1 25 25 -1 -1
-1 25 25 -1
-1 25 25 -1 -1 -1 -1 -1 -1
-1 25 25 -1
-1 25 25 -1 -1 -1 -1
-1 25 25 -1
-1 25 -1
-1 25 -1 -1 -1 -1 -1
-1 25 -1 -1 -1 -1 -1 -1
-1 25 -1 -1 -1 -1 -1
-1 25 -1 -1 -1 -1 -1
-1 25 -1 -1 -1 -1 -1
-1 25 -1 -1 -1 -1 -1
-1 25 -1 -1 -1 -1 -1
-1 25 -1 -1 -1 -1 -1
-1 25 -1 -1 -1 -1 -1
-1 25 -1 -1 -1 -1 -1 -1
-1 25 -1 -1 -1 -1 -1
-1 25 25 -1
-1 25 25 -1 -1 -1 -1 -1 -1 -1
-1 25 25 -1 -1 -1 -1 -1 -1
-1 25 25 -1
-1 25 25 -1 -1 -1 -1 -1
-1 -1 -1 -1 -1 -1 -1
-1 -1 -1 -1
-1 -1 -1 -1 -1 -1
-1 -1 -1 -1
-1 -1 -1 -1 -1
-1 -1 -1 -1 -1
-1 -1 -1 -1 -1 -1
-1 -1 -1 -1 -1 -1 -1
-1 -1 -1 -1 -1 -1
-1 -1 -1 -1 -1 -1 -1 -1
-1 -1 -1 -1 -1 -1 -1 -1
-1 -1 -1 -1 -1 -1 -1
-1 -1 -1 -1 -1 -1 -1
-1 -1 -1 -1 -1 -1 -1
-1 -1 -1 -1
-1 -1 -1 -1 -1 -1 -1 -1
-1 31 204 204 -1 -1 -1 -1
-1 31 -1 -1 -1
-1 31 -1 -1 -1 -1 -1
-1 31 -1
-1 31 -1 -1 -1 -1 -1 -1
-1 31 204 204 -1 -1 -1 -1
-1 31 -1 -1 -1 -1 -1 -1
-1 31 245 245 -1 -1 -1 -1
-1 31 31 -1 -1 -1
-1 31 31 204 204 -1 -1 -1 -1
-1 31 31 245 245 -1 -1 -1 -1
-1 -1 -1 -1 -1 -1 -1
-1 -1 -1 -1 -1
-1 -1 -1 -1
-1 -1 -1 -1 -1 -1
-1 -1 -1 -1 -1
-1 -1 -1 -1 -1 -1
-1 -1 -1 -1
-1 -1 -1 -1 -1
-1 -1 -1 -1 -1
-1 -1 -1 -1 -1
-1 -1 -1 -1 -1 -1
-1 17 17 -1 -1 -1 -1 -1 -1 -1 -1
-1 17 17 -1 -1 -1 -1 -1
-1 17 17 -1 -1 -1 -1 -1
-1 17 17 -1 -1 -1
-1 -1 -1
-1 17 17 298 -1
-1 17 17 -1 -1 -1 -1
-1 17 17 -1 -1
-1 17 17 -1 -1 -1 -1
-1 17 17 -1 -1 -1 -1
-1 17 17 -1 -1 -1 -1
-1 17 17 -1 -1 -1 -1
-1 17 17 -1 -1 -1 -1
-1 17 17 -1 -1 -1 -1
-1 -1 -1 -1 -1
-1 28 28 28 -1 -1 -1 -1
-1 -1 -1 -1
-1 -1 -1 -1 -1 -1
-1 -1 -1 -1 -1 -1 -1
-1 -1 -1 -1 -1 -1 -1
-1 -1 -1 -1 -1 -1 -1 -1
-1 -1 -1 -1 -1
-1 -1 -1 -1 -1
-1 -1 -1 -1 -1 -1 -1
-1 -1 -1 -1 -1 -1 -1
-1 -1 -1 -1 -1 -1 -1 -1 -1
-1 -1 -1 -1 -1 -1
-1 -1 -1 -1 -1
-1 -1 3 3 3 -1 -1
-1 -1 3 3 3 -1 -1 -1
-1 -1 3 3 3 82 82
-1 -1 3 3 3 415 415 -1 -1 -1 -1
-1 -1 3 3 3 307 307 -1 -1 -1
-1 -1 3 3 -1 -1 -1
-1 -1 3 3 -1 -1 -1 -1
-1 -1 3 3 -1 -1 -1 -1 -1 -1
-1 -1 3 3 -1 -1 -1 -1 -1
-1 -1 27 27 27 -1 -1 -1 -1
-1 -1 27 27 27 -1 -1 -1 -1
-1 -1 27 60 60
-1 -1 -1 -1 -1
-1 -1 -1 -1 -1 -1 -1 -1 -1
-1 -1 27 60 60
-1 -1 -1 -1 -1 -1 -1 -1
-1 -1 -1 -1 -1 -1
-1 -1 -1 -1 -1 -1
-1 -1 -1 -1 -1 -1 -1 -1
-1 -1 -1 -1 -1
-1 -1 -1 -1
-1 -1 -1 -1 -1 -1
-1 -1 -1 -1
-1 -1 -1 -1 -1 -1
-1 -1 -1 -1
-1 -1 -1 -1
-1 -1 -1 -1
-1 -1 -1 -1 -1 -1 -1
-1 -1 -1 -1 -1 -1
-1 -1 -1 -1 -1 -1
-1 -1 -1 -1 -1 -1 -1
-1 -1 -1 -1
-1 -1 -1 -1 -1
-1 -1 -1 -1 -1 -1
-1 -1 -1 -1 -1 -1
-1 -1 -1 -1 -1 -1 -1
-1 -1 -1 -1 -1 -1
-1 -1 -1 -1 -1 -1 -1 -1 -1
-1 -1 -1 -1 -1 -1 -1 -1 -1
-1 -1 -1 -1 -1 -1
-1 -1 -1 -1 -1 -1 -1 -1
-1 -1 -1 -1 -1 -1 -1 -1
-1 -1 -1 -1 -1 -1 -1 -1
-1 -1 -1 -1 -1 -1 -1 -1
-1 -1 -1 -1 -1 -1 -1 -1 -1
-1 -1 -1 -1 -1 -1 -1
-1 -1 -1 -1 -1 -1
-1 -1 -1 -1 -1
-1 -1 -1 -1
-1 -1 -1 -1 -1
-1 -1 -1 -1 -1 -1
-1 -1 28 28 -1 -1
-1 -1 28 28 211 211 -1
-1 -1 -1 -1 -1 -1 -1 -1
-1 -1 14 14 -1 -1
-1 -1 14 14 300 -1 -1 -1 -1
-1 -1 -1 -1 -1 -1 -1 -1
-1 -1 33 -1 -1 -1 -1
-1 -1 33 -1 -1
-1 -1 33 -1 -1 -1 -1 -1 -1 -1
-1 -1 33 -1 -1 -1 -1 -1
-1 -1 33 33 -1 -1 -1 -1
-1 -1 -1 -1 -1 -1 -1
-1 -1 -1 -1 -1 -1
-1 -1 -1 -1 -1 -1 -1 -1 -1
-1 -1 -1 -1 -1 -1 -1
-1 -1 -1 -1 -1 -1 -1 -1 -1
-1 -1 -1 -1 -1 -1 -1 -1
-1 -1 -1 -1 -1 -1
-1 -1 -1 -1
-1 -1 -1 -1
-1 11 11 299
-1 11 11 -1 -1 -1
-1 11 11 198
-1 11 11 -1 -1 -1
-1 11 11 -1
-1 11 11 -1
-1 11 11 278 -1
-1 11 11 -1
-1 -1 -1 -1 -1 -1
-1 -1 -1 -1
-1 -1 -1 -1 -1
-1 -1 -1 -1 -1 -1
-1 -1 -1 -1 -1 -1 -1
-1 -1 -1 -1 -1 -1 -1 -1 -1
-1 -1 -1 -1 -1 -1 -1 -1 -1
-1 -1 -1 -1 -1 -1 -1 -1 -1
-1 -1 -1 -1 -1 -1 -1 -1 -1
-1 -1 -1 -1 -1 -1 -1 -1 -1 -1 -1
-1 -1 -1 -1 -1 -1 -1 -1 -1
-1 -1 -1 -1 -1 -1 -1 -1 -1
-1 -1 -1 -1 -1 -1 -1 -1
-1 -1 -1 -1 -1 -1 -1
-1 -1 -1 -1 -1
-1 -1 -1 -1 -1 -1 -1
-1 -1 -1 -1 -1 -1 -1
-1 -1 -1 -1 -1
-1 -1 -1 -1 -1 -1 -1
-1 -1 -1
-1 -1 -1 -1 -1
-1 -1 -1 -1 -1 -1
-1 -1 -1 -1 -1 -1
-1 -1 -1 -1 -1 -1 -1
-1 -1 -1 -1 -1 -1
-1 -1 -1 -1 -1 -1 -1
-1 -1 -1 -1 -1 -1 -1
-1 -1 -1 -1 -1 -1
-1 -1 -1 -1 -1
-1 -1 -1 -1 -1
-1 -1 -1 -1 -1 -1
-1 -1 -1 -1 -1
-1 -1 -1 -1 -1 -1 -1
-1 -1 -1 -1 -1 -1
-1 32 -1
-1 32 -1 -1 -1 -1
-1 32 -1
-1 32 -1 -1 -1 -1 -1 -1
-1 32 -1 -1 -1 -1 -1
-1 32 -1 -1
-1 32 -1 -1 -1 -1 -1 -1
-1 32 -1 -1 -1 -1 -1 -1 -1
-1 32 -1 -1 -1 -1
-1 32 32 -1 -1 -1 -1 -1
-1 -1 -1 -1 -1 -1 -1
-1 -1 -1 -1 -1 -1 -1
-1 -1 -1 -1 -1 -1 -1
-1 -1 -1 -1 -1 -1 -1
-1 -1 -1 -1 -1 -1 -1 -1
-1 31 31 31 -1
-1 31 31 31 -1
-1 31 31 31 -1
-1 31 31 31 -1 -1 -1
-1 31 31 31 -1 -1 -1
-1 31 31 31 -1
-1 -1 -1 -1 -1 -1
-1 -1 -1 -1 -1 -1
-1 -1 -1 -1 -1 -1 -1 -1 -1
-1 -1 -1 -1 -1
-1 -1 -1 -1 -1 -1
-1 -1 -1 -1 -1
-1 -1 -1 -1 -1 -1
-1 9 9 9 9 -1 -1 -1 -1 -1
-1 9 9 9 9 102
-1 9 9 9 9 -1
-1 15 15 15 15 -1 -1 -1 -1 -1
-1 15 15 15 15 -1 -1 -1
-1 15 15 15 15 -1 -1 -1 -1 -1 -1
