-1 -1 -1 -1
-1 -1 -1 -1
-1 -1 -1 -1 -1
-1 -1 -1 -1 -1
-1 -1 -1 -1 -1
-1 -1 -1 -1 -1
-1 -1 -1 -1 -1 -1
-1 -1 -1 -1 -1
-1 -1 -1 -1 -1 -1 -1 -1
-1 -1 -1 -1 -1 -1 -1 -1 -1
-1 -1 -1 -1 -1 -1 -1
-1 -1 -1 -1 -1 -1
-1 -1 -1 -1 -1 -1 -1
-1 -1 -1 -1 -1 -1 -1 -1
-1 -1 -1 -1 -1 -1 -1
-1 -1 -1 -1 -1 -1 -1
-1 22 22 -1 -1 -1 -1
-1 22 22 425 -1 -1 -1 -1
-1 22 22 523 523
-1 22 22 425 -1 -1 -1
-1 22 22 -1 -1 -1 -1
-1 99 -1 -1 -1
-1 99 -1 -1 -1
-1 99 -1 -1 -1
-1 99 -1 -1 -1
-1 2 -1 -1 -1 -1
-1 2 -1 -1 -1 -1 -1
-1 2 -1 -1 -1
-1 2 -1 -1 -1 -1
-1 2 -1 -1 -1
-1 2 -1 -1 -1 -1
-1 2 -1 -1 -1
-1 2 -1 -1 -1 -1
-1 2 -1 -1 -1
-1 2 -1 -1 -1 -1
-1 2 -1 -1 -1
-1 2 -1 -1 -1 -1
-1 2 -1 -1 -1
-1 2 -1 -1 -1 -1
-1 2 -1 -1
-1 2 -1 -1 -1
-1 2 -1 -1 -1
-1 2 -1 -1 -1 -1
-1 2 -1 -1 -1 -1
-1 2 -1 -1 -1 -1 -1
-1 2 -1 -1 -1 -1
-1 2 -1 -1 -1 -1 -1
-1 2 -1 -1 -1
-1 2 -1 -1 -1 -1
-1 2 -1 -1
-1 2 -1 -1
-1 2 -1 -1
-1 2 -1 -1 -1
-1 2 -1 -1 -1
-1 2 -1 -1 -1
-1 2 -1 -1 -1
-1 2 -1 -1 -1
-1 2 -1 -1 -1 -1 -1 -1
-1 2 -1 -1 -1 -1 -1
-1 2 -1 -1 -1 -1 -1 -1
-1 2 -1 -1
-1 -1 -1 -1 -1
-1 2 2 2 420 -1 -1 -1
-1 -1 -1 -1 -1
-1 120 282 282 282
-1 120 329 329 329 -1 -1 -1 -1
-1 120 482 482 -1
-1 120 374 374 -1
-1 120 120 459 -1 -1
-1 120 120 282 282 282
-1 120 120 329 329 329 -1 -1 -1 -1
-1 120 482 482 -1
-1 120 544 544 544 544
-1 120 -1 -1 -1 -1 -1 -1
-1 120 -1 -1 -1 -1
-1 120 -1 -1 -1 -1 -1 -1
-1 120 482 482 -1
-1 120 -1 -1 -1 -1 -1 -1 -1 -1 -1
-1 120 482 482 -1
-1 120 -1 -1 -1 -1
-1 120 120 -1 -1 -1 -1
-1 120 120 329 329 329 -1 -1 -1 -1
-1 120 120 482 482 -1
-1 120 120 146 -1
-1 120 120 298
-1 120 120 557
-1 -1 -1 -1 -1
-1 -1 -1 -1 -1 -1 -1 -1
-1 -1 -1 -1 -1
-1 -1 -1 -1 -1 -1
-1 -1 -1 -1 -1 -1 -1
-1 -1 -1 -1 -1 -1 -1
-1 -1 -1 -1 -1 -1 -1
-1 29 -1 -1 -1
-1 29 -1 -1
-1 29 -1 -1 -1
-1 29 -1 -1
-1 29 -1 -1
-1 29 29 -1 -1 -1
-1 -1 -1 -1 -1 -1
-1 -1 -1 -1
-1 -1 -1 -1 -1
-1 -1 -1 -1 -1 -1 -1
-1 -1 -1 -1 -1 -1 -1 -1
-1 -1 -1 -1 -1 -1 -1 -1 -1
-1 -1 -1 -1 -1 -1
-1 -1 -1 -1 -1 -1 -1
-1 -1 -1 -1
-1 120 482 482 -1
-1 120 -1 -1 -1 -1
-1 -1 -1 -1
-1 -1 -1 -1
-1 -1 -1 -1 -1
-1 -1 -1 -1 -1 -1
-1 -1 -1 -1 -1
-1 -1 -1 -1 -1
-1 -1 -1 -1 -1 -1
-1 -1 -1 -1 -1 -1
-1 -1 -1 -1 -1
-1 -1 -1 -1 -1 -1 -1 -1
-1 -1 -1 -1 -1
-1 -1 -1 -1 -1
-1 -1 -1 -1 -1
-1 -1 -1 -1 -1
-1 -1 -1 -1 -1 -1 -1 -1
-1 -1 -1 -1 -1 -1 -1 -1
-1 -1 -1 -1 -1 -1 -1 -1
-1 -1 -1 -1 -1 -1
-1 -1 -1 -1 -1
-1 -1 -1 -1 -1 -1
-1 -1 -1 -1 -1
-1 -1 -1 -1 -1 -1 -1
-1 -1 -1 -1 -1 -1 -1
-1 -1 -1 -1 -1 -1 -1
-1 -1 -1 -1 -1 -1
-1 -1 -1 -1 -1 -1
-1 -1 -1
-1 -1 -1 -1 -1
-1 -1 -1 -1 -1 -1
-1 -1 -1 -1
-1 -1 -1 -1 -1
-1 -1 -1 -1 -1
-1 -1 -1
-1 -1 -1
-1 -1 -1 -1 -1
-1 -1 -1 -1 -1 -1
-1 -1 -1 -1 -1 -1
-1 -1 -1 -1
-1 -1 -1 -1 -1 -1 -1 -1 -1
-1 -1 -1 -1 -1 -1 -1 -1 -1
-1 120 120 459 -1 -1 -1 -1
-1 120 120 -1 -1 -1 -1
-1 120 120 -1 -1 -1 -1 -1
-1 120 120 280
-1 120 120 482 482 -1
-1 120 120 -1 -1 -1
-1 120 120 -1 -1 -1
-1 120 120 146 -1
-1 120 120 298
-1 -1 -1
-1 -1 -1
-1 120 120 544 544 544 544
-1 120 120 -1 -1 -1 -1 -1
-1 -1 -1 -1
-1 -1 -1 -1 -1
-1 -1 -1 -1 -1
-1 -1 -1 -1
-1 -1 -1 -1 -1 -1 -1
-1 -1 -1 -1
-1 -1 -1 -1 -1
-1 -1 -1 -1 -1 -1
-1 -1 -1 -1 -1 -1
-1 -1 -1 -1 -1 -1
-1 -1 -1 -1 -1 -1 -1
-1 -1 -1 -1 -1 -1 -1
-1 -1 -1 -1 -1
-1 -1 -1 -1 -1 -1 -1 -1
-1 -1 -1 -1 -1 -1
-1 -1 -1 -1 -1 -1 -1
-1 -1 -1 -1 -1 -1 -1
-1 -1 -1 -1 -1
-1 -1 -1 -1 -1 -1
-1 -1 -1 -1 -1 -1 -1
-1 -1 -1 -1 -1
-1 -1 -1 -1 -1
-1 -1 -1 -1 -1
-1 -1 -1 -1 -1 -1 -1 -1
-1 -1 -1 -1 -1 -1
-1 -1 -1 -1 -1 -1
-1 -1 -1 -1 -1 -1 -1 -1
-1 -1 -1 -1 -1 -1
-1 -1 -1 -1 -1 -1
-1 -1 -1 -1 -1 -1
-1 -1 -1 -1 -1 -1
-1 -1 -1 -1 -1
-1 -1 -1 -1 -1 -1
-1 -1 -1 -1 -1
-1 -1 -1 -1 -1
-1 -1 -1 -1
-1 -1
-1 -1 -1 -1 -1 -1
-1 -1 -1 -1 -1 -1
-1 -1 -1 -1 -1 -1 -1 -1 -1
-1 -1 -1 -1 -1 -1
-1 -1 -1 -1
-1 -1 -1 -1 -1 -1 -1 -1
-1 -1 -1 -1 -1 -1
-1 -1 -1 -1 -1 -1 -1
-1 -1 -1 -1 -1 -1
-1 98 98 191 191 -1
-1 98 98 180 180 -1
-1 120 120 120 -1 -1 -1
-1 120 120 561 561 -1
-1 120 120 567 567 567 -1
-1 120 120 120 190 190 -1
-1 120 120 120 179 179 -1
-1 -1 -1
-1 -1 -1 -1 -1 -1 -1 -1
-1 -1 -1 -1 -1 -1
-1 -1 -1 -1 -1 -1 -1 -1 -1 -1 -1
-1 -1 -1 -1
-1 -1 -1 -1 -1 -1 -1
-1 -1 -1 -1
-1 -1 -1 -1 -1
-1 -1 -1 -1
-1 -1 -1 -1 -1 -1 -1
-1 -1 -1 -1 -1 -1
-1 -1 -1 -1 -1
-1 -1 -1 -1 -1
-1 -1 -1 -1
-1 -1 -1 -1 -1
-1 -1 -1 -1
-1 -1 -1 -1 -1
-1 -1 -1 -1 -1 -1 -1
-1 -1 -1 -1 -1 -1
-1 -1 -1 -1 -1 -1 -1 -1
-1 -1 -1
-1 -1 -1 -1 -1
-1 -1 -1 -1 -1 -1
-1 -1 -1
-1 -1 -1 -1 -1
-1 -1 -1 -1 -1
-1 -1 -1 -1 -1
-1 -1 -1 -1 -1
-1 -1 -1
-1 -1 -1 -1
-1 -1 -1 -1 -1
-1 -1 -1 -1 -1
-1 -1 -1
-1 -1 -1 -1 -1 -1
-1 -1 -1 -1 -1 -1 -1
-1 -1 -1
-1 -1 -1
-1 -1 -1 -1 -1
-1 -1 -1 -1 -1
-1 -1 -1 -1 -1 -1
-1 -1 -1 -1 -1 -1
-1 -1 -1 -1 -1 -1
-1 -1 -1 -1 -1 -1
-1 -1 -1 -1 -1 -1 -1
-1 -1 -1 -1 -1 -1
-1 -1 -1 -1 -1 -1
-1 -1 -1 -1 -1 -1 -1 -1
-1 -1 -1 -1 -1 -1 -1 -1
-1 -1 -1 -1 -1 -1
-1 -1 -1 -1 -1 -1 -1 -1
-1 -1 -1 -1 -1 -1 -1 -1
-1 -1 -1 -1 -1 -1 -1 -1
-1 -1 -1 -1 -1 -1 -1
-1 -1 -1 -1 -1 -1 -1
-1 -1 -1 -1 -1 -1 -1
-1 -1 -1 -1 -1 -1 -1
-1 -1 -1 -1 -1 -1
-1 -1 -1 -1 -1 -1
-1 -1 -1 -1 -1 -1
-1 -1 -1 -1 -1 -1 -1
-1 -1 -1 -1 -1 -1 -1
-1 120 459 -1 -1 -1 -1
-1 120 -1
-1 120 -1 -1 -1 -1 -1
-1 120 -1 -1 -1 -1
-1 120 -1 -1
-1 120 -1 -1 -1
-1 -1 -1 -1 -1 -1 -1
-1 -1 -1 -1
-1 -1 -1 -1
-1 -1 -1 -1 -1 -1
-1 -1 -1 -1 -1
-1 7 -1 -1
-1 7 -1 -1 -1 -1
-1 7 -1 -1 -1 -1 -1
-1 7 -1 -1 -1 -1
-1 7 7 -1 -1
-1 7 7 -1 -1
-1 7 7 -1 -1 -1 -1
-1 7 7 487 487 -1 -1
-1 7 7 -1 -1 -1
-1 7 7 141 -1 -1 -1 -1
-1 7 -1 -1 -1
-1 7 171 171
-1 7 211 211 -1
-1 7 141 -1 -1
-1 -1 -1 -1 -1 -1 -1 -1
-1 -1 -1 -1 -1
-1 -1 -1 -1 -1 -1
-1 -1 -1 -1 -1 -1
-1 -1 -1 -1 -1 -1 -1 -1
-1 -1 -1 -1 -1 -1 -1 -1 -1 -1
-1 -1 -1 -1 -1 -1 -1 -1 -1 -1
-1 -1 -1 -1 -1 -1 -1 -1 -1 -1
-1 -1 -1 -1 -1 -1 -1 -1
-1 -1 -1 -1 -1 -1 -1 -1 -1
-1 -1 -1 -1 -1 -1 -1 -1
-1 -1 -1 -1 -1 -1 -1 -1
-1 -1 -1 -1 -1 -1 -1 -1
-1 -1 -1 -1 -1 -1 -1 -1
-1 -1 -1 -1 -1 -1 -1 -1
-1 -1 -1 -1 -1
-1 -1 -1 -1 -1 -1 -1 -1
-1 -1 -1 -1 -1 -1 -1
-1 -1 -1
-1 -1 -1 -1 -1 -1 -1
-1 -1 -1 -1 -1 -1 -1
-1 -1 -1 -1 -1 -1 -1 -1
-1 -1 -1 -1 -1 -1 -1 -1
-1 -1 -1 -1
-1 130 130 413 -1 -1
-1 130 130 -1 -1 -1
-1 130 130 336
-1 130 130 -1
-1 130 130 398 -1
-1 130 130 507 -1
-1 130 130 -1 -1
-1 130 130 -1 -1
-1 130 130 -1 -1
-1 130 130 -1 -1
-1 130 130 -1 -1
-1 130 130 -1
-1 130 130 -1 -1 -1 -1 -1
-1 130 130 -1 -1 -1
-1 -1 -1 -1
-1 49 49 -1 -1 -1 -1 -1
-1 49 49 -1 -1 -1 -1 -1
-1 49 49 529 529 -1
-1 49 49 -1 -1 -1
-1 49 49 -1 -1 -1
-1 49 49 -1 -1 -1 -1 -1 -1
-1 49 49 -1 -1 -1 -1 -1 -1
-1 49 49 -1 -1 -1 -1 -1 -1
-1 -1 -1 -1 -1 -1 -1
-1 -1 -1 -1 -1 -1 -1
-1 -1 -1 -1 -1 -1 -1 -1 -1 -1 -1 -1
-1 49 49 430 -1 -1
-1 49 49 -1 -1 -1 -1 -1 -1 -1 -1
-1 -1 -1 -1 -1 -1 -1
-1 -1 -1 -1 -1
-1 -1 -1 -1
-1 -1 -1 -1 -1
-1 -1 -1 -1 -1
-1 -1 -1 -1 -1
-1 -1 -1
-1 -1 -1 -1 -1 -1
-1 -1 -1 -1 -1 -1
-1 -1 -1 -1 -1
-1 -1 -1 -1 -1 -1 -1 -1
-1 -1 -1 -1 -1 -1
-1 -1 -1
-1 -1 -1 -1 -1 -1 -1 -1
-1 99 -1 -1 -1
-1 99 -1 -1 -1
-1 99 -1 -1 -1
-1 99 -1 -1
-1 -1 -1 -1
-1 -1 -1 -1 -1 -1 -1
-1 -1 -1
-1 -1 -1 -1 -1 -1
-1 -1 -1 -1
-1 -1 -1 -1
-1 -1 -1
-1 -1 -1 -1 -1 -1 -1 -1
-1 -1 -1 -1 -1 -1 -1
-1 -1 -1 -1 -1 -1
-1 -1 -1 -1 -1
-1 -1 -1 -1 -1
-1 -1 -1 -1 -1
-1 -1 -1 -1 -1 -1
-1 -1 -1 -1 -1 -1
-1 -1 -1 -1 -1
-1 -1 -1 -1 -1
-1 65 302 302
-1 65 -1 -1 -1
-1 65 65 -1 -1
-1 65 222
-1 65 -1
-1 65 302 302
-1 58 58 58 -1 -1 -1 -1 -1 -1
-1 58 58 58 244 244
-1 58 58 58 279 279
-1 58 58 58 144 144
-1 58 58 58 485 485 -1 -1 -1 -1
-1 58 58 58 493 493 -1 -1 -1 -1
-1 58 58 58 286 286 -1 -1 -1 -1
-1 58 58 58 560 560 -1 -1 -1 -1
-1 58 58 58 220 220 220 -1 -1 -1
-1 58 58 58 357 357 -1 -1
-1 58 58 58 -1 -1 -1 -1 -1 -1 -1
-1 58 58 491 491
-1 58 58 323
-1 58 58 367 367 -1
-1 58 58 501 501 -1
-1 58 58 340 340 -1
-1 58 58 535 535 -1
-1 58 58 360 360
-1 58 58 578 578
-1 58 58 158 158
-1 58 58 197 197 -1
-1 58 58 295 295 -1
-1 -1 -1 -1 -1
-1 -1
-1 89 89 -1 -1 -1
-1 89 89 -1 -1 -1 -1
-1 -1 -1
-1 58 58 58 -1 -1 -1 -1
-1 -1 -1
-1 -1 -1 -1 -1 -1 -1
-1 -1 -1 -1 -1 -1 -1 -1 -1
-1 -1 -1 -1 -1 -1 -1 -1 -1
-1 -1 -1 -1 -1 -1 -1
-1 -1 -1 -1 -1 -1 -1
-1 -1 -1 -1 -1 -1
-1 -1 -1 -1 -1 -1
-1 -1 -1 -1 -1 -1
-1 -1 -1 -1 -1 -1 -1 -1 -1
-1 -1 -1 -1 -1 -1 -1
-1 -1 -1 -1 -1 -1 -1
-1 -1 -1 -1 -1 -1
-1 -1 -1 -1 -1
-1 -1 -1 -1 -1
-1 -1 -1 -1 -1 -1
-1 -1 -1 -1 -1 -1
-1 -1 -1 -1 -1
-1 -1 -1 -1 -1
-1 -1 -1 -1 -1 -1
-1 -1 -1 -1
-1 15 15 348 348 348 -1
-1 15 15 305 305
-1 15 15 210 210 -1
-1 -1 -1
-1 -1 -1 -1
-1 -1 -1 -1 -1
-1 -1 -1 -1 -1
-1 135 -1 -1 -1 -1 -1 -1
-1 135 -1 -1 -1
-1 135 206 206 -1
-1 135 252
-1 135 304 304
-1 135 -1 -1 -1
-1 135 -1 -1 -1
-1 135 -1 -1 -1 -1 -1
-1 135 -1 -1
-1 135 -1 -1 -1
-1 -1 -1 -1 -1
-1 -1 -1 -1
-1 -1 -1 -1 -1 -1
-1 -1 -1 -1 -1 -1
-1 -1 -1 -1 -1
-1 -1 -1 -1 -1 -1
-1 -1 -1 -1 -1 -1
-1 -1 -1 -1 -1 -1
-1 -1 -1 -1 -1 -1
-1 -1 -1 -1 -1 -1
-1 30 30 480 480
-1 30 30 30 30 428 -1 -1 -1 -1
-1 30 30 30 30 480 480
-1 135 -1 -1 -1 -1
-1 -1 -1 -1
-1 -1 -1 -1 -1 -1 -1
-1 -1 -1 -1 -1 -1
-1 -1 -1 -1 -1 -1
-1 -1 -1 -1
-1 -1 -1 -1
-1 -1 -1 -1 -1 -1
-1 -1 -1 -1 -1 -1
-1 -1 -1 -1 -1
-1 -1 -1 -1
-1 -1 -1 -1
-1 -1 -1 -1 -1 -1 -1
-1 -1 -1 -1
-1 -1 -1 -1 -1
-1 -1 -1 -1 -1 -1
-1 -1 -1 -1 -1 -1
-1 -1 -1 -1 -1
-1 -1 -1 -1
-1 -1 -1 -1 -1
-1 -1 -1 -1 -1
-1 -1 -1 -1 -1 -1
-1 -1 -1
-1 -1 -1
-1 -1 -1
-1 -1 -1
-1 -1 -1
-1 -1 -1
-1 -1 -1
-1 -1 -1 -1
-1 -1 -1 -1 -1 -1
-1 -1 -1 -1 -1
-1 -1 -1 -1
-1 -1 -1 -1
-1 -1 -1 -1 -1 -1
-1 -1 -1 -1 -1
-1 -1 -1
-1 -1 -1 -1
-1 -1
-1 127 127 463 -1 -1
-1 127 127 376 376
-1 127 127 174 174
-1 127 127 382 382 -1
-1 127 127 317 317 317 -1
-1 127 127 216 216 -1
-1 127 127 163 163 163
-1 127 127 165 165 165
-1 127 127 232 232
-1 132 132 415 -1
-1 132 132 205 205 -1
-1 132 132 -1 -1
-1 132 132 359 359
-1 132 132 270 270
-1 132 132 391 391 -1
-1 132 132 204 204 204 -1 -1
-1 -1 -1 -1 -1
-1 -1 -1 -1 -1
-1 127 127 463 -1 -1 -1
-1 127 127 546 546 -1
-1 127 127 292 292 292 -1 -1
-1 127 127 498 498 -1
-1 -1 -1 -1 -1 -1 -1 -1
-1 -1 -1 -1 -1
-1 66 66 437 -1 -1 -1 -1
-1 66 66 -1 -1
-1 66 66 437 -1 -1 -1 -1
-1 66 66 437 -1 -1 -1 -1
-1 -1 -1 -1 -1 -1 -1 -1
-1 -1 -1 -1 -1
-1 -1 -1 -1 -1 -1 -1 -1
-1 -1 -1 -1 -1
-1 -1 -1 -1 -1 -1
-1 -1 -1 -1 -1 -1 -1 -1
-1 -1 -1 -1 -1 -1 -1 -1
-1 -1 -1 -1 -1 -1 -1 -1 -1
-1 -1 -1 -1 -1
-1 -1 -1 -1 -1 -1 -1 -1
-1 -1 -1 -1 -1
-1 -1 -1 -1 -1 -1 -1 -1
-1 -1 -1 -1 -1
-1 -1 -1 -1 -1 -1 -1 -1
-1 -1 -1 -1 -1
-1 -1 -1 -1 -1 -1 -1 -1
-1 -1 -1 -1 -1
-1 -1 -1 -1 -1 -1 -1 -1 -1
-1 -1 -1 -1 -1 -1 -1
-1 -1 -1 -1 -1 -1 -1
-1 -1 -1 -1 -1 -1 -1
-1 -1 -1 -1 -1 -1 -1
-1 -1 -1 -1 -1 -1
-1 -1 -1 -1 -1 -1 -1 -1
-1 -1 -1 -1 -1 -1 -1 -1 -1
-1 -1 -1
-1 -1 -1
-1 -1 -1 -1 -1
-1 -1 -1 -1 -1 -1 -1
-1 -1 -1 -1 -1 -1
-1 -1 -1 -1 -1
-1 -1 -1 -1
-1 -1 -1 -1 -1 -1
-1 -1 -1 -1 -1 -1
-1 -1 -1 -1 -1 -1 -1
-1 -1 -1 -1 -1
-1 -1 -1 -1
-1 -1 -1 -1
-1 -1 -1 -1 -1 -1
-1 -1 -1 -1 -1
-1 -1 -1 -1 -1 -1
-1 -1 -1 -1 -1
-1 -1 -1 -1 -1 -1 -1
-1 -1 -1 -1 -1 -1
-1 -1 -1 -1 -1 -1
-1 -1 -1 -1 -1 -1 -1 -1
-1 -1 -1 -1 -1 -1 -1 -1
-1 31 31 307 307
-1 58 244 244
-1 58 -1 -1 -1 -1 -1 -1
-1 58 -1 -1 -1 -1 -1
-1 58 -1 -1
-1 58 -1 -1 -1 -1 -1
-1 58 367 367 -1
-1 58 501 501 -1
-1 58 340 340 -1
-1 58 535 535 -1
-1 58 360 360
-1 58 578 578
-1 58 158 158
-1 58 -1 -1 -1 -1 -1
-1 58 -1 -1
-1 58 -1 -1 -1
-1 58 350 350 -1 -1
-1 58 234
-1 58 247
-1 58 -1 -1
-1 58 323 -1
-1 -1 -1 -1
-1 -1 -1 -1 -1
-1 -1 -1 -1 -1
-1 -1 -1 -1 -1 -1
-1 -1 -1 -1 -1
-1 -1 -1 -1 -1 -1 -1
-1 -1 -1 -1 -1
-1 -1 -1 -1 -1 -1 -1
-1 -1 -1 -1 -1 -1 -1
-1 -1 -1 -1 -1
-1 -1 -1 -1 -1 -1
-1 -1 -1 -1 -1
-1 -1 -1 -1 -1 -1 -1
-1 -1 -1 -1 -1
-1 6 6 6 150 150 -1 -1
-1 6 6 6 468 468
-1 6 6 6 354 354 -1
-1 6 6 6 568 -1
-1 -1 -1 -1 -1 -1
-1 -1 -1 -1 -1 -1
-1 -1 -1 -1 -1 -1
-1 -1 -1 -1
-1 -1 -1 -1
-1 -1 -1 -1
-1 -1 -1 -1
-1 97 97 -1 -1
-1 97 97 -1 -1
-1 -1 -1 -1 -1
-1 97 478 -1 -1 -1 -1
-1 97 259 259
-1 97 547 547 -1 -1
-1 97 -1 -1 -1 -1 -1
-1 97 -1 -1 -1 -1 -1
-1 97 230 230 230
-1 97 -1 -1
-1 97 -1 -1
-1 97 -1
-1 97 -1 -1
-1 97 97 -1 -1 -1 -1
-1 97 97 259 259
-1 97 97 547 547 -1 -1
-1 97 97 -1
-1 12 12 -1 -1
-1 12 12 -1 -1
-1 12 12 -1 -1
-1 12 12 -1 -1 -1 -1 -1
-1 12 12 -1 -1 -1 -1 -1 -1 -1
-1 12 12 -1 -1 -1 -1 -1 -1 -1
-1 -1 -1 -1 -1 -1 -1 -1 -1
-1 -1 -1 -1 -1 -1
-1 -1 -1 -1 -1 -1
-1 -1 -1
-1 -1 -1 -1
-1 -1 -1 -1 -1 -1 -1 -1
-1 -1 -1 -1 -1 -1 -1 -1 -1 -1
-1 -1 -1 -1 -1 -1 -1 -1 -1
-1 -1 -1 -1 -1 -1 -1 -1 -1
-1 -1 -1 -1 -1 -1
-1 130 130 413 -1
-1 130 130 -1 -1
-1 130 130 -1 -1 -1 -1 -1
-1 130 130 413 -1
-1 130 130 181
-1 -1 -1 -1 -1 -1 -1
-1 -1 -1 -1 -1 -1 -1 -1 -1 -1
-1 -1 -1 -1 -1 -1 -1 -1 -1
-1 -1 -1 -1 -1 -1
-1 101 101 101 -1
-1 -1 -1 -1 -1 -1 -1
-1 -1 -1 -1 -1 -1 -1
-1 -1 -1 -1
-1 -1 -1 -1 -1 -1 -1 -1
-1 -1 -1 -1 -1
-1 -1 -1 -1 -1
-1 -1 -1 -1 -1 -1
-1 -1 -1 -1 -1 -1 -1 -1
-1 -1 -1 -1 -1
-1 -1 -1 -1
-1 -1 -1 -1 -1
-1 -1 -1 -1 -1
-1 -1 -1 -1
-1 -1 -1 -1 -1
-1 -1 -1 -1 -1
-1 33 33 -1 -1 -1 -1 -1 -1
-1 -1 -1 -1 -1 -1 -1 -1
-1 -1 -1 -1 -1 -1 -1
-1 -1 -1 -1 -1 -1 -1 -1
-1 -1 -1 -1 -1 -1 -1 -1
-1 -1 -1 -1 -1 -1
-1 -1 -1 -1 -1 -1 -1
-1 58 58 -1 -1
-1 58 58 -1 -1
-1 58 58 -1 -1 -1
-1 58 58 -1 -1 -1
-1 58 58 234
-1 58 58 247
-1 58 58 -1 -1
-1 58 58 -1 -1
-1 58 58 -1 -1
-1 58 58 -1 -1
-1 58 58 323 -1
-1 58 58 -1 -1 -1 -1
-1 58 58 -1 -1 -1 -1 -1 -1 -1
-1 58 58 -1 -1 -1 -1 -1
-1 58 58 -1 -1 -1 -1
-1 58 58 -1 -1
-1 58 58 -1 -1 -1
-1 58 58 350 350 -1 -1
-1 58 58 -1 -1 -1
-1 58 58 -1
-1 58 58 -1 -1 -1
-1 58 58 -1 -1 -1 -1 -1
-1 -1 -1 -1
-1 -1 -1 -1
-1 -1 -1 -1 -1
-1 -1 -1 -1 -1
-1 58 58 58 279 279
-1 58 58 58 -1 -1 -1
-1 58 58 58 -1 -1 -1
-1 -1 -1 -1
-1 -1 -1 -1 -1 -1
-1 -1 -1 -1 -1 -1
-1 -1 -1 -1 -1 -1
-1 -1 -1 -1 -1 -1
-1 -1 -1 -1 -1 -1
-1 -1 -1 -1 -1
-1 -1 -1 -1 -1 -1
-1 -1 -1 -1 -1
-1 90 90 446 -1 -1 -1
-1 134 134 134 417 -1
-1 69 69 69 438 -1 -1
-1 -1 -1 -1
-1 -1 -1 -1
-1 -1 -1 -1 -1 -1
-1 -1 -1 -1
-1 -1 -1 -1 -1 -1 -1
-1 -1 -1 -1 -1 -1 -1
-1 -1 -1 -1 -1 -1
-1 -1 -1 -1 -1 -1 -1 -1
-1 -1 -1 -1
-1 -1 -1 -1 -1 -1 -1
-1 -1 -1 -1 -1
-1 -1 -1 -1 -1 -1
-1 -1 -1 -1 -1 -1 -1 -1
-1 -1 -1 -1
-1 -1 -1 -1 -1
-1 -1 -1 -1 -1 -1
-1 89 89 -1 -1
-1 89 89 271 271 -1
-1 89 89 -1 -1 -1 -1 -1
-1 89 89 395 395
-1 89 89 -1 -1 -1 -1 -1 -1
-1 89 89 186
-1 -1 -1 -1 -1
-1 -1 -1 -1
-1 -1 -1 -1
-1 -1 -1 -1
-1 -1 -1 -1
-1 -1 -1 -1
-1 89 445 -1 -1 -1 -1
-1 89 395 395 -1
-1 89 260 260
-1 89 573 -1
-1 89 149 149 -1 -1
-1 89 467 467
-1 89 352 352 -1
-1 89 445 -1 -1 -1 -1
-1 89 395 395 -1 -1
-1 89 306 306
-1 89 250
-1 89 212 212 -1
-1 89 347 347 347 -1
-1 -1 -1 -1
-1 -1 -1
-1 -1 -1
-1 -1 -1 -1
-1 128 128 -1 -1 -1 -1 -1 -1
-1 -1 -1 -1
-1 -1 -1 -1 -1 -1
-1 -1 -1 -1 -1 -1
-1 -1 -1 -1 -1
-1 -1 -1 -1 -1 -1 -1 -1 -1 -1
-1 128 140 -1 -1
-1 128 -1 -1 -1 -1
-1 128 -1 -1 -1 -1
-1 128 -1 -1 -1 -1
-1 128 -1 -1 -1 -1 -1
-1 128 -1 -1 -1 -1
-1 128 -1 -1 -1 -1 -1
-1 128 -1 -1 -1 -1 -1
-1 128 -1 -1 -1 -1 -1
-1 128 -1 -1 -1 -1 -1
-1 128 -1 -1 -1 -1
-1 128 -1 -1 -1 -1
-1 128 -1 -1 -1 -1
-1 128 -1 -1 -1 -1 -1 -1
-1 128 -1 -1 -1 -1 -1
-1 128 -1 -1 -1 -1 -1
-1 128 -1 -1 -1 -1
-1 128 -1 -1 -1 -1
-1 128 -1 -1 -1 -1
-1 128 -1 -1 -1 -1
-1 128 -1 -1 -1 -1 -1
-1 128 -1 -1 -1 -1 -1
-1 128 -1 -1 -1 -1 -1 -1
-1 128 -1 -1 -1 -1
-1 -1 -1 -1 -1 -1 -1 -1 -1
-1 -1 -1 -1 -1 -1 -1 -1 -1
-1 -1 -1 -1 -1 -1 -1 -1 -1
-1 -1 -1 -1 -1 -1 -1 -1 -1
-1 -1 -1 -1 -1 -1 -1 -1 -1
-1 -1 -1 -1 -1 -1 -1 -1 -1
-1 -1 -1 -1 -1 -1 -1 -1 -1
-1 -1 -1 -1 -1 -1 -1 -1 -1
-1 -1 -1 -1 -1 -1 -1 -1
-1 -1 -1 -1 -1 -1
-1 -1 -1 -1 -1 -1 -1 -1 -1
-1 -1 -1 -1 -1 -1 -1 -1 -1
-1 -1 -1 -1 -1 -1 -1 -1 -1
-1 -1 -1 -1 -1 -1 -1 -1 -1
-1 -1 -1 -1 -1 -1 -1 -1 -1 -1
-1 -1 -1 -1 -1 -1 -1 -1 -1
-1 -1 -1 -1
-1 -1 -1 -1 -1 -1 -1
-1 -1 -1 -1 -1 -1
-1 -1 -1 -1 -1
-1 -1 -1 -1
-1 -1 -1 -1 -1
-1 -1 -1 -1 -1
-1 -1 -1 -1
-1 21 21 21 -1 -1 -1 -1
-1 21 21 21 -1 -1 -1 -1
-1 21 21 277 277 277
-1 21 21 358 358 358 358 -1
-1 -1 -1 -1 -1 -1
-1 -1 -1 -1
-1 -1 -1 -1
-1 -1 -1 -1
-1 -1 -1 -1 -1
-1 -1 -1 -1 -1 -1 -1
-1 -1 -1 -1 -1 -1 -1 -1 -1 -1
-1 -1 -1 -1 -1 -1 -1 -1
-1 -1 -1 -1 -1 -1 -1
-1 -1 -1 -1 -1 -1 -1
-1 -1 -1 -1 -1 -1 -1 -1 -1
-1 -1 -1 -1 -1
-1 -1 -1 -1 -1
-1 -1 -1 -1 -1 -1
-1 -1 -1 -1 -1 -1
-1 -1 -1 -1 -1 -1
-1 -1 -1 -1 -1 -1
-1 -1 -1 -1 -1
-1 -1 -1 -1 -1
-1 -1 -1 -1 -1
-1 -1 -1 -1 -1
-1 -1 -1 -1 -1
-1 -1 -1 -1 -1
-1 103 103 -1 -1
-1 103 103 251
-1 103 103 213 213 -1
-1 103 103 303 303
-1 103 103 476 476
-1 -1 -1 -1 -1 -1 -1 -1
-1 -1 -1 -1 -1 -1 -1 -1
-1 -1 -1 -1 -1
-1 -1 -1 -1 -1 -1
-1 -1 -1 -1
-1 -1 -1 -1
-1 84 253 253
-1 84 84 169 169
-1 84 84 166 166
-1 84 84 166 166
-1 -1 -1 -1 -1
-1 -1 -1 -1 -1
-1 -1 -1 -1 -1
-1 -1 -1 -1
-1 -1 -1 -1 -1 -1
-1 -1 -1 -1 -1 -1 -1 -1
-1 -1 -1 -1 -1 -1 -1
-1 -1 -1 -1 -1 -1
-1 -1 -1 -1 -1 -1
-1 -1 -1 -1 -1 -1 -1
-1 -1 -1 -1 -1 -1 -1
-1 -1 -1 -1 -1
-1 -1 -1 -1 -1 -1 -1 -1
-1 -1 -1 -1 -1 -1
-1 -1 -1 -1 -1
-1 -1 -1 -1 -1
-1 114 -1 -1
-1 114 -1 -1 -1
-1 114 539 539
-1 114 217 217
-1 114 504 504
-1 114 -1 -1 -1
-1 114 223 223
-1 114 -1 -1 -1 -1
-1 114 -1 -1 -1 -1
-1 114 504 504
-1 114 217 217
-1 114 -1 -1 -1 -1
-1 -1 -1 -1 -1 -1 -1 -1 -1 -1
-1 -1 -1 -1 -1 -1 -1 -1 -1 -1
-1 -1 -1 -1 -1 -1
-1 -1 -1 -1 -1 -1
-1 114 -1 -1 -1
-1 114 -1 -1 -1
-1 -1 -1 -1 -1 -1
-1 114 114 261 261
-1 114 114 -1 -1 -1 -1
-1 114 114 522 522 522 -1 -1
-1 114 114 539 539
-1 114 114 272 272 -1
-1 -1 -1 -1 -1 -1 -1
-1 -1 -1 -1 -1 -1
-1 -1 -1 -1 -1 -1
-1 -1 -1 -1 -1
-1 -1 -1 -1 -1
-1 -1 -1 -1
-1 -1 -1 -1
-1 -1 -1 -1 -1 -1
-1 -1 -1 -1 -1
-1 -1 -1 -1 -1 -1
-1 -1 -1 -1 -1 -1
-1 -1 -1 -1 -1 -1
-1 -1 -1 -1 -1 -1 -1
-1 -1 -1 -1 -1 -1
-1 -1 -1 -1 -1 -1 -1
-1 -1 -1 -1 -1
-1 -1 -1 -1 -1 -1
-1 -1 -1 -1 -1 -1 -1
-1 -1 -1 -1 -1 -1 -1
-1 -1 -1 -1 -1 -1
-1 -1 -1 -1 -1 -1
-1 -1 -1 -1 -1 -1 -1 -1 -1 -1
-1 -1 -1 -1 -1 -1 -1 -1 -1 -1 -1 -1
-1 -1 -1 -1 -1
-1 -1 -1 -1 -1 -1 -1 -1
-1 -1 -1 -1 -1
-1 -1 -1 -1 -1
-1 -1 -1 -1 -1 -1
-1 -1 -1 -1 -1 -1
-1 -1 -1 -1 -1 -1
-1 -1 -1 -1 -1 -1
-1 -1 -1 -1 -1
-1 -1 -1 -1 -1
-1 -1 -1 -1 -1
-1 -1 -1 -1 -1 -1
-1 -1 -1 -1 -1 -1 -1 -1 -1 -1
-1 -1 -1 -1
-1 -1 -1 -1 -1 -1 -1 -1
-1 -1 -1 -1 -1 -1
-1 -1 -1 -1 -1 -1
-1 -1 -1 -1 -1 -1 -1 -1
-1 -1 -1 -1 -1 -1
-1 -1 -1 -1 -1 -1
-1 -1 -1 -1 -1
-1 -1 -1 -1 -1 -1
-1 -1 -1 -1 -1 -1 -1 -1 -1
-1 -1 -1 -1 -1 -1
-1 -1 -1 -1 -1 -1 -1
-1 -1 -1 -1 -1 -1 -1
-1 -1 -1 -1 -1 -1 -1
-1 -1 -1 -1 -1 -1 -1
-1 -1 -1 -1 -1
-1 132 -1 -1 -1 -1
-1 132 377 377
-1 132 359 359
-1 132 270 270
-1 132 -1 -1
-1 132 -1 -1
-1 132 391 391 -1
-1 132 132 205 205 -1
-1 132 132 204 204 204 -1 -1
-1 132 132 -1 -1 -1 -1 -1
-1 132 132 391 391 -1
-1 132 132 204 204 204 -1 -1
-1 132 132 -1 -1 -1
-1 -1 -1 -1 -1
-1 -1 -1 -1 -1 -1 -1 -1 -1
-1 -1 -1 -1 -1 -1 -1 -1
-1 -1 -1 -1 -1 -1 -1 -1 -1
-1 132 132 132 -1 -1
-1 132 132 132 -1 -1
-1 132 132 132 -1 -1
-1 132 132 132 318
-1 127 127 546 546 -1
-1 127 127 174 174
-1 127 376 376
-1 127 382 382 -1
-1 127 216 216 -1
-1 127 127 268 268 -1
-1 127 127 497 497 -1
-1 127 127 -1 -1 -1
-1 127 127 -1 -1 -1
-1 127 127 -1 -1 -1
-1 127 127 566 566 -1
-1 127 127 498 498 -1
-1 137 137 137 -1 -1
-1 137 137 137 -1 -1
-1 137 137 137 -1 -1
-1 137 137 137 -1 -1
-1 137 137 137 -1 -1 -1
-1 137 137 137 486 486 -1 -1
-1 137 137 375 375
-1 137 137 -1 -1
-1 137 137 137 486 486 -1
-1 137 137 137 579 579 -1
-1 -1 -1 -1 -1 -1 -1
-1 -1 -1
-1 -1 -1 -1
-1 -1 -1 -1
-1 89 445 -1 -1 -1 -1
-1 89 521 521 521 -1 -1
-1 89 538 538
-1 89 -1 -1 -1
-1 89 186
-1 -1 -1 -1
-1 -1 -1
-1 -1 -1
-1 -1 -1
-1 -1 -1 -1
-1 -1 -1 -1
-1 -1 -1
-1 95 450 -1
-1 95 -1 -1 -1 -1 -1 -1
-1 95 -1 -1 -1
-1 95 -1 -1 -1
-1 95 -1 -1 -1
-1 95 -1 -1 -1 -1 -1
-1 95 -1 -1 -1
-1 95 -1 -1
-1 95 -1 -1
-1 95 -1
-1 95 -1
-1 95 381
-1 95 -1
-1 95 -1 -1
-1 95 -1
-1 95 -1 -1 -1
-1 95 -1 -1 -1 -1
-1 -1 -1 -1 -1 -1 -1 -1
-1 -1 -1 -1
-1 -1 -1 -1
-1 134 134 183
-1 134 134 338
-1 134 134 147 -1
-1 95 95 450 -1 -1 -1 -1
-1 95 95 -1 -1 -1 -1 -1
-1 95 95 381
-1 -1 -1 -1 -1
-1 -1 -1 -1
-1 -1 -1 -1
-1 -1 -1 -1
-1 81 81 -1
-1 81 81 -1 -1 -1
-1 81 81 -1
-1 81 81 -1
-1 81 81 442 -1
-1 81 81 -1 -1 -1
-1 81 81 -1
-1 81 81 -1
-1 -1 -1 -1 -1 -1
-1 -1 -1 -1 -1
-1 -1 -1 -1
-1 -1 -1 -1 -1 -1 -1
-1 -1 -1 -1 -1 -1 -1 -1
-1 135 135 -1 -1
-1 135 577 577
-1 135 304 304
-1 135 349 349 349 -1
-1 135 206 206 -1
-1 135 378 378
-1 135 135 135 -1 -1 -1 -1 -1 -1
-1 135 135 135 -1 -1
-1 135 135 135 -1 -1 -1 -1
-1 135 135 135 -1 -1 -1 -1 -1
-1 135 135 135 -1 -1
-1 135 135 135 206 206 -1
-1 135 135 299 299 299 299
-1 135 135 324 324 324
-1 135 135 575 575 575
-1 135 135 490 490
-1 135 135 405 405
-1 -1 -1 -1 -1
-1 135 135 505 505
-1 135 135 218 218
-1 135 418 -1 -1 -1 -1
-1 135 184
-1 135 524 524 524 -1 -1 -1 -1
-1 135 505 505
-1 135 218 218
-1 135 418 -1 -1 -1 -1
-1 135 -1 -1 -1 -1 -1 -1 -1
-1 135 239 239
-1 135 304 304
-1 135 541 541 -1
-1 135 379 379 379 379
-1 135 206 206 -1
-1 135 378 378
-1 135 505 505
-1 1 -1 -1
-1 1 -1 -1
-1 -1 -1 -1 -1 -1 -1 -1
-1 -1 -1 -1 -1 -1 -1 -1
-1 -1 -1 -1 -1 -1 -1 -1 -1 -1
-1 -1 -1 -1 -1 -1 -1
-1 -1 -1 -1
-1 135 418 -1 -1 -1 -1
-1 135 577 577
-1 135 -1 -1
-1 135 570 -1 -1
-1 135 355 355 -1 -1
-1 135 -1 -1 -1
-1 135 -1 -1 -1
-1 135 -1 -1 -1
-1 135 -1 -1 -1 -1
-1 135 -1 -1 -1
-1 135 135 -1 -1 -1 -1
-1 135 135 -1 -1 -1 -1
-1 135 135 -1 -1 -1 -1
-1 135 135 418 -1 -1 -1 -1
-1 135 135 527 527
-1 135 135 151 151 -1 -1
-1 135 135 469 469
-1 135 135 -1 -1 -1 -1
-1 135 135 378 378
-1 135 135 418 -1
-1 135 135 206 206 -1
-1 135 135 349 349 349 -1
-1 135 135 304 304
-1 135 135 477 477
-1 135 135 483 483 483
-1 135 135 203 203 203 203
-1 135 135 262 262 262
-1 135 135 570 -1
-1 135 135 355 355 -1
-1 135 135 541 541 -1
-1 135 135 237 237
-1 135 135 472 472
-1 135 135 301 301
-1 135 135 527 527
-1 135 135 198 198
-1 135 135 252
-1 -1 -1 -1 -1
-1 -1 -1 -1
-1 -1 -1 -1 -1 -1 -1 -1
-1 -1 -1 -1 -1
-1 -1 -1 -1
-1 -1 -1 -1 -1 -1
-1 -1 -1 -1 -1 -1 -1
-1 -1 -1
-1 -1 -1 -1 -1 -1 -1 -1
-1 -1 -1 -1 -1 -1 -1
-1 -1 -1 -1 -1
-1 -1 -1 -1 -1
-1 -1 -1 -1 -1
-1 -1 -1 -1 -1
-1 -1 -1 -1 -1
-1 -1 -1 -1
-1 -1 -1 -1 -1
-1 -1 -1 -1
-1 -1 -1 -1 -1 -1
-1 34 34 34 -1 -1 -1
-1 34 34 34 -1 -1 -1
-1 -1 -1 -1 -1
-1 -1 -1 -1
-1 135 135 203 203 203 203
-1 135 135 -1 -1 -1 -1
-1 135 135 349 349 349 -1
-1 135 135 304 304
-1 135 135 -1 -1 -1 -1 -1
-1 -1 -1 -1 -1
-1 135 505 505
-1 135 135 418 -1 -1 -1 -1
-1 135 135 570 -1 -1
-1 135 135 206 206 -1
-1 135 135 135 580 580 -1
-1 135 135 135 304 304
-1 135 135 135 570 -1
-1 -1 -1 -1
-1 -1 -1
-1 -1 -1 -1 -1 -1
-1 9 9 419
-1 9 9 -1 -1 -1
-1 9 9 366 366 -1
-1 9 9 500 500 -1
-1 9 9 339 339 -1
-1 9 9 534 534 -1
-1 -1 -1 -1
-1 -1 -1 -1
-1 130 -1 -1
-1 -1 -1 -1 -1
-1 -1 -1 -1 -1
-1 -1 -1 -1 -1
-1 -1 -1 -1 -1 -1
-1 -1 -1 -1 -1 -1 -1 -1 -1
-1 -1 -1 -1 -1 -1
-1 -1 -1 -1 -1 -1 -1 -1 -1 -1 -1
-1 -1 -1 -1 -1 -1
-1 -1 -1 -1 -1 -1 -1
-1 -1 -1 -1 -1 -1 -1
-1 -1 -1 -1 -1 -1
-1 -1 -1 -1 -1 -1
-1 -1 -1 -1 -1 -1 -1 -1 -1 -1
-1 -1 -1 -1
-1 -1 -1 -1 -1
-1 -1 -1 -1 -1 -1
-1 15 15 -1 -1 -1
-1 -1 34 -1 -1 -1
-1 -1 34 325 325 -1 -1 -1 -1
-1 -1 34 370 370 -1 -1 -1 -1
-1 -1 34 484 484 -1 -1 -1 -1
-1 -1 34 492 492 -1 -1 -1 -1
-1 -1 34 235 235 -1 -1 -1 -1
-1 -1 -1 -1 -1 -1 -1 -1 -1
-1 -1 -1 -1 -1 -1 -1 -1 -1
-1 -1 135 385 385 -1
-1 -1 135 321 321 321 -1 -1
-1 -1 135 378 378
-1 -1 135 570 -1
-1 -1 135 355 355 -1
-1 -1 135 541 541 -1
-1 -1 135 151 151 -1 -1
-1 -1 135 469 469
-1 -1 135 575 575 575
-1 -1 135 324 324 324
-1 -1 135 299 299 299 299
-1 -1 135 418 -1 -1 -1 -1
-1 -1 135 184
-1 -1 135 505 505
-1 -1 135 218 218
-1 -1 135 541 541 -1
-1 -1 135 379 379 379 379
-1 -1 135 206 206 -1
-1 -1 135 378 378
-1 -1 135 505 505
-1 -1 135 418 -1 -1 -1 -1
-1 -1 135 -1 -1 -1
-1 -1 135 577 577
-1 -1 135 239 239
-1 -1 135 570 -1 -1
-1 -1 135 -1 -1 -1
-1 -1 135 -1 -1 -1
-1 -1 135 -1 -1 -1 -1
-1 -1 135 -1 -1 -1
-1 -1 135 135 -1 -1 -1 -1
-1 -1 135 135 -1 -1 -1 -1
-1 -1 135 135 -1 -1 -1 -1
-1 -1 135 135 291 291
-1 -1 135 135 562 562 -1 -1 -1
-1 -1 135 135 361 361 -1 -1 -1
-1 -1 135 135 570 -1
-1 -1 135 135 206 206 -1
-1 -1 135 135 541 541 -1
-1 -1 135 135 198 198
-1 -1 -1 -1
-1 -1 -1 -1 -1 -1 -1
-1 -1 -1 -1 -1 -1
-1 -1 -1 -1
-1 -1 -1 -1 -1 -1
-1 -1 -1 -1 -1 -1 -1 -1
-1 -1 -1 -1 -1 -1 -1
-1 -1 -1 -1 -1
-1 -1 -1 -1 -1 -1 -1
-1 -1 -1 -1 -1
-1 -1 -1 -1
-1 -1 -1 -1 -1
-1 -1 -1 -1 -1 -1
-1 -1 -1 -1 -1 -1 -1
-1 -1 -1 -1
-1 -1 -1 -1 -1 -1 -1
-1 -1 -1 -1 -1 -1
-1 -1 -1 -1 -1 -1 -1
-1 -1 -1 -1 -1 -1 -1 -1
-1 -1 -1 -1 -1 -1 -1 -1
-1 -1 -1 -1 -1 -1 -1
-1 -1 -1 -1 -1 -1
-1 -1 -1 -1 -1 -1 -1
-1 -1 -1 -1 -1 -1
-1 -1 -1 -1 -1 -1
-1 -1 -1 -1 -1
-1 -1 -1 -1 -1
-1 -1 -1 -1 -1 -1 -1
-1 -1 -1 -1 -1 -1
-1 -1 -1 -1 -1 -1 -1 -1
-1 -1 -1 -1 -1 -1
-1 -1 -1 -1 -1 -1
-1 -1 -1 -1 -1 -1 -1 -1 -1
-1 -1 -1 -1 -1
-1 -1 -1 -1 -1
-1 -1 -1 -1
-1 -1 -1 -1 -1 -1 -1 -1 -1
-1 -1 -1 -1 -1
-1 -1 -1 -1
-1 -1 -1 -1 -1 -1 -1
-1 -1 -1 -1 -1
-1 -1 -1 -1 -1 -1 -1
-1 -1 -1 -1 -1
-1 -1 -1 -1 -1 -1
-1 47 47 -1 -1 -1
-1 47 47 -1
-1 47 47 -1
-1 47 47 -1
-1 47 47 -1
-1 47 47 -1
-1 47 47 -1
-1 47 47 -1
-1 -1 -1 -1 -1 -1 -1
-1 -1 -1 -1 -1 -1
-1 -1 -1 -1 -1 -1 -1 -1
-1 -1 -1 -1
-1 -1 -1 -1 -1
-1 -1 -1 -1 -1
-1 -1 -1 -1
-1 -1 -1 -1
-1 -1 -1 -1 -1 -1
-1 -1 -1 -1 -1 -1 -1
-1 -1 -1 -1 -1 -1
-1 -1 -1 -1
-1 -1 -1 -1
-1 -1 -1 -1
-1 -1 -1 -1
-1 -1 -1 -1
-1 -1 -1 -1
-1 -1 -1 -1 -1
-1 115 115 456 -1
-1 -1 -1 -1 -1
-1 87 87 87 -1 -1
-1 87 87 87 -1
-1 87 87 87 -1
-1 87 87 87 -1 -1
-1 87 87 87 -1 -1
-1 87 87 87 -1 -1
-1 87 87 87 -1 -1 -1
-1 87 87 87 -1
-1 87 87 87 -1
-1 87 87 87 -1
-1 87 87 87 -1
-1 130 -1
-1 130 -1
-1 -1 -1 -1 -1 -1
-1 -1 -1 -1 -1 -1
-1 -1 -1 -1 -1 -1 -1 -1
-1 87 87 444 -1 -1
-1 87 87 319
-1 87 87 -1
-1 87 87 -1 -1 -1 -1
-1 87 87 -1 -1 -1 -1
-1 87 87 -1 -1 -1 -1
-1 87 87 -1 -1 -1 -1
-1 87 87 -1 -1 -1 -1 -1 -1 -1
-1 87 87 396 -1
-1 87 87 -1 -1 -1
-1 87 87 -1 -1 -1
-1 87 87 -1 -1 -1
-1 87 87 -1
-1 87 87 -1 -1 -1
-1 87 87 -1 -1 -1
-1 87 87 289 -1
-1 87 87 -1 -1
-1 87 87 178
-1 87 87 -1 -1
-1 87 87 559
-1 87 87 227 227 227
-1 87 87 287 287 287 287
-1 87 87 496 496 496
-1 87 87 -1 -1 -1
-1 87 87 -1 -1
-1 87 87 -1 -1 -1 -1 -1
-1 87 87 -1 -1 -1
-1 87 87 -1 -1 -1
-1 87 87 -1 -1
-1 87 87 363
-1 87 87 155
-1 87 87 269
-1 87 87 -1 -1 -1
-1 87 87 -1 -1
-1 87 87 -1
-1 87 87 -1
-1 87 87 -1
-1 87 87 -1
-1 87 87 -1
-1 87 87 267
-1 87 87 -1 -1
-1 87 87 -1 -1 -1
-1 87 87 242
-1 87 87 -1
-1 87 87 372
-1 87 87 -1 -1 -1 -1
-1 87 87 -1 -1
-1 87 87 -1 -1 -1
-1 87 87 388
-1 87 87 -1 -1 -1
-1 87 87 -1 -1 -1 -1
-1 87 87 -1 -1 -1 -1
-1 87 87 -1 -1
-1 -1 -1 -1 -1 -1
-1 -1 -1 -1 -1 -1
-1 -1 -1 -1 -1 -1
-1 -1 -1 -1 -1 -1
-1 -1 -1 -1 -1
-1 -1 -1 -1
-1 -1 -1 -1
-1 -1 -1 -1
-1 -1 -1 -1 -1 -1 -1
-1 -1 -1 -1 -1 -1 -1
-1 -1 -1 -1
-1 -1 -1 -1
-1 -1 -1 -1 -1 -1
-1 -1 -1 -1 -1
-1 -1 -1 -1 -1 -1
-1 -1 -1 -1 -1 -1
-1 -1 -1 -1
-1 -1 -1 -1
-1 -1 -1 -1
-1 -1 -1 -1 -1 -1
-1 -1 -1 -1 -1 -1
-1 -1 -1 -1 -1
-1 -1 -1 -1
-1 -1 -1
-1 -1 -1 -1 -1 -1
-1 -1 -1 -1
-1 -1 -1
-1 -1 -1 -1 -1 -1 -1
-1 -1 -1 -1 -1 -1 -1 -1
-1 -1 -1 -1 -1
-1 -1 -1 -1 -1
-1 -1 -1 -1 -1
-1 -1 -1 -1
-1 -1 -1 -1
-1 -1 -1 -1 -1 -1
-1 -1 -1 -1 -1 -1
-1 -1 -1 -1
-1 -1 -1 -1 -1 -1
-1 -1 -1 -1 -1
-1 -1 -1 -1 -1
-1 -1 -1 -1 -1
-1 -1 -1 -1 -1 -1 -1 -1
-1 -1 -1 -1 -1 -1 -1
-1 -1 -1 -1 -1
-1 -1 -1 -1 -1 -1
-1 -1 -1 -1 -1 -1
-1 -1 -1 -1 -1 -1 -1
-1 -1 -1 -1 -1
-1 -1 -1 -1 -1
-1 -1 -1 -1 -1 -1 -1 -1
-1 -1 -1 -1 -1
-1 -1 -1 -1 -1
-1 131 131 131 -1 -1
-1 131 131 131 -1 -1 -1
-1 131 131 131 -1 -1 -1 -1
-1 131 131 131 -1 -1
-1 131 131 131 -1 -1
-1 131 131 131 -1 -1
-1 131 131 131 -1
-1 -1 -1 -1 -1 -1 -1 -1
-1 -1 -1 -1 -1
-1 -1 -1 -1 -1
-1 131 131 423 -1 -1 -1
-1 131 131 182
-1 131 131 -1 -1
-1 131 131 -1 -1
-1 131 131 -1 -1
-1 131 131 479 -1
-1 131 131 399 -1
-1 131 131 508 -1
-1 131 131 -1 -1 -1 -1
-1 131 131 -1 -1
-1 131 131 423 -1 -1
-1 -1 -1 -1 -1 -1 -1
-1 -1 -1 -1 -1 -1 -1
-1 -1 -1 -1 -1
-1 -1 -1 -1 -1 -1 -1 -1
-1 -1 -1 -1 -1 -1
-1 -1 -1 -1 -1 -1 -1 -1
-1 -1 -1 -1 -1 -1
-1 -1 -1 -1 -1
-1 -1 -1 -1 -1
-1 -1 -1 -1 -1
-1 -1 -1 -1
-1 -1 -1 -1 -1
-1 -1 -1 -1 -1 -1
-1 -1 -1 -1
-1 -1 -1
-1 -1 -1 -1
-1 -1 -1 -1 -1 -1
-1 -1 -1 -1
-1 -1 -1 -1
-1 -1 -1
-1 -1 -1
-1 -1 -1 -1
-1 -1 -1 -1 -1 -1
-1 -1 -1 -1 -1 -1
-1 -1 -1 -1
-1 -1 -1 -1 -1
-1 -1 -1 -1
-1 -1 -1 -1
-1 -1 -1 -1 -1 -1 -1
-1 -1 -1
-1 -1 -1 -1
-1 -1 -1 -1
-1 -1 -1 -1
-1 -1 -1
-1 -1 -1 -1 -1 -1 -1
-1 -1 -1 -1 -1 -1
-1 -1 -1
-1 -1 -1 -1
-1 -1 -1 -1
-1 -1 -1 -1
-1 -1 -1 -1
-1 -1 -1 -1 -1
-1 -1 -1
-1 -1 -1 -1 -1
-1 -1 -1 -1 -1
-1 -1 -1 -1
-1 -1 -1 -1
-1 -1 -1 -1 -1
-1 130 -1 -1 -1 -1
-1 130 130 130 308
-1 130 130 130 -1 -1 -1 -1
-1 130 130 130 -1 -1
-1 -1 -1 -1 -1
-1 -1 -1 -1 -1 -1 -1
-1 38 38 569 -1
-1 38 38 38 569
-1 -1 -1 -1 -1
-1 -1 -1 -1 -1 -1
-1 -1 -1 -1 -1 -1
-1 -1 -1 -1 -1 -1
-1 -1 -1 -1 -1 -1
-1 -1 -1 -1 -1 -1 -1
-1 -1 -1 -1 -1 -1 -1 -1
-1 -1 -1 -1 -1 -1 -1
-1 -1 -1 -1 -1 -1 -1
-1 -1 -1 -1 -1 -1 -1
-1 -1 -1 -1 -1 -1 -1
-1 -1 -1 -1 -1 -1 -1 -1
-1 -1 -1 -1 -1 -1 -1
-1 -1 -1 -1 -1
-1 -1 -1
-1 -1 -1 -1 -1 -1
-1 -1 -1 -1 -1 -1
-1 99 -1 -1
-1 99 -1 -1
-1 99 -1 -1 -1
-1 99 -1 -1
-1 99 -1 -1
-1 99 -1 -1
-1 99 -1 -1
-1 99 -1 -1
-1 99 -1 -1
-1 105 -1 -1 -1
-1 105 -1 -1 -1 -1
-1 -1 -1 -1 -1 -1
-1 -1 -1 -1 -1
-1 -1 -1 -1
-1 -1 -1 -1 -1
-1 -1 -1
-1 -1 -1 -1 -1
-1 -1 -1 -1
-1 -1 -1 -1 -1 -1 -1
-1 -1 -1 -1
-1 -1 -1 -1
-1 -1 -1 -1
-1 -1 -1 -1
-1 -1 -1 -1
-1 -1 -1 -1 -1
-1 -1 -1 -1 -1
-1 -1 -1 -1 -1
-1 -1 -1 -1 -1 -1 -1
-1 -1 -1 -1 -1 -1 -1 -1 -1 -1
-1 -1 -1 -1
-1 -1 -1 -1 -1 -1 -1
-1 -1 -1 -1 -1
-1 -1 -1 -1 -1 -1 -1 -1
-1 -1 -1 -1 -1 -1 -1
-1 -1 -1 -1
-1 -1 -1 -1
-1 -1 -1 -1 -1 -1 -1
-1 -1
-1 -1 -1 -1 -1
-1 -1 -1 -1
-1 -1 -1 -1
-1 -1 -1 -1 -1 -1
-1 -1 -1 -1 -1 -1 -1
-1 -1 -1 -1 -1 -1
-1 -1 -1 -1 -1 -1
-1 123 -1 -1
-1 123 -1 -1
-1 52 52 52 52 433 -1 -1
-1 52 52 52 52 -1 -1 -1 -1 -1 -1 -1 -1
-1 52 52 52 52 -1 -1 -1 -1 -1 -1
-1 52 52 52 52 -1 -1
-1 52 52 52 52 -1 -1
-1 52 52 52 52 -1 -1
-1 -1 -1 -1
-1 -1 -1
-1 -1 -1 -1
-1 -1 -1 -1
-1 -1 -1 -1
-1 -1 -1 -1
-1 -1 -1 -1
-1 -1 -1 -1 -1
-1 -1 -1 -1 -1 -1 -1
-1 -1 -1 -1
-1 -1 -1 -1
-1 -1 -1
-1 -1 -1 -1
-1 -1 -1 -1
-1 -1 -1 -1 -1
-1 67 -1 -1 -1 -1
-1 67 -1 -1 -1 -1
-1 67 -1 -1 -1 -1
-1 67 -1 -1 -1 -1
-1 67 -1 -1 -1
-1 67 -1 -1 -1
-1 67 -1 -1 -1 -1
-1 -1 -1 -1 -1 -1
-1 -1 -1 -1 -1 -1
-1 -1 -1 -1 -1 -1
-1 -1 -1 -1 -1 -1
-1 -1 -1 -1 -1
-1 -1 -1 -1 -1
-1 37 37 37 -1 -1 -1
-1 37 37 37 -1 -1 -1 -1
-1 -1 -1 -1
-1 -1 -1 -1 -1 -1 -1
-1 -1 -1 -1 -1 -1 -1
-1 -1 -1 -1 -1 -1
-1 -1 -1 -1 -1 -1 -1
-1 -1 -1 -1 -1 -1
-1 -1 -1 -1 -1 -1
-1 -1 -1 -1 -1 -1
-1 -1 -1 -1 -1
-1 -1 -1 -1 -1
-1 -1 -1 -1 -1
-1 -1 -1 -1 -1
-1 -1 -1 -1
-1 -1 -1 -1 -1 -1
-1 -1 -1 -1 -1 -1
-1 -1 -1 -1 -1 -1
-1 -1 -1 -1 -1 -1 -1 -1 -1 -1
-1 -1 -1 -1 -1
-1 -1 -1 -1 -1 -1 -1
-1 -1 -1 -1
-1 -1 -1 -1
-1 -1 -1 -1 -1
-1 -1 -1 -1 -1 -1
-1 -1 -1 -1
-1 -1 -1 -1 -1 -1
-1 -1 -1
-1 -1 -1 -1 -1
-1 -1 -1 -1
-1 -1 -1 -1
-1 -1 -1 -1
-1 -1 -1 -1 -1 -1 -1 -1
-1 -1 -1 -1 -1 -1 -1 -1
-1 -1 -1
-1 -1 -1
-1 -1 -1 -1 -1 -1
-1 -1 -1 -1 -1 -1
-1 -1 -1 -1 -1 -1
-1 -1 -1 -1 -1 -1
-1 -1 -1 -1 -1 -1
-1 -1 -1 -1 -1
-1 -1 -1 -1 -1
-1 -1 -1 -1 -1
-1 -1 -1 -1
-1 -1 -1 -1
-1 -1 -1 -1
-1 -1 -1
-1 -1 -1
-1 87 87 444 -1 -1
-1 87 87 -1
-1 87 87 396 -1
-1 87 87 -1
-1 87 87 559
-1 87 87 496 496 496
-1 87 87 227 227 227
-1 87 87 287 287 287 287
-1 87 87 444 -1
-1 87 87 396 -1
-1 87 87 363
-1 87 87 496 496 496
-1 87 87 227 227 227
-1 87 87 287 287 287 287
-1 -1 -1 -1 -1
-1 -1 -1 -1
-1 -1 -1 -1 -1
-1 -1 -1 -1 -1
-1 -1 -1 -1
-1 -1 -1 -1 -1 -1
-1 -1 -1 -1 -1
-1 -1 -1
-1 -1 -1 -1 -1
-1 -1 -1 -1 -1
-1 -1 -1
-1 -1 -1 -1 -1
-1 -1 -1 -1
-1 -1 -1 -1 -1
-1 -1 -1
-1 -1 -1
-1 -1 -1 -1 -1
-1 -1 -1 -1
-1 -1 -1 -1
-1 -1 -1 -1
-1 -1 -1 -1
-1 -1 -1 -1
-1 -1 -1 -1
-1 -1 -1 -1 -1
-1 -1 -1 -1 -1
-1 -1 -1 -1
-1 -1 -1 -1
-1 -1 -1 -1
-1 -1 -1 -1 -1
-1 -1 -1 -1
-1 -1 -1 -1
-1 -1 -1 -1
-1 120 572 -1
-1 120 466
-1 -1 -1 -1
-1 32 -1 -1 -1 -1
-1 32 -1 -1 -1 -1 -1
-1 32 -1 -1 -1 -1
-1 32 -1 -1 -1 -1
-1 32 -1 -1 -1
-1 32 -1 -1 -1 -1
-1 32 -1 -1 -1 -1
-1 32 -1 -1 -1
-1 32 -1 -1 -1 -1
-1 32 -1 -1 -1
-1 32 -1 -1 -1
-1 32 -1 -1 -1
-1 32 -1 -1 -1
-1 32 -1 -1 -1
-1 32 -1 -1 -1
-1 32 -1 -1 -1 -1
-1 -1 -1 -1 -1 -1
-1 -1 -1 -1
-1 -1 -1 -1 -1
-1 -1 -1 -1 -1 -1 -1
-1 -1 -1
-1 -1 -1
-1 -1 -1 -1 -1 -1 -1
-1 -1 -1 -1 -1
-1 -1 -1
-1 -1 -1 -1
-1 -1 -1 -1 -1
-1 -1 -1 -1 -1
-1 -1 -1 -1 -1 -1 -1
-1 -1 -1 -1 -1 -1 -1
-1 -1 -1 -1 -1 -1 -1
-1 -1 -1 -1 -1
-1 -1 -1 -1 -1 -1
-1 -1 -1 -1
-1 -1 -1 -1 -1
-1 -1 -1 -1 -1 -1
-1 -1 -1 -1
-1 -1 -1 -1
-1 -1 -1 -1
-1 -1 -1 -1 -1 -1 -1
-1 -1 -1 -1 -1
-1 -1 -1 -1 -1 -1
-1 -1 -1 -1 -1 -1
-1 -1 -1 -1
-1 -1 -1 -1 -1
-1 -1 -1 -1 -1 -1
-1 50 50 50 50 50 -1
-1 50 50 50 50 50 -1
-1 50 50 50 -1 -1 -1 -1
-1 50 50 50 -1 -1 -1
-1 50 50 50 548 -1
-1 50 50 50 431 -1
-1 50 50 50 548 -1
-1 -1 -1 -1
-1 -1 -1 -1 -1 -1 -1
-1 -1 -1
-1 50 50 548 -1
-1 85 85 85 443 -1 -1 -1
-1 85 85 85 -1 -1 -1 -1 -1
-1 85 85 85 -1 -1
-1 85 85 85 -1 -1
-1 85 85 85 571 -1
-1 85 85 85 -1
-1 85 85 85 -1
-1 85 85 85 -1
-1 85 85 85 -1 -1 -1
-1 85 85 443 -1 -1 -1 -1
-1 85 85 -1 -1
-1 85 85 -1 -1 -1
-1 85 85 571 -1
-1 85 85 -1
-1 85 85 -1 -1
-1 85 85 85 -1 -1
-1 85 85 85 -1 -1
-1 85 85 85 -1 -1
-1 85 85 85 -1 -1 -1
-1 85 85 85 571 -1
-1 85 85 85 -1
-1 -1 -1 -1 -1
-1 -1 -1 -1 -1 -1
-1 -1
-1 -1 -1 -1
-1 -1 -1 -1
-1 -1 -1 -1 -1
-1 -1 -1 -1 -1
-1 -1 -1 -1 -1 -1
-1 -1 -1 -1 -1 -1 -1 -1 -1
-1 -1 -1 -1 -1 -1 -1 -1 -1
-1 -1 -1 -1 -1 -1
-1 -1 -1 -1
-1 -1 -1 -1 -1
-1 -1 -1 -1
-1 -1 -1 -1 -1
-1 -1 -1 -1
-1 -1 -1 -1 -1 -1
-1 -1 -1 -1 -1
-1 -1 -1 -1 -1 -1 -1 -1
-1 -1 -1 -1
-1 -1 -1 -1 -1 -1 -1
-1 -1 -1 -1 -1 -1 -1 -1
-1 -1 -1 -1 -1 -1
-1 -1 -1 -1 -1 -1 -1
-1 -1 -1 -1 -1 -1
-1 -1 -1 -1 -1
-1 -1 -1 -1 -1 -1 -1 -1
-1 -1 -1 -1 -1 -1 -1
-1 -1 -1 -1
-1 -1 -1 -1 -1 -1 -1 -1
-1 -1 -1 -1
-1 -1 -1 -1 -1
-1 -1 -1 -1
-1 50 50 50 431 -1 -1
-1 50 50 50 -1 -1
-1 -1 -1 -1 -1 -1 -1
-1 134 134 134 134 417 -1
-1 25 25 -1 -1 -1 -1 -1
-1 25 25 -1 -1 -1 -1 -1
-1 -1 -1 -1 -1 -1 -1
-1 -1 -1 -1 -1 -1 -1 -1
-1 -1 -1 -1
-1 -1 -1 -1 -1
-1 -1 -1 -1 -1 -1 -1
-1 -1 -1 -1 -1 -1 -1
-1 -1 -1 -1 -1 -1
-1 -1 -1 -1 -1 -1
-1 -1 -1 -1 -1
-1 -1 -1 -1
-1 -1 -1 -1 -1
-1 -1 -1 -1 -1
-1 -1 -1 -1 -1
-1 -1 -1 -1 -1
-1 -1 -1 -1 -1
-1 -1 -1 -1 -1 -1 -1
-1 -1 -1 -1 -1 -1 -1 -1
-1 -1 -1 -1 -1 -1
-1 -1 -1 -1 -1 -1
-1 -1 -1 -1 -1
-1 -1 -1 -1 -1
-1 -1 -1 -1 -1 -1
-1 -1 -1 -1
-1 -1 -1 -1
-1 -1 -1 -1
-1 -1 -1 -1
-1 -1 -1 -1
-1 -1 -1 -1 -1 -1 -1
-1 -1 -1 -1 -1 -1 -1
-1 -1 -1 -1 -1 -1 -1 -1
-1 -1 -1 -1 -1 -1 -1
-1 -1 -1 -1
-1 -1 -1 -1
-1 -1 -1 -1
-1 -1 -1 -1
-1 -1 -1 -1
-1 -1 -1 -1
-1 -1 -1 -1
-1 -1 -1 -1
-1 -1 -1 -1
-1 -1 -1 -1 -1
-1 -1 -1 -1 -1
-1 -1 -1 -1
-1 -1 -1 -1 -1
-1 -1 -1 -1 -1 -1
-1 -1 -1 -1 -1 -1
-1 -1 -1 -1 -1
-1 -1 -1 -1 -1 -1 -1 -1
-1 -1 -1 -1
-1 -1 -1 -1 -1 -1
-1 -1 -1 -1 -1 -1
-1 -1 -1 -1 -1 -1 -1 -1 -1
-1 -1 -1 -1 -1
-1 -1 -1 -1 -1
-1 -1 -1 -1 -1 -1
-1 -1 -1 -1 -1 -1
-1 -1 -1 -1 -1 -1
-1 -1 -1 -1 -1 -1 -1 -1
-1 -1 -1 -1 -1 -1
-1 -1 -1 -1 -1 -1 -1
-1 -1 -1 -1 -1 -1 -1 -1 -1 -1
-1 -1 -1 -1 -1 -1 -1 -1 -1 -1 -1 -1
-1 -1 -1 -1 -1 -1 -1 -1
-1 -1 -1 -1 -1 -1 -1 -1
-1 -1 -1 -1 -1 -1 -1 -1 -1
-1 -1 -1 -1 -1 -1 -1 -1
-1 -1 -1 -1 -1 -1
-1 -1 -1
-1 -1 -1 -1
-1 -1 -1 -1
-1 -1 -1 -1 -1
-1 -1 -1 -1
-1 -1 -1 -1 -1 -1
-1 -1 -1 -1 -1
-1 -1 -1
-1 -1 -1
-1 -1 -1
-1 -1 -1
-1 -1 -1 -1 -1
-1 -1 -1 -1 -1
-1 -1 -1 -1
-1 -1 -1 -1
-1 -1 -1 -1
-1 -1 -1 -1
-1 -1 -1
-1 -1 -1 -1 -1 -1
-1 -1 -1 -1 -1
-1 -1 -1 -1
-1 -1 -1 -1 -1 -1
-1 -1 -1 -1 -1
-1 -1 -1 -1
-1 99 99 -1 -1
-1 -1 -1 -1 -1 -1
-1 -1 -1 -1 -1 -1
-1 -1 -1 -1 -1
-1 -1 -1 -1 -1
-1 -1 -1 -1 -1
-1 -1 -1 -1 -1 -1
-1 -1 -1 -1 -1 -1
-1 99 99 316
-1 99 99 -1 -1
-1 99 99 -1 -1 -1
-1 99 99 -1 -1
-1 99 99 -1 -1
-1 99 99 -1 -1 -1
-1 99 99 -1 -1 -1
-1 99 99 -1 -1 -1 -1
-1 99 -1 -1 -1
-1 99 -1 -1 -1
-1 -1 -1
-1 -1 -1 -1
-1 -1 -1 -1 -1 -1 -1
-1 -1 -1 -1 -1 -1
-1 -1 -1 -1 -1 -1 -1 -1
-1 -1 -1 -1 -1 -1
-1 -1 -1 -1 -1 -1 -1
-1 -1 -1 -1 -1 -1 -1 -1 -1 -1
-1 -1 -1 -1 -1 -1
-1 -1 -1 -1 -1 -1 -1 -1
-1 -1 -1 -1 -1 -1 -1 -1 -1
-1 -1 -1 -1 -1 -1 -1
-1 120 -1 -1 -1
-1 120 -1 -1 -1
-1 120 225
-1 120 572 -1
-1 120 466
-1 120 284 -1
-1 120 -1 -1 -1 -1
-1 120 -1 -1 -1
-1 120 -1 -1 -1 -1 -1 -1
-1 120 -1 -1 -1 -1 -1 -1
-1 120 -1 -1 -1 -1 -1 -1
-1 120 -1 -1 -1 -1 -1
-1 120 -1 -1 -1 -1 -1 -1 -1
-1 120 -1 -1 -1 -1 -1 -1
-1 120 -1
-1 120 554 554 -1 -1
-1 120 470 470 470
-1 120 401 401 401
-1 -1 -1 -1 -1 -1 -1 -1
-1 -1 -1 -1 -1
-1 -1 -1 -1
-1 -1 -1 -1 -1 -1
-1 -1 -1 -1 -1
-1 -1 -1 -1 -1 -1
-1 -1 -1
-1 -1 -1
-1 -1 -1 -1 -1
-1 -1 -1
-1 -1 -1 -1
-1 -1 -1 -1 -1
-1 -1 -1 -1 -1
-1 -1 -1 -1
-1 -1 -1 -1 -1 -1 -1 -1
-1 -1 -1 -1 -1 -1
-1 -1 -1 -1
-1 82 -1 -1 -1 -1
-1 82 -1 -1
-1 82 -1 -1 -1 -1 -1
-1 82 82 -1 -1 -1 -1 -1
-1 -1 -1 -1 -1 -1
-1 -1 -1 -1 -1
-1 -1 -1 -1 -1 -1
-1 -1 -1 -1 -1 -1
-1 -1 -1 -1
-1 -1 -1 -1
-1 -1 -1 -1 -1 -1 -1
-1 -1 -1 -1 -1 -1 -1
-1 -1 -1 -1 -1 -1
-1 -1 -1 -1 -1 -1 -1
-1 -1 -1 -1 -1
-1 -1 -1 -1 -1
-1 -1 -1 -1 -1 -1 -1 -1
-1 -1 -1 -1 -1 -1
-1 -1 -1 -1
-1 -1 -1 -1 -1 -1 -1
-1 93 -1 -1 -1 -1
-1 93 -1 -1 -1 -1 -1 -1
-1 93 -1 -1 -1 -1
-1 93 285 -1
-1 93 -1 -1 -1
-1 -1 -1 -1 -1
-1 -1 -1 -1 -1 -1
-1 -1 -1 -1 -1 -1 -1
-1 -1 -1 -1 -1
-1 -1 -1 -1 -1 -1
-1 -1 -1 -1 -1
-1 -1 -1 -1
-1 -1 -1
-1 -1 -1 -1 -1
-1 -1 -1 -1
-1 -1 -1
-1 -1 -1 -1 -1 -1 -1 -1
-1 -1 -1 -1
-1 -1 -1 -1
-1 129 311 311 311 311 -1
-1 129 -1 -1 -1
-1 129 -1 -1 -1 -1
-1 129 -1 -1 -1
-1 129 -1 -1 -1 -1
-1 129 -1 -1 -1
-1 129 311 311 311 311 -1
-1 129 311 311 311 311 -1
-1 129 -1 -1 -1 -1 -1
-1 -1 -1
-1 -1 -1 -1
-1 -1 -1 -1
-1 -1 -1
-1 -1 -1 -1 -1
-1 129 129 129 -1 -1 -1 -1
-1 129 129 129 -1 -1 -1 -1
-1 129 129 129 -1 -1 -1
-1 129 129 129 -1 -1 -1 -1
-1 129 129 -1 -1 -1
-1 129 129 -1 -1 -1 -1
-1 129 129 -1 -1 -1
-1 129 129 -1 -1 -1
-1 129 129 -1 -1 -1
-1 129 129 -1 -1 -1
-1 129 129 -1 -1 -1
-1 129 129 -1 -1 -1
-1 -1 -1 -1
-1 -1 -1 -1 -1
-1 -1 -1 -1 -1
-1 -1 -1 -1
-1 -1 -1 -1 -1
-1 -1 -1 -1 -1
-1 -1 -1 -1 -1
-1 -1 -1 -1 -1
-1 -1 -1 -1
-1 -1 -1 -1
-1 -1 -1 -1 -1 -1 -1
-1 -1 -1 -1
-1 -1 -1 -1 -1
-1 -1 -1
-1 -1 -1
-1 -1 -1 -1
-1 -1 -1 -1 -1 -1 -1 -1
-1 -1 -1 -1 -1 -1
-1 -1 -1
-1 -1 -1 -1 -1 -1
-1 -1 -1 -1 -1
-1 -1 -1 -1 -1 -1
-1 -1 -1 -1 -1 -1
-1 -1 -1 -1 -1
-1 -1 -1 -1
-1 -1 -1 -1
-1 -1 -1 -1 -1
-1 -1 -1 -1 -1 -1 -1 -1 -1
-1 -1 -1 -1 -1 -1 -1 -1 -1
-1 -1 -1 -1 -1 -1 -1 -1 -1 -1
-1 -1 -1 -1 -1 -1 -1 -1
-1 -1 -1 -1 -1 -1 -1 -1 -1 -1 -1
-1 -1 -1 -1 -1 -1 -1 -1
-1 -1 -1 -1 -1 -1 -1 -1
-1 133 -1 -1 -1
-1 133 -1 -1 -1
-1 133 -1 -1 -1
-1 133 -1 -1 -1 -1 -1
-1 133 -1 -1 -1 -1
-1 133 -1 -1 -1
-1 120 459 -1 -1
-1 120 -1
-1 120 -1 -1 -1
-1 120 -1 -1 -1
-1 120 -1 -1
-1 120 -1 -1 -1 -1
-1 120 -1 -1 -1 -1 -1
-1 120 -1
-1 120 -1 -1 -1 -1
-1 120 -1 -1
-1 120 -1 -1 -1
-1 120 -1 -1 -1
-1 120 -1 -1
-1 120 -1 -1 -1 -1 -1 -1
-1 120 -1 -1 -1 -1 -1
-1 120 -1 -1 -1 -1
-1 120 -1 -1
-1 120 -1 -1 -1 -1
-1 120 -1 -1 -1
-1 120 -1 -1 -1
-1 120 -1 -1 -1
-1 120 -1 -1
-1 120 -1 -1 -1 -1 -1
-1 120 -1 -1 -1
-1 120 -1 -1
-1 120 -1 -1
-1 120 -1 -1
-1 120 -1 -1
-1 120 -1 -1 -1
-1 120 -1 -1
-1 120 -1 -1
-1 120 -1 -1
-1 -1 -1 -1 -1 -1 -1
-1 -1 -1 -1 -1 -1 -1
-1 -1 -1 -1 -1 -1 -1
-1 -1 -1 -1 -1 -1 -1
-1 -1 -1 -1 -1 -1
-1 -1 -1 -1 -1 -1
-1 -1 -1 -1 -1 -1 -1 -1
-1 -1 -1 -1 -1 -1
-1 -1 -1 -1 -1
-1 -1 -1 -1 -1
-1 -1 -1 -1 -1 -1
-1 -1 -1 -1 -1
-1 -1 -1 -1 -1
-1 -1 -1 -1
-1 -1 -1 -1 -1 -1 -1 -1
-1 -1 -1 -1
-1 -1 -1 -1 -1
-1 -1 -1 -1
-1 -1 -1 -1
-1 -1 -1 -1
-1 -1 -1 -1 -1 -1
-1 -1 -1 -1
-1 -1 -1 -1
-1 -1 -1 -1
-1 -1 -1 -1
-1 -1 -1
-1 -1 -1 -1 -1 -1 -1 -1
-1 -1 -1
-1 -1 -1 -1 -1 -1
-1 -1 -1 -1 -1 -1 -1
-1 -1 -1 -1 -1
-1 -1 -1 -1 -1
-1 -1 -1 -1 -1 -1
-1 -1 -1 -1 -1 -1
-1 -1 -1 -1 -1 -1
-1 -1 -1 -1 -1 -1 -1
-1 -1 -1 -1 -1
-1 -1 -1 -1 -1 -1
-1 -1 -1 -1 -1 -1
-1 -1 -1 -1 -1 -1 -1
-1 -1 -1 -1 -1 -1
-1 -1 -1 -1 -1 -1 -1
-1 -1 -1 -1 -1 -1 -1
-1 -1 -1 -1 -1
-1 -1 -1 -1 -1 -1 -1
-1 -1 -1 -1 -1 -1
-1 -1 -1 -1
-1 -1 -1 -1 -1 -1
-1 -1 -1 -1
-1 -1 -1 -1
-1 -1 -1 -1 -1 -1
-1 123 460 -1 -1 -1 -1
-1 123 -1 -1 -1
-1 123 -1 -1 -1 -1
-1 123 -1 -1 -1
-1 123 -1 -1 -1
-1 123 -1 -1 -1 -1
-1 123 -1 -1 -1 -1 -1 -1 -1
-1 123 -1 -1 -1 -1
-1 123 -1 -1 -1 -1 -1 -1
-1 123 -1 -1 -1 -1 -1 -1
-1 123 -1 -1 -1 -1 -1
-1 123 -1 -1 -1 -1
-1 123 -1 -1 -1
-1 126 126 462 -1 -1
-1 126 126 -1 -1
-1 126 126 126 126 462 -1 -1 -1 -1
-1 126 126 126 126 462 -1 -1 -1
-1 -1 -1 -1 -1
-1 -1 -1 -1 -1 -1 -1 -1
-1 -1 -1 -1 -1 -1 -1
-1 -1 -1 -1 -1
-1 -1 -1 -1 -1
-1 -1 -1 -1 -1
-1 -1 -1 -1
-1 -1 -1 -1 -1 -1
-1 -1 -1 -1 -1 -1
-1 -1 -1 -1
-1 -1 -1 -1 -1 -1 -1
-1 -1 -1 -1 -1 -1 -1
-1 -1 -1 -1 -1 -1 -1 -1
-1 -1 -1 -1 -1
-1 -1 -1 -1 -1
-1 127 174 174
-1 127 382 382 -1
-1 127 465 465
-1 127 296 296 296
-1 127 216 216 -1
-1 127 254 254
-1 127 170 170
-1 127 167 167
-1 127 550 550 550
-1 127 471 471 -1
-1 127 309 309 309 -1
-1 127 502 502 -1
-1 127 495 495 -1
-1 127 499 499 499 -1
-1 127 143 143 -1 -1 -1 -1
-1 127 520 520 520 520 -1 -1
-1 127 226 226 -1
-1 127 263 263 -1
-1 127 156 156 -1
-1 127 176 176 176 -1
-1 127 333 333 333 -1
-1 127 219 219
-1 127 506 506
-1 127 142 142 142 -1 -1
-1 127 273 273
-1 127 160 -1
-1 127 409 409 409 409 409 409 -1
-1 127 536 536 536 -1
-1 -1 -1 -1 -1 -1 -1
-1 -1 -1 -1 -1
-1 -1 -1 -1 -1 -1 -1
-1 -1 -1 -1
-1 -1 -1 -1 -1
-1 -1 -1 -1
-1 -1 -1 -1 -1
-1 -1 -1 -1 -1 -1 -1 -1
-1 -1 -1 -1 -1
-1 -1 -1
-1 -1 -1 -1 -1 -1 -1 -1
-1 -1 -1 -1
-1 -1 -1 -1 -1
-1 -1 -1 -1
-1 -1 -1 -1
-1 -1 -1 -1
-1 -1 -1 -1
-1 -1 -1 -1
-1 -1 -1 -1 -1 -1
-1 -1 -1 -1
-1 -1 -1 -1
-1 -1 -1 -1
-1 -1 -1 -1
-1 -1 -1 -1 -1 -1 -1
-1 -1 -1
-1 120 -1 -1 -1 -1
-1 120 572 -1
-1 -1 -1 -1
-1 -1 -1 -1 -1
-1 -1 -1 -1 -1 -1
-1 -1 -1 -1 -1
-1 -1 -1 -1 -1 -1
-1 -1 -1 -1
-1 -1 -1 -1 -1 -1
-1 -1 -1 -1
-1 -1 -1
-1 -1 -1 -1
-1 -1 -1 -1 -1
-1 -1 -1 -1 -1
-1 -1 -1 -1 -1
-1 -1 -1 -1 -1
-1 -1 -1
-1 -1 -1 -1 -1
-1 -1 -1 -1 -1
-1 -1 -1 -1 -1 -1 -1
-1 -1 -1 -1 -1 -1 -1
-1 -1 -1 -1 -1 -1 -1
-1 -1 -1 -1 -1 -1
-1 -1 -1 -1 -1 -1
-1 -1 -1 -1
-1 -1 -1 -1 -1
-1 -1 -1 -1 -1
-1 -1 -1 -1
-1 -1 -1 -1 -1
-1 -1 -1 -1 -1 -1 -1
-1 -1 -1 -1 -1
-1 -1 -1 -1 -1 -1 -1
-1 -1 -1 -1 -1 -1 -1 -1
-1 -1 -1 -1 -1 -1 -1
-1 -1 -1 -1 -1 -1 -1 -1 -1
-1 -1 -1 -1 -1
-1 -1 -1 -1 -1 -1 -1 -1
-1 -1 -1 -1 -1 -1 -1 -1
-1 -1 -1 -1 -1
-1 -1 -1 -1 -1
-1 -1 -1 -1 -1
-1 -1 -1 -1 -1
-1 -1 -1 -1
-1 -1 -1 -1 -1
-1 -1 -1 -1
-1 -1 -1
-1 -1 -1 -1
-1 -1 -1 -1
-1 -1 -1
-1 -1 -1 -1 -1 -1 -1
-1 -1 -1 -1
-1 74 -1 -1 -1
-1 74 -1 -1
-1 74 440 -1
-1 74 -1 -1 -1
-1 74 -1 -1 -1 -1
-1 74 -1 -1 -1 -1
-1 -1 -1 -1
-1 -1 -1 -1 -1 -1
-1 -1 -1 -1 -1 -1
-1 -1 -1 -1 -1 -1 -1 -1
-1 133 416 -1 -1 -1 -1
-1 133 -1 -1 -1
-1 68 68 -1 -1 -1 -1
-1 68 68 -1 -1 -1 -1 -1
-1 68 68 -1 -1 -1
-1 63 63 -1 -1 -1 -1
-1 63 63 -1 -1 -1 -1 -1
-1 63 63 -1 -1 -1 -1 -1
-1 63 -1 -1 -1
-1 63 -1 -1 -1
-1 -1 -1 -1 -1 -1 -1
-1 -1 -1 -1 -1 -1 -1
-1 -1 -1 -1
-1 -1 -1 -1
-1 -1 -1 -1
-1 -1 -1 -1 -1 -1 -1
-1 -1 -1 -1 -1
-1 -1 -1 -1 -1
-1 -1 -1 -1 -1 -1
-1 -1 -1 -1
-1 -1 -1 -1 -1 -1 -1 -1 -1 -1
-1 -1 -1 -1 -1 -1 -1 -1 -1
-1 -1 -1 -1 -1 -1 -1 -1 -1 -1 -1
-1 -1 -1 -1 -1 -1 -1
-1 -1 -1 -1 -1 -1 -1
-1 -1 -1 -1 -1 -1 -1 -1 -1
-1 -1 -1 -1 -1 -1 -1 -1 -1 -1 -1 -1
-1 -1 -1 -1 -1 -1 -1
-1 -1 -1 -1 -1 -1
-1 -1 -1 -1 -1 -1 -1
-1 -1 -1 -1 -1 -1
-1 -1 -1 -1 -1 -1
-1 -1 -1 -1 -1 -1
-1 -1 -1 -1 -1 -1 -1 -1 -1
-1 -1 -1 -1 -1 -1
-1 -1 -1 -1 -1 -1 -1
-1 -1 -1 -1 -1 -1 -1
-1 -1 -1 -1 -1 -1 -1
-1 -1 -1 -1 -1 -1 -1
-1 -1 -1 -1 -1 -1
-1 109 109 -1 -1 -1 -1 -1 -1
-1 109 109 -1 -1 -1 -1 -1 -1 -1
-1 -1 -1 -1 -1 -1 -1 -1 -1
-1 -1 -1 -1 -1 -1 -1 -1
-1 109 453 -1 -1 -1 -1
-1 109 -1 -1 -1 -1 -1 -1 -1
-1 109 -1 -1 -1 -1
-1 109 -1 -1 -1
-1 109 326 -1 -1 -1 -1
-1 109 109 326 -1 -1 -1 -1
-1 -1 -1 -1 -1
-1 -1 -1 -1 -1 -1 -1 -1
-1 -1 -1 -1 -1 -1 -1
-1 -1 -1 -1 -1 -1
-1 -1 -1 -1 -1 -1
-1 -1 -1 -1 -1 -1
-1 -1 -1 -1 -1 -1 -1 -1 -1
-1 -1 -1 -1 -1 -1 -1
-1 -1 -1 -1 -1 -1 -1 -1
-1 -1 -1 -1 -1 -1 -1
-1 -1 -1 -1 -1 -1 -1 -1 -1
-1 -1 -1 -1 -1 -1 -1 -1 -1
-1 -1 -1 -1 -1 -1 -1 -1
-1 -1 -1 -1 -1 -1 -1
-1 -1 -1 -1 -1 -1 -1
-1 -1 -1 -1
-1 -1 -1 -1 -1
-1 134 417 -1 -1 -1
-1 134 134 417 -1 -1 -1 -1
-1 134 134 417 -1 -1 -1 -1
-1 134 134 134 134 417 -1 -1 -1
-1 134 134 -1 -1 -1
-1 134 134 183
-1 99 -1 -1 -1
-1 99 -1 -1
-1 99 -1 -1 -1
-1 99 -1 -1 -1
-1 99 -1 -1 -1
-1 99 -1 -1 -1 -1
-1 99 -1 -1 -1
-1 99 -1 -1 -1 -1
-1 99 -1 -1 -1 -1
-1 99 -1 -1 -1 -1
-1 99 -1 -1
-1 -1 -1 -1 -1 -1
-1 -1 -1 -1 -1 -1 -1 -1
-1 -1 -1 -1 -1 -1 -1
-1 -1 -1 -1 -1 -1 -1 -1 -1
-1 -1 -1 -1 -1 -1
-1 -1 -1 -1 -1 -1 -1 -1
-1 -1 -1 -1
-1 -1 -1
-1 -1 -1 -1 -1 -1
-1 -1 -1 -1 -1 -1
-1 -1
-1 129 -1 -1 -1 -1
-1 129 -1 -1
-1 -1 -1 -1 -1
-1 -1 -1 -1 -1
-1 -1 -1 -1 -1
-1 -1 -1 -1 -1
-1 -1 -1 -1
-1 -1 -1 -1 -1
-1 -1 -1 -1
-1 -1 -1 -1
-1 -1 -1 -1
-1 -1 -1 -1
-1 -1 -1 -1 -1
-1 -1 -1
-1 -1 -1 -1 -1
-1 -1 -1 -1 -1
-1 -1 -1 -1 -1
-1 -1 -1
-1 -1 -1 -1
-1 -1 -1 -1 -1 -1 -1 -1
-1 -1 -1 -1 -1 -1 -1
-1 -1 -1 -1 -1 -1
-1 -1 -1 -1
-1 -1 -1 -1 -1 -1
-1 -1 -1 -1 -1
-1 -1 -1 -1 -1 -1 -1
-1 -1 -1 -1 -1 -1 -1
-1 -1 -1 -1 -1 -1 -1
-1 -1 -1 -1 -1 -1
-1 -1 -1 -1 -1 -1
-1 84 84 -1 -1 -1
-1 84 84 253 253
-1 -1 -1 -1 -1 -1
-1 -1 -1 -1
-1 -1 -1 -1
-1 -1 -1 -1 -1
-1 -1 -1 -1 -1 -1
-1 -1 -1 -1 -1
-1 -1 -1 -1
-1 -1 -1 -1 -1 -1 -1 -1
-1 -1 -1 -1 -1 -1 -1
-1 -1 -1 -1 -1 -1 -1 -1 -1
-1 -1 -1 -1 -1 -1 -1 -1
-1 -1 -1 -1 -1
-1 127 -1 -1 -1 -1 -1
-1 127 243 243 -1
-1 127 159 159 159 -1
-1 127 265 265 265 265 -1
-1 127 341 341 -1
-1 127 -1 -1 -1 -1
-1 127 148 148 148
-1 127 127 382 382 -1
-1 127 127 -1 -1 -1
-1 127 127 341 341 -1
-1 127 127 -1 -1
-1 127 127 265 265 265 265 -1
-1 127 127 148 148 148
-1 120 459 -1 -1 -1 -1
-1 120 -1 -1
-1 120 -1 -1 -1 -1 -1 -1
-1 120 -1 -1 -1 -1 -1 -1 -1
-1 120 -1 -1 -1 -1 -1 -1 -1
-1 120 -1 -1 -1
-1 120 -1 -1
-1 -1 -1 -1 -1 -1 -1 -1
-1 -1 -1 -1 -1 -1
-1 -1 -1 -1 -1 -1 -1 -1
-1 -1 -1 -1 -1 -1
-1 120 459 -1 -1 -1 -1
-1 120 -1 -1 -1
-1 120 -1 -1 -1 -1
-1 120 -1 -1 -1 -1
-1 120 -1 -1 -1 -1 -1
-1 120 -1 -1 -1 -1
-1 120 -1 -1 -1 -1
-1 120 -1 -1 -1 -1 -1
-1 120 -1 -1 -1 -1 -1
-1 120 -1 -1 -1 -1 -1 -1
-1 120 -1 -1 -1 -1 -1
-1 120 -1 -1 -1 -1
-1 120 -1 -1 -1 -1 -1
-1 120 -1 -1 -1 -1 -1
-1 120 -1 -1 -1 -1 -1
-1 120 -1 -1 -1 -1
-1 -1 -1 -1 -1 -1 -1
-1 -1 -1 -1 -1 -1 -1
-1 -1 -1 -1 -1
-1 -1 -1 -1 -1
-1 -1 -1 -1 -1 -1
-1 -1 -1 -1 -1 -1
-1 -1 -1 -1 -1 -1
-1 -1 -1 -1 -1 -1
-1 127 127 327 -1
-1 127 127 -1 -1 -1
-1 127 127 -1 -1 -1
-1 127 127 -1 -1 -1
-1 127 127 382 382 -1
-1 127 127 216 216 -1
-1 127 127 -1 -1 -1 -1
-1 127 127 -1 -1 -1 -1 -1
-1 127 127 -1 -1 -1 -1
-1 127 127 -1 -1 -1 -1 -1 -1 -1
-1 127 127 -1 -1 -1 -1
-1 127 127 -1 -1 -1 -1
-1 127 127 -1
-1 133 133 -1 -1 -1
-1 132 132 132 204 204 204 -1 -1
-1 120 120 120 225
-1 93 93 93 449 -1 -1 -1 -1
-1 93 93 93 -1 -1 -1 -1
-1 93 93 93 285 -1
-1 -1 -1 -1 -1
-1 -1 -1 -1
-1 127 -1 -1
-1 127 -1 -1 -1
-1 127 216 216 -1
-1 127 -1 -1 -1 -1 -1
-1 127 -1 -1 -1
-1 127 -1 -1 -1 -1
-1 127 -1 -1 -1
-1 127 -1 -1 -1 -1
-1 -1 -1 -1 -1 -1 -1 -1
-1 -1 -1 -1 -1 -1 -1 -1
-1 -1 -1 -1 -1 -1 -1 -1
-1 -1 -1 -1 -1 -1 -1 -1
-1 -1 -1 -1 -1 -1 -1 -1
-1 -1 -1 -1 -1 -1
-1 -1 -1 -1 -1 -1 -1 -1 -1 -1
-1 -1 -1 -1 -1 -1 -1 -1
-1 -1 -1 -1 -1 -1 -1 -1
-1 -1 -1 -1 -1 -1 -1
-1 -1 -1 -1 -1 -1 -1 -1 -1 -1 -1
-1 -1 -1 -1 -1 -1 -1
-1 -1 -1 -1 -1 -1 -1 -1
-1 -1 -1 -1 -1 -1 -1 -1
-1 -1 -1 -1 -1 -1 -1 -1 -1
-1 134 134 134 134 338
-1 -1 -1 -1 -1 -1
-1 -1 -1 -1 -1
-1 -1 -1 -1 -1
-1 -1 -1 -1
-1 -1 -1 -1
-1 -1 -1 -1
-1 -1 -1 -1 -1 -1
-1 -1 -1 -1 -1 -1 -1 -1 -1
-1 -1 -1
-1 -1 -1 -1 -1
-1 -1 -1 -1
-1 -1 -1 -1 -1
-1 -1 -1 -1 -1 -1 -1
-1 -1 -1 -1 -1
-1 -1 -1 -1 -1 -1
-1 -1 -1 -1
-1 -1 -1 -1 -1
-1 -1 -1 -1 -1
-1 -1 -1 -1 -1
-1 -1 -1 -1 -1
-1 -1 -1 -1 -1
-1 -1 -1 -1 -1
-1 -1 -1 -1 -1
-1 -1 -1 -1 -1 -1 -1 -1
-1 -1 -1 -1 -1
-1 -1 -1 -1 -1 -1
-1 -1 -1 -1 -1 -1
-1 -1 -1 -1 -1 -1 -1 -1
-1 -1 -1 -1 -1 -1 -1
-1 -1 -1 -1 -1 -1
-1 -1 -1 -1
-1 -1 -1 -1
-1 -1 -1 -1
-1 -1 -1 -1
-1 -1 -1 -1
-1 -1 -1
-1 -1 -1 -1 -1
-1 -1 -1 -1
-1 -1 -1 -1
-1 -1 -1 -1 -1 -1 -1
-1 -1 -1 -1 -1
-1 -1 -1 -1 -1 -1 -1
-1 -1 -1 -1 -1 -1 -1 -1 -1
-1 -1 -1 -1 -1 -1 -1 -1 -1 -1
-1 -1 -1 -1 -1 -1 -1 -1 -1 -1
-1 -1 -1 -1 -1 -1 -1
-1 -1 -1 -1 -1 -1
-1 -1 -1 -1 -1 -1 -1 -1
-1 51 -1 -1
-1 51 -1 -1 -1 -1
-1 51 -1 -1 -1 -1
-1 51 -1 -1 -1 -1
-1 51 -1 -1 -1 -1 -1
-1 51 -1 -1 -1 -1 -1
-1 51 -1 -1 -1 -1 -1 -1
-1 51 -1 -1 -1 -1 -1 -1
-1 51 -1 -1 -1 -1 -1
-1 51 -1 -1 -1 -1 -1 -1
-1 51 -1 -1 -1 -1 -1 -1 -1 -1
-1 51 -1 -1 -1 -1 -1 -1 -1
-1 51 -1 -1 -1 -1 -1 -1
-1 51 -1 -1 -1 -1 -1
-1 51 -1 -1 -1 -1 -1 -1
-1 51 -1 -1 -1 -1 -1 -1
-1 51 -1 -1 -1 -1 -1 -1
-1 51 -1 -1 -1 -1 -1 -1
-1 51 -1 -1 -1 -1
-1 51 -1 -1 -1 -1
-1 51 -1 -1 -1 -1
-1 51 -1 -1 -1 -1 -1
-1 -1 -1 -1 -1
-1 -1 -1 -1 -1
-1 -1 -1 -1 -1
-1 -1 -1 -1 -1
-1 -1 -1 -1 -1 -1
-1 51 51 51 397 -1
-1 51 51 51 -1 -1
-1 51 51 51 -1 -1
-1 51 51 51 -1 -1
-1 51 51 51 510 -1
-1 51 51 51 241 241 -1
-1 51 51 51 -1 -1 -1 -1
-1 51 51 51 -1 -1 -1
-1 51 51 51 -1 -1 -1
-1 51 51 51 -1 -1 -1 -1
-1 51 51 51 -1
-1 51 51 51 -1 -1
-1 51 51 51 -1 -1 -1 -1 -1
-1 51 51 51 -1 -1 -1 -1 -1
-1 51 51 51 408 408 408 408 -1
-1 51 51 51 256 256 -1
-1 51 51 432 -1
-1 51 51 -1 -1 -1
-1 51 51 -1 -1 -1 -1 -1
-1 51 51 -1 -1 -1 -1
-1 51 51 -1 -1 -1
-1 51 51 -1 -1 -1
-1 51 51 256 256
-1 51 51 408 408 408 408 -1
-1 51 51 241 241 -1
-1 51 51 -1 -1
-1 51 51 -1 -1 -1
-1 -1 -1 -1
-1 -1 -1 -1 -1
-1 -1 -1 -1
-1 -1 -1 -1 -1
-1 -1 -1 -1 -1 -1 -1
-1 19 19 19 511 -1
-1 19 19 511 -1
-1 -1 -1
-1 -1 -1 -1 -1
-1 55 55 434 -1
-1 55 55 513 -1
-1 55 55 434 -1 -1
-1 55 55 513 -1
-1 102 102 -1 -1
-1 102 102 -1 -1 -1 -1
-1 102 102 -1 -1 -1 -1
-1 102 102 -1 -1 -1
-1 102 102 -1 -1 -1
-1 102 102 -1 -1 -1 -1 -1
-1 102 102 -1 -1 -1
-1 102 102 -1 -1 -1 -1
-1 102 102 -1 -1 -1
-1 102 102 -1 -1 -1 -1 -1 -1
-1 102 102 -1 -1 -1 -1 -1
-1 102 102 -1 -1 -1 -1 -1
-1 102 102 -1 -1 -1
-1 102 102 530 530 -1 -1
-1 102 102 -1 -1 -1 -1 -1
-1 102 102 -1 -1 -1 -1 -1 -1
-1 102 102 -1 -1 -1 -1 -1
-1 102 102 -1 -1 -1 -1 -1
-1 102 102 -1 -1 -1
-1 102 102 -1 -1 -1
-1 -1 -1 -1 -1
-1 -1 -1 -1 -1
-1 -1 -1 -1 -1 -1 -1 -1
-1 -1 -1 -1 -1 -1 -1
-1 19 19 511 -1
-1 88 88 -1 -1
-1 88 88 -1 -1
-1 -1 -1 -1
-1 -1 -1 -1
-1 17 17 17 17 -1
-1 -1 -1 -1
-1 118 118 -1 -1 -1
-1 118 118 556 556 -1
-1 118 118 335 335 -1
-1 118 118 154 154 -1 -1
-1 118 118 346 346 -1 -1
-1 118 118 517 517 -1 -1
-1 118 118 412 412 412 -1 -1
-1 118 118 196 196 196 -1 -1 -1
-1 118 118 563 563 -1
-1 118 118 -1 -1
-1 118 118 -1
-1 20 20 20 20 344 344 -1 -1
-1 20 20 424 -1 -1
-1 20 20 344 344 -1 -1
-1 20 20 194 194 194 -1 -1 -1
-1 20 20 152 152 -1 -1
-1 20 20 515 515 -1 -1
-1 20 20 410 410 410 -1 -1
-1 20 20 555 555 -1
-1 20 20 334 334 -1
-1 118 -1 -1 -1
-1 118 556 556 -1
-1 118 154 154 -1 -1
-1 118 346 346 -1 -1
-1 118 257 -1
-1 118 -1 -1
-1 118 -1 -1 -1
-1 118 -1 -1 -1 -1
-1 118 -1 -1 -1 -1 -1
-1 118 315 315
-1 118 -1 -1
-1 118 403 403
-1 118 -1
-1 118 118 315 315
-1 118 118 403 403
-1 118 118 118 335 335 -1
-1 -1 -1 -1 -1 -1
-1 -1 -1 -1 -1 -1
-1 -1 -1 -1 -1 -1 -1 -1
-1 -1 -1 -1
-1 -1 -1 -1 -1
-1 -1 -1 -1
-1 -1 -1 -1 -1
-1 -1 -1 -1 -1 -1
-1 -1 -1 -1 -1 -1
-1 -1 -1 -1 -1 -1
-1 -1 -1 -1 -1 -1 -1
-1 -1 -1 -1 -1 -1 -1
-1 -1 -1 -1 -1 -1 -1
-1 -1 -1 -1 -1 -1 -1 -1 -1
-1 -1 -1 -1 -1 -1 -1 -1
-1 118 118 -1 -1 -1
-1 118 118 -1 -1 -1 -1
-1 118 118 -1 -1 -1
-1 118 118 556 556 -1
-1 118 118 -1 -1 -1 -1
-1 118 118 403 403
-1 -1 -1 -1 -1
-1 -1 -1 -1 -1 -1 -1
-1 -1 -1 -1 -1 -1 -1
-1 -1 -1 -1
-1 -1 -1 -1 -1 -1 -1
-1 -1 -1 -1 -1 -1 -1 -1
-1 -1 -1 -1 -1 -1 -1 -1
-1 -1 -1 -1 -1 -1 -1 -1
-1 -1 -1 -1 -1 -1 -1 -1 -1
-1 -1 -1 -1 -1 -1 -1 -1 -1 -1
-1 -1 -1 -1 -1 -1 -1
-1 -1 -1 -1 -1 -1 -1
-1 -1 94 94 512 -1
-1 -1 94 94 294 -1
-1 -1 94 94 94 564 564 -1
-1 -1 94 94 94 -1 -1 -1 -1 -1
-1 -1 94 94 94 345 345 -1 -1 -1 -1
-1 -1 94 94 94 153 153 -1 -1 -1 -1
-1 -1 94 94 94 516 516 -1 -1
-1 -1 94 94 94 195 195 195 -1 -1 -1
-1 -1 94 94 94 411 411 411 -1 -1
-1 -1 94 94 94 -1 -1 -1
-1 -1 94 94 94 -1 -1 -1
-1 -1 94 94 94 512 -1 -1
-1 -1 94 94 94 -1 -1 -1 -1
-1 -1 -1 -1 -1 -1 -1
-1 -1 -1 -1 -1 -1 -1 -1
-1 -1 -1 -1 -1 -1 -1
-1 -1 -1 -1 -1 -1 -1
-1 -1 -1 -1 -1 -1 -1
-1 -1 127 127 174 174
-1 -1 127 127 216 216 -1
-1 -1 127 127 498 498 -1
-1 -1 127 127 268 268 -1
-1 -1 127 127 497 497 -1
-1 -1 127 127 292 292 292 -1 -1
-1 -1 99 99 316
-1 -1 118 118 457 -1
-1 -1 118 118 -1 -1 -1
-1 -1 118 118 -1 -1 -1
-1 -1 118 118 563 563 -1
-1 -1 118 118 346 346 -1 -1
-1 -1 118 118 154 154 -1 -1
-1 -1 118 118 517 517 -1 -1
-1 -1 118 118 -1 -1 -1 -1
-1 -1 118 118 196 196 196 -1 -1 -1
-1 -1 118 118 412 412 412 -1 -1
-1 -1 118 118 -1 -1
-1 -1 -1 -1 -1 -1 -1
-1 -1 -1 -1 -1 -1 -1 -1
-1 -1 -1 -1 -1 -1 -1 -1 -1 -1
-1 -1 -1 -1 -1 -1 -1 -1 -1 -1 -1
-1 -1 -1 -1 -1 -1 -1 -1 -1 -1 -1
-1 -1 -1 -1 -1 -1 -1 -1 -1 -1
-1 -1 -1 -1 -1 -1 -1 -1 -1
-1 -1 -1 -1 -1
-1 -1 -1 -1 -1 -1
-1 -1 -1 -1 -1
-1 -1 -1 -1 -1 -1
-1 -1 -1 -1 -1
-1 -1 -1 -1
-1 -1 -1 -1 -1 -1 -1
-1 -1 -1 -1
-1 -1 -1 -1 -1
-1 -1 -1 -1 -1
-1 -1 -1 -1 -1
-1 -1 -1 -1 -1 -1 -1
-1 -1 -1 -1 -1 -1 -1
-1 -1 -1 -1 -1
-1 -1 -1 -1 -1
-1 -1 -1 -1 -1 -1
-1 -1 -1 -1 -1
-1 -1 -1 -1 -1
-1 -1 -1 -1 -1
-1 -1 -1 -1 -1 -1 -1
-1 -1 -1 -1 -1 -1
-1 -1 -1 -1
-1 -1 -1 -1 -1
-1 -1 -1 -1 -1 -1
-1 -1 -1 -1
-1 -1 -1 -1
-1 -1 -1 -1
-1 -1 -1 -1
-1 -1 -1 -1 -1
-1 -1 -1 -1 -1 -1
-1 -1 -1 -1 -1
-1 -1 -1 -1 -1 -1
-1 -1 -1
-1 -1 -1 -1
-1 -1 -1
-1 -1 -1 -1
-1 -1 -1 -1
-1 16 16 -1 -1
-1 16 16 -1 -1
-1 16 16 -1 -1
-1 16 16 -1 -1 -1
-1 16 16 -1 -1 -1 -1
-1 16 16 -1
-1 16 16 274 -1 -1
-1 16 16 248 -1
-1 16 16 -1 -1
-1 16 16 -1
-1 16 16 -1
-1 16 16 -1
-1 16 16 -1 -1 -1
-1 16 16 -1 -1 -1
-1 16 16 -1 -1 -1
-1 16 16 -1 -1
-1 16 16 -1 -1
-1 16 16 -1 -1 -1
-1 16 16 -1
-1 16 16 -1
-1 16 16 -1 -1 -1 -1
-1 16 274 -1 -1
-1 16 248 -1
-1 -1 -1 -1 -1
-1 95 450 -1 -1
-1 95 275 -1 -1
-1 95 450 -1
-1 -1 -1 -1 -1
-1 -1 -1 -1
-1 -1 -1 -1 -1
-1 104 104 -1 -1
-1 104 104 -1 -1
-1 104 104 451 -1 -1
-1 104 104 387 387
-1 -1 -1 -1 -1 -1 -1 -1
-1 -1 -1 -1 -1 -1 -1
-1 -1 -1 -1 -1 -1 -1
-1 -1 -1 -1 -1 -1 -1
-1 -1 -1 -1 -1 -1 -1
-1 -1 -1 -1 -1 -1
-1 -1 -1 -1 -1 -1 -1
-1 -1 -1 -1
-1 -1 -1 -1 -1 -1 -1 -1
-1 -1 -1 -1
-1 -1 -1 -1
-1 -1 -1 -1
-1 -1 -1 -1
-1 -1 -1 -1
-1 -1 -1 -1
-1 -1 -1 -1
-1 -1 -1 -1
-1 -1 -1 -1
-1 -1 -1 -1 -1 -1
-1 -1 -1 -1
-1 -1 -1 -1 -1 -1
-1 -1 -1 -1 -1
-1 -1 -1 -1 -1
-1 -1 -1 -1
-1 -1 -1 -1 -1 -1
-1 -1 -1 -1 -1 -1
-1 -1 -1 -1 -1 -1
-1 -1 -1 -1
-1 -1 -1 -1 -1 -1 -1
-1 -1 -1 -1
-1 -1 -1 -1 -1
-1 -1 -1 -1 -1
-1 -1 -1 -1 -1 -1
-1 -1 -1 -1 -1 -1 -1 -1 -1
-1 -1 -1 -1 -1
-1 -1 -1 -1 -1 -1 -1 -1
-1 -1 -1 -1 -1 -1
-1 -1 -1 -1 -1 -1
-1 -1 -1 -1 -1 -1
-1 -1 -1 -1 -1 -1
-1 -1 -1 -1 -1 -1 -1
-1 -1 -1 -1 -1
-1 -1 -1 -1 -1 -1 -1
-1 -1 -1 -1 -1 -1 -1 -1
-1 -1 -1 -1 -1 -1
-1 -1 -1 -1 -1
-1 -1 -1 -1 -1
-1 64 64 -1 -1 -1 -1 -1
-1 64 64 509 -1
-1 64 64 509 -1
-1 -1 -1 -1 -1
-1 -1 -1 -1 -1
-1 -1 -1 -1 -1
-1 -1 -1 -1 -1 -1
-1 -1 -1 -1
-1 -1 -1 -1 -1 -1 -1 -1 -1
-1 -1 -1 -1
-1 -1 -1 -1 -1 -1 -1 -1
-1 -1 -1 -1 -1
-1 -1 -1 -1 -1
-1 -1 -1 -1 -1 -1 -1
-1 99 99 99 -1 -1 -1
-1 99 99 99 -1 -1 -1
-1 99 99 -1 -1
-1 99 99 -1 -1
-1 -1 -1 -1 -1 -1
-1 -1 -1 -1 -1
-1 -1 -1 -1 -1 -1
-1 -1 -1 -1 -1
-1 -1 -1 -1
-1 -1 -1 -1
-1 -1 -1 -1 -1
-1 -1 -1 -1 -1 -1 -1
-1 -1 -1 -1
-1 -1 -1 -1 -1 -1
-1 -1 -1 -1 -1 -1
-1 89 445 -1 -1
-1 -1 -1 -1 -1
-1 -1 -1 -1 -1 -1
-1 -1 -1 -1
-1 -1 -1 -1
-1 -1 -1 -1
-1 -1 -1 -1 -1
-1 -1 -1 -1 -1 -1
-1 -1 -1 -1 -1 -1 -1
-1 -1 -1 -1 -1 -1
-1 -1 -1 -1 -1
-1 -1 -1 -1 -1 -1
-1 -1 99 99 -1 -1
-1 -1 99 99 -1 -1 -1
-1 -1 99 99 -1 -1 -1
-1 -1 99 99 -1 -1 -1 -1
-1 -1 99 99 -1 -1 -1 -1
-1 -1 99 99 -1 -1 -1 -1
-1 -1 99 99 -1 -1 -1 -1
-1 -1 -1 -1
-1 -1 -1 -1 -1 -1
-1 -1 -1 -1
-1 -1 -1 -1 -1
-1 -1 -1 -1
-1 -1 -1 -1 -1 -1 -1
-1 -1 -1 -1 -1
-1 -1 -1 -1 -1
-1 -1 -1 -1 -1
-1 -1 -1 -1 -1 -1 -1 -1
-1 -1 -1 -1 -1 -1
-1 -1 -1 -1 -1
-1 -1 -1 -1 -1 -1 -1 -1
-1 -1 -1 -1
-1 -1 -1 -1 -1 -1
-1 -1 -1 -1 -1
-1 -1 -1 -1 -1
-1 -1 -1 -1 -1
-1 -1 -1 -1 -1
-1 99 -1 -1 -1 -1
-1 -1 -1 -1 -1
-1 -1 -1 -1 -1
-1 -1 -1 -1 -1
-1 -1 -1 -1
-1 -1 -1 -1 -1 -1 -1 -1 -1
-1 -1 -1 -1 -1 -1 -1
-1 -1 -1 -1 -1 -1 -1
-1 -1 -1 -1 -1 -1 -1
-1 -1 -1 -1 -1 -1 -1
-1 -1 -1 -1 -1 -1 -1 -1
-1 -1 -1 -1 -1 -1 -1 -1
-1 -1 -1 -1 -1 -1 -1
-1 -1 -1 -1 -1 -1 -1 -1
-1 130 413 -1 -1
-1 130 -1 -1 -1
-1 130 -1 -1 -1 -1
-1 130 475 475 -1
-1 130 -1
-1 130 181
-1 130 -1 -1 -1
-1 130 -1 -1 -1 -1
-1 130 413 -1 -1
-1 130 -1 -1 -1 -1 -1
-1 130 -1 -1
-1 130 475 475 -1
-1 130 181
-1 130 413 -1 -1
-1 130 -1
-1 130 413 -1
-1 130 -1 -1
-1 130 -1 -1
-1 130 -1
-1 130 181
-1 130 130 413 -1
-1 130 130 -1 -1 -1 -1
-1 130 130 -1 -1
-1 130 130 -1
-1 130 130 181
-1 130 413 -1
-1 130 413 -1
-1 130 130 413 -1 -1 -1 -1
-1 130 130 -1 -1 -1 -1 -1
-1 130 130 -1 -1 -1
-1 130 130 -1 -1 -1 -1
-1 130 130 181
-1 -1 -1 -1 -1
-1 -1 -1 -1
-1 18 18 422 -1
-1 18 18 -1
-1 18 18 185
-1 18 422 -1 -1 -1 -1
-1 18 185
-1 -1 -1
-1 -1 -1 -1
-1 127 463 -1 -1
-1 127 243 243 -1
-1 -1 -1 -1 -1
-1 -1 -1 -1 -1
-1 -1 -1 -1
-1 -1 -1 -1
-1 -1 -1 -1
-1 -1 -1 -1 -1 -1
-1 -1 -1 -1 -1 -1 -1
-1 -1 -1 -1 -1 -1
-1 -1 -1 -1 -1
-1 -1 -1 -1 -1
-1 -1 -1 -1 -1 -1 -1 -1
-1 -1 -1 -1
-1 -1 -1 -1
-1 -1 -1 -1 -1
-1 -1 -1
-1 -1 -1 -1 -1
-1 -1 -1 -1 -1
-1 -1 -1 -1 -1
-1 -1 -1 -1
-1 -1 -1 -1 -1
-1 -1 -1 -1 -1 -1
-1 -1 -1 -1 -1 -1
-1 -1 -1 -1 -1 -1
-1 -1 -1 -1 -1
-1 -1 -1 -1 -1 -1 -1
-1 -1 -1 -1 -1 -1 -1
-1 -1 -1 -1 -1 -1
-1 -1 -1 -1 -1 -1
-1 -1 -1 -1 -1 -1
-1 -1 -1 -1 -1 -1
-1 -1 -1 -1 -1 -1
-1 -1 -1 -1 -1 -1 -1
-1 -1 -1 -1 -1
-1 -1 -1 -1 -1 -1 -1
-1 -1 -1 -1 -1
-1 -1 -1 -1 -1 -1 -1
-1 -1 -1 -1 -1 -1
-1 107 107 -1 -1 -1 -1 -1 -1
-1 107 452 -1
-1 107 452 -1
-1 113 113 455 -1 -1 -1 -1
-1 119 119 119 458 -1 -1
-1 -1 -1 -1 -1
-1 -1 -1 -1 -1
-1 -1 -1 -1
-1 -1 -1 -1
-1 -1 -1 -1
-1 -1 -1 -1 -1
-1 -1 -1 -1
-1 -1 -1 -1
-1 -1 -1
-1 -1 -1 -1 -1 -1
-1 -1 -1 -1 -1 -1 -1 -1
-1 -1 -1 -1
-1 -1 -1 -1
-1 -1 -1 -1 -1
-1 -1 -1 -1 -1
-1 -1 -1 -1 -1 -1
-1 -1 -1 -1 -1
-1 -1 -1 -1 -1
-1 -1 -1 -1 -1
-1 -1 -1 -1 -1 -1
-1 -1 -1 -1 -1
-1 -1 -1 -1 -1
-1 -1 -1 -1 -1
-1 -1 -1 -1 -1 -1 -1
-1 -1 -1 -1 -1 -1 -1
-1 -1 -1 -1 -1
-1 -1 -1 -1 -1
-1 -1 -1 -1 -1 -1
-1 -1 -1 -1 -1 -1 -1
-1 -1 -1 -1 -1
-1 -1 -1 -1 -1 -1
-1 -1 -1 -1 -1
-1 -1 -1 -1
-1 -1 -1 -1
-1 -1 -1 -1
-1 -1 -1 -1 -1 -1 -1 -1 -1 -1
-1 -1 -1 -1 -1 -1 -1 -1 -1
-1 -1 -1 -1
-1 -1 -1
-1 -1 -1
-1 -1 -1 -1 -1 -1
-1 -1 -1
-1 -1 -1 -1 -1
-1 -1 -1 -1 -1
-1 -1 -1
-1 -1 -1 -1 -1 -1 -1 -1
-1 -1 -1 -1 -1 -1 -1 -1 -1
-1 -1 -1 -1 -1 -1 -1
-1 -1 -1 -1 -1 -1 -1 -1
-1 70 439 -1 -1
-1 70 393 393 -1
-1 70 439
-1 70 393 393 -1
-1 -1 -1 -1 -1 -1 -1 -1
-1 -1 -1 -1 -1 -1 -1 -1
-1 -1 -1 -1 -1 -1
-1 -1 -1 -1
-1 -1 -1 -1 -1
-1 59 59 59 -1 -1 -1 -1 -1 -1
-1 59 59 59 -1 -1 -1
-1 59 59 436 -1 -1
-1 59 59 436 -1 -1
-1 92 92 92 448 -1 -1
-1 92 92 92 392 392 -1
-1 92 92 92 -1 -1 -1 -1 -1
-1 92 92 92 448 -1 -1 -1 -1
-1 92 92 92 392 392 -1
-1 -1 -1 -1
-1 -1 -1
-1 -1 -1
-1 -1 -1 -1
-1 -1 -1 -1
-1 -1 -1 -1
-1 -1 -1 -1
-1 -1 -1 -1
-1 -1 -1 -1 -1
-1 -1 -1 -1 -1
-1 -1 -1 -1 -1
-1 -1 -1 -1
-1 -1 -1 -1 -1
-1 -1 -1 -1 -1
-1 -1 -1 -1 -1 -1
-1 -1 -1 -1 -1
-1 -1 -1 -1 -1 -1 -1
-1 -1 -1 -1 -1 -1
-1 -1 -1 -1 -1 -1
-1 -1 -1 -1 -1 -1 -1
-1 -1 -1 -1 -1 -1 -1
-1 -1 -1 -1 -1 -1
-1 -1 -1 -1 -1 -1 -1
-1 -1 -1 -1 -1 -1 -1 -1 -1
-1 -1 -1 -1 -1 -1
-1 -1 -1 -1 -1 -1 -1
-1 -1 -1 -1 -1 -1 -1
-1 -1 -1 -1 -1 -1 -1 -1 -1 -1
-1 -1 -1 -1 -1 -1 -1 -1 -1 -1
-1 -1 -1 -1
-1 -1 -1 -1 -1 -1
-1 -1 -1 -1 -1
-1 -1 -1 -1 -1
-1 -1 -1 -1 -1
-1 -1 -1 -1 -1 -1
-1 -1 -1 -1 -1
-1 -1 -1 -1 -1 -1 -1
-1 -1 -1 -1 -1 -1
-1 -1 -1 -1 -1 -1 -1 -1
-1 -1 -1 -1 -1 -1 -1 -1 -1
-1 -1 -1 -1 -1 -1 -1 -1
-1 -1 -1 -1 -1 -1 -1 -1 -1
-1 -1 -1 -1 -1 -1 -1
-1 -1 -1 -1 -1 -1 -1
-1 -1 -1 -1 -1 -1 -1 -1
-1 -1 -1 -1 -1 -1 -1
-1 -1 -1 -1 -1 -1
-1 -1 -1 -1 -1 -1
-1 -1 -1 -1 -1 -1
-1 -1 -1 -1 -1 -1
-1 -1 -1 -1 -1 -1 -1 -1
-1 -1 -1 -1 -1 -1
-1 -1 -1 -1 -1 -1
-1 -1 -1 -1 -1 -1
-1 -1 -1 -1 -1 -1
-1 -1 -1 -1 -1 -1
-1 -1 -1 -1 -1 -1
-1 -1 -1 -1 -1 -1
-1 -1 -1 -1 -1 -1
-1 -1 -1 -1 -1 -1 -1
-1 -1 -1 -1 -1 -1
-1 -1 -1 -1 -1 -1 -1 -1
-1 -1 -1 -1 -1
-1 -1 -1 -1 -1 -1 -1
-1 -1 -1 -1 -1 -1 -1
-1 -1 -1 -1 -1 -1
-1 -1 -1 -1 -1 -1 -1
-1 -1 -1 -1 -1 -1
-1 -1 -1 -1 -1
-1 -1 -1 -1 -1
-1 -1 -1 -1
-1 -1 -1 -1 -1
-1 -1 -1 -1 -1
-1 -1 -1 -1 -1
-1 -1 -1 -1 -1 -1 -1
-1 -1 -1 -1 -1 -1
-1 -1 -1 -1 -1 -1 -1
-1 -1 -1 -1 -1 -1
-1 -1 -1 -1 -1
-1 -1 -1 -1 -1
-1 -1 -1 -1 -1 -1
-1 -1 -1 -1 -1 -1
-1 -1 -1 -1 -1 -1
-1 -1 -1 -1 -1 -1 -1 -1 -1
-1 -1 -1 -1 -1 -1 -1
-1 -1 -1 -1 -1
-1 99 -1
-1 99 -1 -1 -1 -1
-1 99 -1 -1 -1
-1 99 -1 -1 -1
-1 99 -1 -1
-1 99 -1 -1 -1
-1 99 -1 -1 -1
-1 99 -1 -1 -1 -1
-1 99 -1 -1 -1
-1 99 -1 -1 -1 -1
-1 99 -1 -1
-1 -1 -1 -1 -1 -1
-1 -1 -1 -1 -1
-1 -1 -1 -1
-1 -1 -1 -1 -1 -1
-1 -1 -1 -1 -1 -1
-1 -1 -1 -1
-1 -1 -1 -1 -1
-1 -1 -1 -1 -1
-1 -1 -1 -1 -1
-1 -1 -1 -1 -1
-1 -1 -1 -1 -1
-1 -1 -1 -1 -1
-1 -1 -1 -1 -1
-1 -1 -1 -1 -1
-1 -1 -1 -1 -1
-1 -1 -1 -1 -1
-1 -1 -1 -1 -1
-1 -1 -1 -1 -1
-1 -1 -1 -1 -1 -1
-1 -1 -1
-1 -1 -1 -1 -1 -1 -1 -1 -1
-1 -1 -1 -1 -1 -1 -1 -1
-1 -1 -1 -1 -1 -1 -1 -1 -1
-1 -1 -1 -1 -1 -1 -1
-1 -1 -1 -1 -1 -1 -1
-1 -1 -1 -1 -1 -1 -1
-1 -1 -1 -1 -1 -1 -1 -1
-1 -1 -1 -1 -1 -1 -1 -1
-1 -1 -1 -1 -1 -1 -1
-1 -1 -1 -1 -1 -1 -1
-1 -1 -1 -1 -1 -1 -1
-1 -1 -1 -1 -1 -1 -1 -1
-1 -1 -1 -1 -1
-1 -1 -1 -1 -1
-1 -1 -1 -1 -1
-1 -1 -1 -1 -1
-1 -1 -1 -1 -1
-1 -1 -1
-1 -1 -1
-1 -1 -1 -1 -1
-1 -1 -1 -1
-1 -1 -1 -1 -1
-1 -1 -1 -1 -1
-1 -1 -1
-1 -1 -1 -1
-1 -1 -1 -1
-1 -1 -1 -1 -1 -1 -1
-1 -1 -1 -1 -1 -1
-1 -1 -1 -1
-1 -1 -1 -1
-1 -1 -1 -1 -1
-1 -1 -1 -1
-1 -1 -1 -1
-1 -1 -1 -1 -1
-1 -1 -1 -1 -1
-1 -1 -1 -1
-1 -1 -1 -1 -1 -1 -1
-1 -1 -1
-1 -1 -1
-1 -1 -1
-1 -1 -1
-1 -1 -1 -1 -1 -1
-1 -1 -1 -1 -1 -1
-1 -1 -1 -1 -1 -1 -1
-1 -1 -1 -1 -1 -1
-1 -1 -1 -1 -1 -1 -1
-1 -1 -1 -1 -1 -1 -1
-1 -1 -1 -1 -1 -1
-1 -1 -1 -1 -1 -1
-1 -1 -1 -1 -1 -1
-1 -1 -1 -1 -1 -1
-1 -1 -1 -1 -1 -1
-1 -1 -1 -1 -1 -1
-1 -1 -1 -1 -1 -1
-1 -1 -1 -1 -1 -1
-1 -1 -1 -1 -1 -1 -1 -1
-1 -1 -1 -1 -1 -1 -1 -1
-1 -1 -1 -1 -1 -1 -1 -1
-1 -1 -1 -1 -1 -1 -1 -1
-1 -1 -1 -1 -1 -1
-1 -1 -1 -1 -1 -1
-1 -1 -1
-1 -1
-1 -1 -1
-1 -1 -1 -1
-1 -1 -1 -1
-1 -1 -1 -1 -1 -1
-1 -1 -1 -1 -1
-1 -1 -1 -1 -1
-1 -1 -1 -1 -1
-1 112 112 454 -1 -1
-1 112 112 -1 -1
-1 112 112 -1 -1
-1 112 112 112 454 -1 -1 -1 -1
-1 112 112 112 -1 -1
-1 112 112 112 202 -1
-1 112 112 112 -1
-1 112 112 112 202 -1
-1 112 112 202 -1
-1 112 112 112 454 -1 -1 -1
-1 112 112 112 -1 -1
-1 112 112 112 202 -1
-1 112 112 112 -1
-1 -1 -1 -1 -1 -1
-1 -1 -1 -1 -1
-1 -1 -1 -1 -1 -1 -1
-1 -1 -1 -1
-1 -1 -1 -1
-1 -1 -1 -1 -1
-1 -1 -1 -1 -1 -1 -1
-1 -1 -1 -1 -1 -1
-1 -1 -1 -1 -1 -1
-1 -1 -1 -1 -1 -1 -1
-1 -1 -1 -1 -1 -1 -1
-1 -1 -1 -1 -1 -1 -1 -1
-1 -1 -1 -1 -1 -1
-1 -1 -1 -1 -1 -1
-1 -1 -1 -1 -1 -1
-1 -1 -1 -1 -1 -1
-1 -1 -1 -1 -1
-1 -1 -1 -1
-1 86 362 -1
-1 86 -1 -1 -1 -1
-1 86 -1 -1 -1
-1 -1 -1 -1 -1
-1 86 86 -1 -1 -1 -1
-1 86 86 362 -1 -1
-1 -1 -1 -1 -1 -1 -1 -1
-1 -1 -1 -1 -1 -1
-1 -1 -1 -1 -1 -1 -1
-1 -1 -1 -1 -1 -1 -1
-1 -1 -1 -1 -1 -1
-1 -1 -1 -1 -1
-1 -1 -1 -1 -1
-1 35 35 -1 -1 -1
-1 35 35 -1 -1 -1
-1 35 35 -1 -1
-1 35 35 -1 -1
-1 35 35 -1 -1 -1 -1
-1 35 35 138 138
-1 35 35 310 310
-1 35 35 -1 -1 -1
-1 -1 -1 -1
-1 -1 -1 -1 -1 -1
-1 -1 -1 -1 -1 -1
-1 -1 -1 -1 -1 -1
-1 -1 -1 -1 -1 -1 -1
-1 -1 -1 -1 -1
-1 111 111 -1 -1
-1 111 111 -1 -1 -1
-1 111 111 -1 -1
-1 111 111 -1 -1
-1 111 111 139 139 -1
-1 111 111 -1 -1 -1
-1 111 111 -1 -1 -1
-1 111 111 -1 -1 -1
-1 111 111 -1 -1
-1 111 111 -1
-1 111 111 -1 -1 -1
-1 111 111 -1 -1 -1
-1 111 111 -1 -1 -1
-1 111 111 -1 -1 -1 -1 -1
-1 111 111 -1
-1 111 111 -1 -1 -1
-1 111 111 -1 -1 -1 -1 -1
-1 -1 -1 -1 -1
-1 -1 -1 -1 -1 -1 -1
-1 -1 -1 -1 -1
-1 -1 -1 -1 -1 -1
-1 -1 -1 -1 -1
-1 -1 -1 -1 -1 -1
-1 -1 -1 -1 -1 -1
-1 -1 -1 -1 -1
-1 -1 -1 -1 -1
-1 -1 -1 -1 -1 -1 -1
-1 -1 -1 -1 -1 -1
-1 -1 -1 -1 -1 -1
-1 -1 -1 -1 -1 -1
-1 -1 -1 -1 -1 -1
-1 -1 -1 -1 -1 -1 -1
-1 125 125 461 -1 -1
-1 125 125 -1
-1 125 125 356 -1 -1
-1 125 125 461 -1
-1 125 125 337
-1 125 125 342 342 342
-1 125 125 356 -1 -1
-1 -1 -1 -1 -1
-1 -1 -1 -1 -1 -1
-1 -1 -1 -1 -1
-1 -1 -1 -1 -1
-1 -1 -1 -1
-1 125 125 461 -1
-1 125 125 337
-1 125 125 342 342 342
-1 -1 -1 -1 -1 -1 -1
-1 -1 -1 -1 -1 -1
-1 -1 -1 -1 -1 -1
-1 -1 -1 -1 -1
-1 -1 -1 -1 -1
-1 -1 -1 -1 -1
-1 -1 -1 -1
-1 -1 -1 -1 -1 -1 -1
-1 125 125 461 -1
-1 125 125 337
-1 125 125 236 236 -1 -1 -1
-1 125 125 342 342 342
-1 -1 -1 -1 -1
-1 -1 -1 -1 -1 -1
-1 -1 -1 -1 -1
-1 -1 -1 -1 -1
-1 -1 -1 -1
-1 125 125 461 -1
-1 125 125 -1
-1 125 125 337
-1 125 125 342 342 342
-1 125 125 356 -1 -1
-1 -1 -1 -1 -1 -1
-1 -1 -1 -1 -1
-1 -1 -1 -1
-1 -1 -1 -1 -1 -1
-1 -1 -1 -1 -1 -1
-1 -1 -1 -1 -1
-1 14 14 14 421 -1 -1
-1 14 14 14 -1 -1 -1
-1 14 14 14 -1 -1 -1 -1
-1 14 14 14 -1 -1 -1
-1 14 14 14 -1 -1 -1
-1 14 14 14 -1 -1 -1 -1
-1 14 14 14 474 474 -1 -1
-1 14 14 14 551 551 551
-1 -1 -1 -1 -1 -1 -1 -1 -1
-1 -1 -1 -1 -1 -1 -1 -1
-1 -1 -1 -1 -1 -1 -1 -1 -1 -1
-1 -1 -1 -1 -1 -1 -1 -1
-1 -1 -1 -1 -1 -1 -1 -1
-1 -1 -1 -1 -1 -1 -1 -1
-1 -1 -1 -1 -1 -1 -1 -1
-1 -1 -1 -1 -1 -1 -1 -1 -1 -1
-1 -1 -1 -1 -1 -1 -1 -1 -1
-1 -1 -1 -1 -1
-1 -1 -1 -1 -1 -1
-1 -1 -1 -1 -1 -1
-1 -1 -1 -1 -1 -1
-1 -1 -1 -1 -1 -1
-1 -1 -1 -1 -1
-1 -1 -1 -1 -1 -1
-1 -1 -1 -1 -1 -1
-1 -1 -1 -1 -1 -1 -1
-1 -1 -1 -1 -1 -1 -1
-1 -1 -1 -1 -1 -1 -1
-1 -1 -1 -1 -1 -1 -1
-1 -1 -1 -1 -1 -1
-1 -1 -1 -1 -1
-1 14 14 14 421 -1 -1 -1
-1 14 14 14 -1 -1 -1
-1 14 14 14 474 474 -1 -1
-1 14 14 14 551 551 551
-1 14 14 14 328 328 -1 -1
-1 -1 -1 -1 -1
-1 -1 -1 -1 -1 -1 -1
-1 -1 -1 -1 -1 -1
-1 -1 -1 -1 -1
-1 -1 -1 -1 -1 -1 -1
-1 -1 -1 -1 -1 -1
-1 -1 -1 -1 -1 -1 -1
-1 -1 -1 -1
-1 -1 -1 -1
-1 -1 -1 -1 -1 -1
-1 -1 -1 -1
-1 -1 -1 -1 -1
-1 -1 -1 -1 -1
-1 -1 -1 -1 -1
-1 -1 -1 -1 -1 -1
-1 -1 -1 -1 -1 -1
-1 -1 -1 -1
-1 -1 -1 -1 -1
-1 -1 -1 -1
-1 -1 -1 -1 -1
-1 -1 -1 -1 -1
-1 -1 -1 -1 -1
-1 -1 -1 -1
-1 -1 -1 -1 -1
-1 -1 -1 -1 -1
-1 -1 -1 -1
-1 -1 -1 -1
-1 -1 -1 -1 -1
-1 -1 -1 -1 -1
-1 -1 -1 -1 -1 -1
-1 -1 -1 -1 -1 -1
-1 -1 -1 -1 -1
-1 -1 -1 -1 -1
-1 -1 -1 -1 -1
-1 -1 -1 -1 -1
-1 -1 -1 -1 -1
-1 -1 -1 -1
-1 -1 -1 -1
-1 -1 -1 -1 -1
-1 -1 -1 -1 -1
-1 -1 -1 -1 -1 -1
-1 -1 -1 -1 -1 -1 -1 -1
-1 -1 -1 -1 -1 -1
-1 -1 -1 -1 -1
-1 -1 -1 -1 -1
-1 -1 -1 -1 -1 -1
-1 -1 -1 -1 -1
-1 -1 -1 -1
-1 -1 -1 -1
-1 -1 -1 -1
-1 -1 -1 -1 -1
-1 -1 -1 -1
-1 -1 -1 -1 -1 -1 -1
-1 -1 -1 -1 -1 -1 -1
-1 -1 -1 -1 -1
-1 -1 -1 -1 -1
-1 -1 -1 -1 -1
-1 -1 -1 -1 -1
-1 -1 -1 -1
-1 -1 -1
-1 -1 -1
-1 -1 -1 -1 -1 -1
-1 -1 -1 -1 -1 -1
-1 -1 -1 -1 -1
-1 -1 -1 -1 -1
-1 -1 -1 -1 -1
-1 -1 -1 -1 -1 -1 -1
-1 -1 -1 -1 -1
-1 -1 -1 -1
-1 -1 -1 -1
-1 -1 -1 -1
-1 -1 -1 -1
-1 -1 -1 -1
-1 -1 -1 -1
-1 -1 -1 -1
-1 -1 -1 -1
-1 -1 -1
-1 -1 -1 -1
-1 -1 -1
-1 62 -1 -1 -1 -1
-1 62 -1 -1 -1
-1 62 -1 -1 -1 -1
-1 62 -1 -1 -1 -1
-1 62 -1 -1 -1
-1 79 -1 -1 -1
-1 79 -1 -1 -1
-1 79 -1 -1 -1
-1 79 -1 -1 -1
-1 79 -1 -1 -1
-1 79 -1 -1 -1
-1 79 -1 -1 -1 -1 -1 -1
-1 79 -1 -1 -1 -1
-1 79 -1 -1 -1 -1
-1 79 -1 -1 -1 -1
-1 79 -1 -1 -1 -1
-1 79 -1 -1 -1 -1
-1 79 -1 -1 -1 -1 -1
-1 79 -1 -1 -1 -1 -1
-1 79 -1 -1 -1
-1 79 172 172
-1 79 -1 -1 -1 -1 -1
-1 79 -1 -1 -1 -1 -1 -1
-1 79 -1 -1 -1 -1 -1
-1 79 -1 -1 -1 -1 -1
-1 79 -1 -1 -1 -1 -1 -1
-1 62 -1
-1 62 -1 -1 -1
-1 62 -1 -1 -1
-1 62 -1 -1 -1
-1 76 76 -1 -1 -1 -1 -1
-1 76 76 -1 -1 -1
-1 76 76 390 390 -1
-1 -1 -1 -1 -1 -1
-1 -1 -1 -1 -1
-1 124 124 124 -1 -1 -1
-1 124 124 -1 -1 -1 -1 -1 -1
-1 -1 -1 -1 -1 -1 -1 -1 -1
-1 -1 -1 -1 -1 -1
-1 -1 -1 -1 -1
-1 -1 -1 -1 -1
-1 -1 -1 -1 -1 -1
-1 -1 -1 -1 -1 -1
-1 -1 -1 -1 -1 -1 -1
-1 -1 -1 -1 -1 -1
-1 -1 -1 -1 -1
-1 99 -1 -1
-1 99 -1 -1
-1 56 56 -1 -1 -1
-1 -1 -1 -1 -1 -1 -1
-1 -1 -1 -1 -1 -1 -1
-1 -1 -1 -1 -1 -1
-1 -1 -1 -1 -1 -1
-1 -1 -1 -1 -1 -1
-1 -1 -1 -1 -1 -1
-1 -1 -1 -1 -1
-1 -1 -1 -1 -1
-1 -1 -1 -1 -1
-1 -1 -1 -1 -1
-1 -1 -1 -1 -1 -1 -1
-1 106 -1 -1
-1 106 -1 -1
-1 106 -1 -1 -1 -1
-1 106 -1 -1 -1 -1
-1 106 -1 -1 -1 -1
-1 106 -1 -1 -1 -1
-1 106 -1 -1 -1
-1 106 -1 -1 -1
-1 106 -1 -1 -1
-1 106 -1 -1 -1
-1 -1 -1 -1 -1 -1
-1 -1 -1 -1 -1 -1
-1 -1 -1 -1 -1 -1
-1 -1 -1 -1 -1 -1 -1 -1 -1 -1
-1 -1 -1 -1 -1 -1 -1 -1 -1
-1 -1 -1 -1 -1 -1 -1
-1 -1 -1 -1 -1 -1 -1
-1 -1 -1 -1 -1 -1 -1 -1
-1 -1 -1 -1 -1 -1
-1 -1 -1 -1 -1 -1 -1 -1
-1 -1 -1 -1 -1 -1 -1
-1 -1 -1 -1 -1 -1
-1 -1 -1 -1 -1 -1 -1
-1 -1 -1 -1 -1 -1 -1
-1 -1 -1 -1 -1 -1
-1 -1 -1 -1 -1 -1 -1 -1
-1 -1 -1 -1 -1 -1 -1 -1
-1 -1 -1 -1 -1 -1 -1 -1
-1 -1 -1 -1 -1
-1 -1 -1 -1 -1 -1 -1
-1 -1 -1 -1 -1 -1 -1
-1 4 4 426 -1 -1 -1 -1
-1 4 4 -1 -1 -1
-1 4 4 -1 -1 -1
-1 4 4 -1 -1 -1
-1 4 4 -1 -1 -1
-1 4 4 383 383 -1
-1 4 4 -1 -1 -1 -1
-1 4 4 -1 -1 -1 -1
-1 4 4 371
-1 3 3 414 -1
-1 3 3 -1 -1
-1 42 42 231 231 231
-1 42 42 -1 -1 -1 -1
-1 42 42 -1 -1 -1
-1 42 42 175 175
-1 42 42 -1 -1 -1 -1
-1 42 42 -1 -1 -1 -1
-1 42 42 -1 -1 -1
-1 28 28 427 -1
-1 28 28 228 228 228 -1 -1
-1 28 28 -1 -1 -1 -1 -1
-1 28 28 394 394
-1 28 28 214 214 -1
-1 -1 -1 -1 -1 -1 -1
-1 -1 -1 -1 -1 -1 -1 -1 -1 -1
-1 -1 -1 -1 -1 -1 -1 -1 -1
-1 -1 -1 -1 -1 -1
-1 -1 -1 -1 -1 -1 -1 -1
-1 -1 -1 -1 -1
-1 -1 -1 -1 -1
-1 -1 -1 -1 -1 -1 -1 -1 -1
-1 -1 -1 -1 -1
-1 -1 -1 -1 -1 -1 -1
-1 -1 -1 -1 -1 -1
-1 -1 -1 -1 -1 -1 -1 -1
-1 -1 -1 -1 -1 -1
-1 -1 -1 -1 -1 -1
-1 -1 -1 -1 -1 -1 -1 -1
-1 -1 -1 -1 -1 -1
-1 -1 -1 -1 -1 -1 -1
-1 -1 -1 -1 -1 -1 -1
-1 43 43 208 208 -1
-1 99 -1 -1 -1
-1 -1 -1 -1
-1 -1 -1 -1 -1 -1 -1 -1 -1
-1 -1 -1 -1 -1 -1 -1
-1 -1 -1 -1 -1 -1 -1 -1
-1 -1 -1 -1 -1 -1 -1
-1 -1 -1 -1 -1
-1 -1 -1 -1 -1 -1
-1 -1 -1 -1 -1
-1 -1 -1 -1
-1 -1 -1
-1 -1 -1 -1 -1 -1
-1 -1 -1 -1 -1 -1 -1
-1 -1 -1 -1 -1
-1 -1 -1 -1 -1 -1
-1 -1 -1 -1 -1 -1
-1 -1 -1 -1 -1
-1 -1 -1 -1 -1
-1 -1 -1 -1 -1 -1
-1 -1 -1 -1 -1 -1
-1 -1 -1 -1 -1
-1 -1 -1 -1 -1 -1
-1 -1 -1 -1 -1
-1 -1 -1 -1 -1 -1
-1 -1 -1 -1 -1 -1 -1
-1 -1 -1 -1 -1 -1 -1
-1 -1 -1 -1 -1 -1
-1 -1 -1
-1 -1 -1 -1 -1 -1
-1 -1 -1 -1 -1 -1
-1 -1 -1 -1
-1 -1 -1 -1 -1
-1 -1 -1 -1
-1 -1 -1 -1 -1
-1 -1 -1 -1
-1 -1 -1 -1 -1 -1 -1 -1 -1
-1 -1 -1 -1 -1 -1 -1 -1 -1
-1 -1 -1 -1 -1 -1 -1 -1 -1 -1
-1 -1 -1 -1 -1
-1 -1 -1 -1 -1
-1 -1 -1 -1 -1
-1 43 -1 -1
-1 43 -1 -1
-1 -1 -1 -1 -1
-1 43 43 -1 -1
-1 -1 -1 -1 -1 -1 -1
-1 -1 -1 -1 -1 -1 -1
-1 -1 -1 -1 -1 -1 -1
-1 -1 -1 -1 -1 -1 -1
-1 -1 -1 -1 -1 -1 -1
-1 -1 -1 -1 -1 -1 -1
-1 -1 -1 -1 -1 -1 -1
-1 -1 -1 -1 -1 -1 -1
-1 -1 -1 -1 -1 -1 -1
-1 -1 -1 -1 -1 -1 -1 -1 -1
-1 -1 -1 -1 -1 -1 -1 -1 -1
-1 -1 -1 -1 -1 -1 -1 -1 -1 -1 -1 -1
-1 -1 -1 -1 -1 -1 -1 -1 -1
-1 -1 -1 -1 -1 -1 -1
-1 -1 -1 -1 -1 -1 -1 -1 -1
-1 -1 -1 -1 -1 -1 -1
-1 -1 -1 -1 -1 -1
-1 -1 3 -1 -1
-1 -1 3 -1 -1 -1
-1 -1 3 -1 -1 -1 -1
-1 -1 3 -1 -1 -1 -1
-1 -1 3 -1 -1 -1 -1
-1 -1 3 -1 -1 -1 -1
-1 -1 3 -1 -1 -1 -1 -1
-1 -1 3 -1 -1 -1 -1 -1
-1 -1 3 -1 -1 -1 -1 -1
-1 -1 3 -1 -1 -1 -1
-1 -1 3 -1 -1 -1 -1 -1
-1 -1 3 -1 -1 -1 -1
-1 -1 3 -1 -1 -1 -1
-1 -1 3 -1 -1 -1 -1
-1 -1 3 -1 -1 -1 -1 -1
-1 -1 3 -1 -1 -1 -1 -1
-1 -1 3 -1 -1 -1 -1
-1 -1 3 -1 -1 -1 -1
-1 -1 3 -1 -1 -1 -1 -1 -1
-1 -1 3 -1 -1 -1 -1
-1 -1 3 -1 -1 -1 -1 -1 -1
-1 -1 3 -1 -1 -1 -1
-1 -1 3 -1 -1 -1 -1
-1 -1 3 -1 -1 -1 -1 -1 -1
-1 -1 3 -1 -1 -1
-1 -1 3 -1 -1 -1
-1 -1 3 -1 -1 -1 -1 -1 -1
-1 -1 3 -1 -1 -1 -1 -1
-1 -1 3 -1 -1 -1
-1 -1 -1 -1 -1 -1 -1 -1
-1 -1 -1 -1 -1 -1 -1 -1
-1 -1 -1 -1 -1 -1 -1
-1 -1 -1 -1 -1 -1 -1 -1
-1 -1 -1 -1 -1 -1
-1 -1 -1 -1 -1 -1 -1 -1
-1 -1 -1 -1 -1 -1 -1
-1 -1 -1 -1 -1 -1 -1
-1 -1 -1 -1 -1
-1 -1 -1 -1 -1 -1
-1 -1 -1 -1 -1 -1
-1 -1 -1 -1 -1 -1
-1 -1 -1 -1 -1
-1 -1 -1 -1 -1 -1
-1 -1 -1 -1 -1 -1 -1
-1 -1 -1 -1 -1 -1
-1 -1 -1 -1 -1 -1
-1 -1 -1 -1 -1 -1
-1 -1 -1 -1 -1
-1 -1 -1 -1 -1 -1 -1 -1
-1 -1 -1 -1 -1 -1 -1 -1 -1
-1 -1 -1 -1 -1 -1 -1 -1
-1 -1 -1 -1 -1 -1 -1
-1 -1 -1 -1 -1 -1 -1
-1 -1 -1 -1 -1 -1 -1
-1 -1 -1 -1 -1 -1 -1 -1 -1
-1 -1 -1 -1 -1 -1 -1
-1 -1 -1 -1 -1 -1 -1
-1 -1 46 46 46 -1 -1 -1 -1 -1 -1
-1 -1 46 46 46 209 209 -1
-1 -1 46 46 46 429 -1
-1 -1 46 46 46 283 283 -1 -1 -1
-1 -1 46 46 46 533 533 -1
-1 -1 46 46 46 266 266 -1 -1
-1 -1 46 46 46 543 543 -1 -1
-1 -1 46 46 46 246 246 -1
-1 -1 46 46 46 528 528 -1
-1 -1 46 46 46 481 481 -1 -1
-1 -1 46 46 46 330 330 -1 -1
-1 -1 46 46 46 264 264 -1
-1 -1 46 46 46 188 188 -1 -1
-1 -1 46 46 46 514 514 -1
-1 -1 46 46 46 552 552 -1 -1
-1 -1 46 46 46 -1 -1 -1 -1 -1
-1 -1 134 -1
-1 -1 4 -1
-1 -1 4 -1 -1 -1
-1 -1 4 -1 -1 -1
-1 -1 4 -1 -1 -1 -1
-1 -1 4 -1 -1 -1 -1
-1 -1 4 383 383 -1
-1 -1 4 -1 -1 -1 -1
-1 -1 4 -1 -1
-1 -1 4 -1 -1
-1 -1 4 371
-1 -1 4 -1 -1
-1 -1 4 -1 -1 -1 -1
-1 -1 4 -1 -1 -1
-1 -1 4 -1 -1
-1 -1 4 -1 -1
-1 -1 4 -1 -1
-1 -1 4 -1 -1
-1 -1 4 -1 -1
-1 -1 -1 -1 -1
-1 -1 -1 -1 -1 -1
-1 -1 -1 -1 -1 -1
-1 -1 -1 -1 -1 -1
-1 -1 -1 -1 -1 -1 -1
-1 -1 -1 -1 -1 -1
-1 -1 -1 -1 -1 -1 -1 -1
-1 -1 -1 -1 -1 -1 -1
-1 -1 -1 -1 -1 -1 -1
-1 -1 -1 -1 -1 -1 -1
-1 -1 -1 -1 -1 -1 -1
-1 -1 -1 -1 -1 -1 -1 -1 -1 -1
-1 -1 -1 -1 -1 -1 -1 -1 -1
-1 -1 -1 -1 -1 -1 -1 -1 -1
-1 -1 -1 -1 -1 -1 -1 -1 -1 -1
-1 -1 -1 -1 -1 -1 -1 -1 -1
-1 -1 -1 -1 -1 -1 -1 -1
-1 -1 -1 -1 -1 -1 -1 -1 -1 -1
-1 -1 -1 -1 -1 -1 -1 -1
-1 -1 -1 -1 -1 -1 -1 -1
-1 -1 42 42 42 -1 -1 -1 -1 -1
-1 -1 42 42 42 -1 -1 -1
-1 -1 42 42 42 -1 -1 -1
-1 -1 42 42 42 -1 -1 -1 -1
-1 -1 42 42 42 -1 -1 -1 -1
-1 -1 42 42 42 -1 -1 -1 -1 -1
-1 -1 42 42 42 -1 -1 -1 -1 -1 -1
-1 -1 42 42 42 -1 -1 -1 -1 -1 -1
-1 -1 42 42 42 -1 -1 -1 -1 -1 -1 -1
-1 -1 42 42 42 -1 -1 -1 -1
-1 -1 42 42 42 -1 -1 -1 -1
-1 -1 42 42 42 -1 -1 -1 -1
-1 -1 42 42 42 -1 -1 -1 -1
-1 -1 42 42 42 -1 -1
-1 -1 42 42 42 -1 -1
-1 -1 42 42 42 -1 -1 -1
-1 -1 42 42 42 -1 -1 -1
-1 -1 42 42 42 -1 -1 -1 -1
-1 -1 42 42 42 -1 -1 -1 -1 -1
-1 -1 42 42 42 231 231 231
-1 -1 42 42 42 -1 -1 -1
-1 -1 42 42 42 175 175 -1
-1 -1 42 42 42 -1 -1 -1 -1 -1 -1
-1 -1 -1 -1 -1
-1 -1 -1 -1 -1
-1 -1 -1 -1 -1 -1 -1
-1 -1 -1 -1 -1 -1
-1 -1 -1 -1 -1 -1 -1 -1
-1 -1 -1 -1 -1 -1 -1 -1
-1 -1 -1 -1 -1 -1 -1 -1
-1 -1 -1 -1 -1 -1 -1
-1 -1 -1 -1 -1 -1 -1
-1 -1 -1 -1 -1 -1 -1 -1
-1 -1 -1 -1 -1 -1 -1 -1
-1 -1 -1 -1 -1 -1 -1 -1
-1 -1 -1 -1 -1 -1 -1 -1
-1 -1 -1 -1 -1 -1 -1 -1 -1
-1 -1 -1 -1 -1 -1 -1 -1 -1
-1 -1 -1 -1 -1 -1 -1 -1 -1
-1 -1 -1 -1 -1 -1 -1 -1 -1 -1
-1 -1 -1 -1 -1 -1 -1
-1 -1 -1 -1 -1 -1
-1 -1 -1 -1 -1 -1 -1 -1 -1
-1 -1 -1 -1 -1 -1 -1 -1
-1 -1 -1 -1 -1 -1 -1
-1 -1 -1 -1 -1
-1 -1 -1 -1 -1
-1 -1 -1 -1 -1 -1 -1
-1 -1 -1 -1 -1 -1 -1
-1 -1 -1 -1 -1
-1 -1 28 28 214 214 -1
-1 -1 28 28 173 173
-1 -1 28 28 -1 -1 -1
-1 -1 28 28 -1 -1 -1 -1 -1 -1
-1 -1 28 28 -1 -1 -1 -1
-1 -1 28 28 -1 -1
-1 -1 28 28 -1 -1 -1 -1
-1 -1 28 28 -1 -1 -1
-1 -1 28 28 -1 -1 -1 -1
-1 -1 28 28 -1 -1
-1 -1 28 28 -1 -1
-1 -1 28 28 -1 -1
-1 -1 28 28 -1 -1 -1
-1 -1 28 28 -1 -1 -1
-1 -1 28 28 -1 -1 -1
-1 -1 28 28 -1 -1 -1
-1 -1 28 28 -1 -1 -1
-1 -1 28 28 -1 -1 -1
-1 -1 28 28 -1 -1 -1
-1 -1 28 28 -1 -1 -1 -1 -1
-1 -1 28 28 -1 -1 -1
-1 -1 28 28 -1 -1
-1 -1 28 28 -1 -1 -1 -1
-1 -1 28 28 -1 -1 -1 -1 -1
-1 -1 28 28 -1 -1 -1 -1
-1 -1 28 28 -1 -1
-1 -1 28 28 -1 -1 -1
-1 -1 28 28 -1 -1 -1
-1 -1 28 28 -1 -1
-1 -1 28 28 -1 -1 -1 -1
-1 -1 28 28 -1 -1 -1
-1 -1 28 28 -1 -1 -1 -1 -1
-1 -1 28 28 -1 -1 -1
-1 -1 28 28 -1 -1 -1 -1 -1
-1 -1 28 28 -1 -1 -1 -1
-1 -1 28 28 -1 -1 -1 -1 -1 -1 -1
-1 -1 28 28 -1 -1 -1 -1 -1 -1
-1 -1 28 28 -1 -1 -1 -1 -1 -1
-1 -1 28 28 -1 -1 -1
-1 -1 28 28 -1 -1 -1 -1
-1 -1 28 28 173 173
-1 -1 28 28 -1 -1 -1
-1 -1 28 28 -1 -1 -1 -1 -1
-1 -1 28 28 -1 -1 -1 -1
-1 -1 28 28 -1 -1 -1 -1 -1 -1
-1 -1 28 28 -1 -1 -1 -1 -1 -1 -1
-1 -1 28 28 -1 -1 -1 -1 -1 -1
-1 -1 28 28 -1 -1 -1 -1 -1 -1 -1
-1 -1 28 28 -1 -1 -1 -1
-1 -1 28 28 -1 -1 -1
-1 -1 28 28 -1 -1 -1 -1
-1 -1 28 28 -1 -1 -1
-1 -1 28 28 228 228 228 -1 -1
-1 -1 28 28 394 394
-1 -1 -1 -1 -1 -1 -1
-1 -1 -1 -1 -1
-1 -1 -1 -1 -1
-1 -1 -1 -1 -1 -1 -1 -1 -1
-1 -1 -1 -1 -1 -1 -1 -1 -1
-1 -1 -1 -1 -1 -1 -1 -1
-1 -1 -1 -1 -1 -1 -1 -1 -1
-1 -1 -1 -1 -1 -1 -1 -1 -1
-1 -1 -1 -1 -1 -1 -1 -1 -1 -1
-1 -1 -1 -1 -1 -1 -1 -1 -1
-1 -1 -1 -1 -1 -1 -1 -1 -1
-1 -1 -1 -1 -1 -1 -1 -1
-1 -1 -1 -1 -1 -1 -1 -1
-1 -1 -1 -1 -1 -1 -1 -1 -1
-1 -1 -1 -1 -1 -1 -1 -1 -1
-1 -1 -1 -1 -1 -1 -1 -1 -1
-1 -1 -1 -1 -1
-1 -1 -1 -1 -1
-1 -1 -1 -1 -1
-1 -1 -1 -1
-1 -1 -1 -1 -1
-1 -1 -1 -1 -1
-1 -1 -1 -1
-1 -1 -1 -1 -1
-1 -1 -1 -1
-1 -1 -1 -1 -1
-1 -1 -1 -1
-1 -1 -1 -1
-1 -1 -1 -1
-1 -1 -1 -1 -1
-1 -1 -1 -1 -1 -1 -1
-1 -1 -1 -1 -1 -1 -1
-1 -1 -1 -1 -1 -1
-1 -1 -1 -1 -1 -1
-1 -1 -1 -1 -1
-1 -1 -1 -1 -1 -1
-1 -1 -1 -1 -1
-1 -1 -1 -1 -1 -1 -1
-1 -1 -1 -1
-1 -1 -1 -1 -1
-1 -1 130 130 -1 -1 -1
-1 -1 130 130 406 406 -1 -1
-1 -1 130 130 473 473 -1
-1 -1 130 130 368 368
-1 -1 -1 -1 -1 -1
-1 -1 -1 -1 -1 -1 -1
-1 -1 -1 -1 -1 -1 -1
-1 -1 -1 -1 -1 -1
-1 -1 -1 -1 -1 -1
-1 -1 130 130 406 406 -1 -1
-1 -1 130 130 473 473 -1
-1 -1 130 130 368 368
-1 -1 -1 -1 -1 -1 -1
-1 -1 -1 -1 -1 -1 -1
-1 -1 -1 -1 -1 -1
-1 -1 -1 -1 -1 -1 -1 -1 -1 -1
-1 -1 -1 -1 -1 -1 -1 -1 -1 -1 -1 -1
-1 -1 -1 -1 -1 -1 -1 -1 -1 -1
-1 -1 -1 -1 -1 -1
-1 -1 -1 -1 -1 -1 -1 -1 -1
-1 -1 -1 -1 -1 -1
-1 -1 -1 -1 -1 -1
-1 -1 -1 -1 -1 -1
-1 -1 -1 -1 -1 -1 -1
-1 -1 -1 -1 -1 -1 -1
-1 -1 -1 -1 -1 -1 -1
-1 -1 -1 -1 -1 -1 -1 -1 -1
-1 -1 -1 -1 -1 -1 -1 -1
-1 -1 -1 -1 -1 -1 -1
-1 -1 -1 -1 -1 -1 -1 -1 -1
-1 -1 -1 -1 -1 -1 -1 -1 -1
-1 -1 -1 -1 -1 -1 -1 -1
-1 -1 42 42 42 -1 -1 -1
-1 -1 42 42 42 231 231 231
-1 -1 42 42 42 -1 -1 -1 -1
-1 -1 42 42 42 -1 -1 -1
-1 -1 42 42 42 -1 -1 -1
-1 -1 42 42 42 -1 -1 -1 -1
-1 -1 -1 -1 -1 -1 -1
-1 -1 -1 -1 -1 -1 -1 -1
-1 -1 -1 -1 -1 -1 -1 -1
-1 -1 -1 -1 -1 -1 -1 -1
-1 -1 -1 -1 -1 -1 -1
-1 -1 -1 -1 -1 -1
-1 -1 -1 -1 -1 -1 -1
-1 -1 -1 -1 -1 -1 -1
-1 -1 -1 -1 -1 -1 -1
-1 -1 -1 -1 -1 -1 -1
-1 -1 -1 -1 -1 -1 -1 -1
-1 -1 -1 -1 -1 -1
-1 -1 -1 -1 -1
-1 -1 -1 -1 -1 -1
-1 -1 -1 -1 -1 -1
-1 -1 -1 -1 -1 -1
-1 -1 -1 -1 -1 -1
-1 -1 -1 -1 -1 -1 -1
-1 -1 -1 -1 -1 -1 -1
-1 -1 -1 -1 -1 -1 -1 -1
-1 -1 -1 -1 -1 -1 -1 -1
-1 -1 -1 -1 -1 -1 -1
-1 -1 -1 -1 -1 -1 -1
-1 -1 -1 -1 -1 -1 -1 -1 -1
-1 -1 -1 -1 -1 -1
-1 -1 -1 -1 -1 -1
-1 -1 -1 -1 -1 -1
-1 -1 -1 -1 -1 -1
-1 -1 -1 -1 -1 -1 -1
-1 -1 -1 -1 -1 -1 -1
-1 -1 -1 -1 -1 -1
-1 -1 -1 -1 -1 -1 -1
-1 -1 -1 -1 -1 -1 -1 -1
-1 -1 -1 -1 -1 -1 -1
-1 -1 -1 -1 -1 -1 -1
-1 -1 -1 -1 -1 -1 -1 -1
-1 -1 -1 -1 -1 -1 -1 -1
-1 -1 -1 -1 -1 -1
-1 -1 -1 -1 -1 -1 -1 -1
-1 -1 -1 -1 -1 -1 -1 -1
-1 -1 -1 -1 -1 -1
-1 -1 -1 -1 -1 -1 -1
-1 -1 -1 -1 -1 -1 -1
-1 -1 -1 -1 -1 -1 -1
-1 -1 -1 -1 -1 -1 -1
-1 -1 -1 -1 -1
-1 -1 -1 -1 -1 -1 -1 -1
-1 -1 -1 -1 -1 -1
-1 -1 -1 -1 -1 -1
-1 -1 -1 -1 -1 -1 -1
-1 -1 -1 -1 -1 -1 -1 -1
-1 -1 -1 -1 -1 -1 -1
-1 -1 -1 -1 -1 -1 -1
-1 -1 -1 -1 -1 -1 -1
-1 -1 -1 -1 -1 -1 -1
-1 -1 -1 -1 -1 -1
-1 -1 -1 -1 -1 -1
-1 -1 -1 -1 -1
-1 -1 -1 -1 -1 -1 -1
-1 -1 -1 -1 -1 -1 -1
-1 -1 96 -1 -1
-1 -1 -1 -1 -1 -1
-1 -1 -1 -1 -1 -1
-1 -1 27 27 -1 -1
-1 -1 27 27 -1 -1 -1 -1
-1 -1 27 27 -1 -1
-1 -1 27 27 -1 -1 -1 -1
-1 -1 27 27 -1 -1 -1 -1
-1 -1 -1 -1 -1 -1
-1 98 98 98 -1 -1 -1
-1 98 98 98 191 191 -1
-1 98 98 191 191 -1
-1 -1 -1 -1 -1 -1
-1 -1 -1 -1 -1 -1
-1 -1 -1 -1 -1 -1 -1
-1 -1 -1 -1 -1 -1
-1 -1 -1 -1 -1 -1
-1 -1 -1 -1 -1 -1 -1 -1
-1 -1 -1 -1 -1 -1 -1 -1 -1
-1 -1 -1 -1 -1 -1 -1 -1
-1 -1 -1 -1 -1 -1 -1
-1 -1 -1 -1 -1 -1 -1 -1 -1
-1 -1 -1 -1 -1 -1
-1 -1 -1 -1 -1 -1
-1 -1 -1 -1
-1 -1 -1 -1 -1
-1 -1 -1 -1
-1 -1 -1 -1 -1 -1 -1
-1 -1 -1 -1 -1 -1 -1 -1
-1 -1 -1 -1 -1 -1 -1
-1 -1 -1 -1 -1 -1 -1
-1 -1 -1 -1 -1 -1 -1 -1 -1 -1
-1 -1 -1 -1 -1 -1 -1
-1 -1 -1 -1 -1 -1 -1 -1 -1
-1 -1 -1 -1 -1 -1 -1
-1 -1 -1 -1 -1 -1 -1
-1 -1 -1 -1 -1 -1 -1
-1 -1 -1 -1 -1 -1
-1 -1 -1 -1 -1
-1 -1 -1 -1 -1
-1 -1 -1 -1 -1
-1 99 -1 -1 -1
-1 99 -1 -1 -1
-1 -1 -1 -1 -1 -1 -1
-1 -1 -1 -1
-1 -1 -1 -1 -1
-1 -1 -1
-1 -1 -1 -1 -1 -1
-1 -1 -1 -1 -1
-1 -1 -1
-1 -1 -1 -1 -1 -1 -1
-1 -1 -1 -1 -1 -1 -1 -1
-1 -1 -1 -1 -1 -1 -1
-1 -1 -1 -1 -1 -1 -1 -1
-1 -1 -1 -1 -1 -1
-1 -1 -1 -1 -1
-1 -1 -1 -1
-1 -1 -1 -1
-1 -1 -1
-1 -1 -1 -1
-1 -1 -1 -1 -1 -1
-1 -1 -1 -1 -1 -1
-1 -1 -1 -1 -1 -1
-1 -1 -1 -1 -1 -1
-1 -1 -1 -1 -1 -1
-1 -1 -1 -1 -1 -1
-1 -1 -1 -1 -1 -1
-1 -1 -1 -1 -1 -1
-1 -1 -1 -1 -1 -1 -1
-1 -1 -1 -1 -1 -1
-1 -1 -1 -1 -1 -1
-1 -1 -1 -1 -1
-1 -1 -1 -1
-1 -1 -1 -1 -1 -1
-1 11 11 -1 -1 -1
-1 11 11 -1 -1 -1
-1 -1 -1 -1 -1 -1
-1 -1 -1 -1 -1 -1
-1 -1 -1 -1 -1 -1 -1
-1 -1 -1 -1 -1 -1 -1
-1 -1 -1 -1 -1 -1 -1 -1
-1 -1 -1 -1 -1 -1 -1
-1 -1 -1 -1 -1 -1 -1
-1 -1 -1 -1 -1 -1 -1 -1
-1 -1 -1 -1 -1 -1 -1
-1 -1 -1 -1 -1 -1
-1 -1 136 136 -1 -1 -1
-1 -1 136 136 -1 -1 -1 -1
-1 -1 136 136 -1 -1 -1 -1
-1 -1 136 136 136 136 389 389 -1
-1 -1 136 136 136 389 389 -1
-1 -1 -1 -1 -1
-1 -1 -1 -1 -1 -1 -1
-1 -1 -1 -1 -1 -1 -1
-1 -1 -1 -1 -1 -1 -1 -1
-1 -1 -1 -1 -1 -1 -1
-1 -1 -1 -1 -1 -1 -1 -1 -1
-1 -1 -1 -1 -1 -1 -1 -1
-1 -1 -1 -1 -1 -1
-1 -1 -1 -1 -1 -1
-1 -1 129 -1 -1 -1 -1 -1
-1 -1 129 -1
-1 -1 129 -1
-1 -1 129 -1 -1
-1 -1 129 -1 -1 -1 -1
-1 -1 129 -1 -1 -1
-1 -1 129 -1 -1 -1 -1
-1 -1 129 -1 -1 -1 -1 -1
-1 -1 129 -1 -1 -1
-1 -1 129 -1 -1 -1
-1 -1 129 -1 -1 -1 -1
-1 -1 129 -1 -1 -1
-1 -1 129 -1 -1 -1
-1 -1 129 -1 -1 -1 -1 -1 -1
-1 -1 -1 -1
-1 -1 -1 -1 -1 -1 -1
-1 -1 -1 -1 -1 -1 -1
-1 -1 -1 -1
-1 -1 -1 -1 -1
-1 -1 -1 -1 -1 -1
-1 -1 -1 -1 -1 -1 -1 -1 -1 -1
-1 -1 -1 -1 -1 -1 -1 -1 -1
-1 -1 -1 -1 -1 -1 -1 -1
-1 -1 -1 -1 -1 -1 -1
-1 -1 -1 -1 -1 -1 -1 -1 -1
-1 -1 -1 -1 -1 -1 -1 -1 -1 -1
-1 -1 -1 -1 -1 -1 -1 -1
-1 -1 -1 -1 -1 -1
-1 -1 -1 -1 -1 -1
-1 -1 -1 -1 -1 -1 -1 -1
-1 -1 -1 -1 -1 -1 -1 -1
-1 -1 -1 -1 -1 -1 -1 -1
-1 -1 -1 -1 -1 -1 -1 -1 -1
-1 -1 -1 -1 -1 -1
-1 -1 -1 -1
-1 -1 -1 -1
-1 -1 -1 -1 -1 -1
-1 -1 -1 -1 -1 -1 -1
-1 -1 -1 -1 -1 -1 -1 -1
-1 -1 -1 -1 -1 -1 -1
-1 -1 -1 -1 -1
-1 -1 -1 -1 -1
-1 -1 -1 -1 -1 -1 -1
-1 -1 -1 -1 -1 -1 -1 -1 -1 -1
-1 -1 -1 -1 -1 -1 -1 -1
-1 -1 -1 -1 -1 -1 -1 -1
-1 -1 -1 -1 -1 -1 -1
-1 -1 -1 -1 -1 -1 -1 -1 -1
-1 -1 -1 -1 -1 -1 -1
-1 -1 -1 -1 -1 -1 -1 -1
-1 -1 -1 -1 -1 -1 -1 -1
-1 -1 -1 -1 -1 -1 -1
-1 -1 -1 -1 -1 -1 -1 -1 -1
-1 -1 -1 -1 -1 -1 -1 -1 -1 -1
-1 -1 -1 -1 -1 -1 -1 -1
-1 -1 -1 -1 -1 -1 -1 -1
-1 -1 -1 -1 -1 -1 -1 -1 -1
-1 -1 -1 -1 -1 -1 -1 -1
-1 -1 -1 -1 -1
-1 -1 -1 -1 -1 -1 -1
-1 -1 -1 -1 -1 -1
-1 -1 -1 -1 -1 -1
-1 -1 -1 -1 -1
-1 -1 -1 -1 -1
-1 -1 -1 -1 -1 -1
-1 -1 -1 -1 -1 -1 -1
-1 -1 -1 -1 -1 -1
-1 -1 -1 -1 -1 -1 -1 -1
-1 -1 -1 -1
-1 -1 -1 -1
-1 -1 -1 -1 -1 -1
-1 -1 -1 -1
-1 -1 -1 -1
-1 -1 -1 -1 -1 -1 -1
-1 -1 -1 -1 -1
-1 -1 -1 -1 -1
-1 -1 -1 -1 -1 -1 -1 -1
-1 -1 -1 -1 -1 -1 -1 -1
-1 -1 -1 -1 -1 -1 -1
-1 -1 -1 -1 -1 -1 -1 -1 -1
-1 -1 -1 -1 -1 -1 -1
-1 -1 -1 -1 -1 -1 -1 -1
-1 -1 -1 -1 -1 -1 -1 -1
-1 -1 -1 -1 -1 -1 -1 -1 -1
-1 -1 -1 -1 -1 -1 -1 -1 -1 -1
-1 -1 -1 -1 -1 -1 -1 -1
-1 -1 -1 -1 -1 -1 -1 -1
-1 -1 -1 -1 -1 -1 -1 -1 -1
-1 -1 -1 -1 -1 -1 -1
-1 -1 -1 -1 -1 -1 -1
-1 -1 -1 -1 -1 -1 -1 -1
-1 -1 -1 -1 -1 -1 -1 -1
-1 -1 -1 -1 -1 -1 -1
-1 -1 -1 -1 -1 -1 -1 -1
-1 -1 -1 -1 -1 -1 -1
-1 -1 -1 -1 -1 -1 -1
-1 -1 -1 -1 -1 -1 -1 -1 -1
-1 -1 -1 -1 -1 -1 -1
-1 -1 -1 -1 -1 -1 -1 -1
-1 -1 -1 -1 -1 -1 -1
-1 -1 117 117 -1
-1 -1 117 -1 -1 -1 -1 -1 -1
-1 -1 117 -1 -1 -1 -1 -1 -1
-1 -1 117 -1 -1 -1 -1
-1 -1 117 -1 -1 -1 -1
-1 -1 117 -1 -1
-1 -1 117 -1 -1 -1 -1 -1
-1 -1 117 -1 -1 -1 -1
-1 -1 117 -1 -1 -1 -1
-1 -1 117 -1 -1 -1 -1
-1 -1 117 -1 -1 -1 -1
-1 -1 117 -1 -1 -1 -1
-1 -1 117 -1 -1 -1 -1
-1 -1 117 -1 -1 -1 -1
-1 -1 117 -1 -1 -1 -1
-1 -1 117 -1 -1 -1
-1 -1 117 -1 -1
-1 -1 117 -1 -1 -1 -1
-1 -1 117 -1 -1
-1 -1 117 -1 -1 -1
-1 -1 117 -1 -1 -1 -1 -1 -1
-1 -1 117 -1 -1 -1
-1 -1 117 -1 -1 -1
-1 -1 117 -1 -1 -1 -1
-1 -1 117 402 402 -1 -1 -1 -1
-1 -1 117 -1 -1 -1 -1 -1
-1 -1 117 -1 -1 -1
-1 -1 117 -1 -1 -1 -1 -1
-1 -1 117 -1 -1
-1 -1 117 -1 -1 -1
-1 -1 117 -1 -1 -1
-1 -1 117 -1 -1 -1 -1 -1
-1 -1 117 -1 -1 -1 -1
-1 -1 117 -1 -1 -1 -1 -1 -1 -1
-1 -1 117 -1 -1 -1 -1 -1 -1
-1 -1 117 -1 -1 -1 -1 -1
-1 -1 117 -1 -1 -1 -1 -1
-1 -1 117 -1 -1 -1 -1 -1 -1 -1 -1
-1 -1 -1 -1
-1 -1 -1 -1 -1
-1 -1 -1 -1 -1 -1 -1
-1 -1 122 122 122 -1 -1
-1 -1 -1 -1 -1 -1 -1
-1 -1 -1 -1 -1 -1
-1 -1 -1 -1 -1 -1 -1 -1 -1
-1 -1 -1 -1 -1 -1
-1 -1 -1 -1 -1 -1
-1 -1 -1 -1 -1 -1 -1
-1 -1 -1 -1 -1 -1
-1 -1 -1 -1 -1 -1 -1 -1
-1 -1 -1 -1 -1 -1 -1 -1
-1 -1 -1 -1 -1 -1 -1
-1 -1 -1 -1 -1 -1 -1
-1 -1 -1 -1 -1 -1 -1
-1 -1 -1 -1 -1 -1 -1 -1
-1 -1 -1 -1 -1 -1 -1 -1 -1
-1 -1 -1 -1 -1 -1 -1
-1 -1 -1 -1 -1 -1 -1
-1 -1 -1 -1 -1 -1 -1 -1
-1 -1 -1 -1 -1 -1
-1 -1 -1 -1 -1 -1 -1
-1 -1 -1 -1 -1 -1 -1 -1
-1 -1 122 122 122 -1 -1 -1 -1 -1 -1
-1 -1 122 122 122 -1 -1 -1 -1 -1
-1 -1 122 122 122 -1 -1 -1 -1
-1 -1 122 122 122 -1 -1 -1 -1 -1
-1 -1 122 122 122 -1 -1 -1 -1 -1
-1 -1 122 122 122 -1 -1 -1 -1
-1 -1 122 122 122 -1 -1 -1
-1 -1 122 122 122 -1 -1
-1 -1 122 122 122 -1 -1 -1 -1
-1 -1 122 122 122 -1 -1 -1
-1 -1 122 122 122 -1 -1 -1
-1 -1 122 122 122 -1 -1 -1
-1 -1 122 122 122 -1 -1 -1
-1 -1 122 122 122 -1 -1 -1
-1 -1 122 122 122 -1 -1 -1
-1 -1 122 122 122 -1 -1 -1
-1 -1 122 122 122 -1 -1 -1
-1 -1 122 122 122 -1 -1 -1
-1 -1 122 122 122 -1 -1 -1
-1 -1 122 122 122 -1 -1 -1
-1 -1 122 122 122 -1 -1 -1
-1 -1 122 122 122 -1 -1 -1
-1 -1 122 122 122 -1 -1 -1
-1 -1 122 122 122 -1 -1 -1
-1 -1 122 122 122 -1 -1 -1
-1 -1 122 122 122 -1 -1 -1
-1 -1 -1 -1 -1
-1 -1 -1 -1 -1
-1 -1 -1 -1 -1
-1 -1 -1 -1 -1
-1 -1 -1 -1 -1
-1 -1 -1 -1 -1 -1
-1 -1 -1 -1 -1 -1 -1 -1 -1
-1 -1 -1 -1 -1 -1
-1 -1 -1 -1 -1
-1 -1 -1 -1 -1
-1 -1 -1 -1 -1 -1
-1 -1 -1 -1 -1 -1
-1 -1 -1 -1 -1 -1
-1 -1 -1 -1 -1 -1 -1
-1 -1 -1 -1 -1
-1 -1 -1 -1 -1
-1 -1 -1 -1 -1 -1 -1
-1 -1 -1 -1 -1 -1 -1 -1 -1
-1 -1 -1 -1 -1 -1
-1 -1 -1 -1 -1
-1 -1 -1 -1 -1 -1 -1 -1
-1 -1 -1 -1 -1 -1
-1 -1 -1 -1 -1 -1 -1
-1 -1 -1 -1 -1 -1 -1
-1 -1 -1 -1 -1 -1 -1
-1 -1 -1 -1 -1 -1 -1 -1 -1
-1 -1 -1 -1 -1 -1 -1
-1 -1 -1 -1 -1 -1 -1 -1
-1 -1 -1 -1 -1 -1 -1
-1 -1 -1 -1 -1 -1
-1 -1 -1 -1 -1 -1
-1 -1 -1 -1 -1 -1
-1 -1 -1 -1 -1 -1 -1
-1 -1 -1 -1 -1 -1
-1 -1 -1 -1 -1 -1
-1 -1 -1 -1 -1 -1 -1 -1
-1 -1 -1 -1 -1 -1 -1
-1 -1 -1 -1 -1 -1 -1 -1
-1 -1 -1 -1 -1 -1 -1
-1 -1 -1 -1 -1 -1
-1 -1 -1 -1 -1
-1 -1 -1 -1
-1 -1 -1 -1 -1 -1
-1 -1 -1 -1 -1 -1 -1
-1 -1 -1 -1 -1 -1
-1 -1 -1 -1 -1
-1 -1 -1 -1 -1 -1
-1 -1 -1 -1 -1 -1
-1 -1 -1 -1 -1 -1 -1
-1 -1 -1 -1 -1 -1 -1 -1 -1
-1 -1 -1 -1 -1 -1 -1 -1 -1 -1
-1 -1 -1 -1 -1 -1 -1 -1
-1 -1 -1 -1 -1 -1 -1
-1 -1 -1 -1 -1 -1 -1 -1
-1 -1 -1 -1 -1 -1 -1 -1
-1 -1 -1 -1 -1 -1 -1 -1
-1 -1 -1 -1 -1 -1 -1
-1 -1 -1 -1 -1 -1 -1
-1 -1 -1 -1 -1 -1 -1
-1 -1 -1 -1 -1 -1 -1
-1 -1 -1 -1 -1 -1 -1
-1 -1 -1 -1 -1 -1 -1
-1 -1 -1 -1 -1 -1 -1
-1 -1 -1 -1 -1 -1 -1
-1 -1 -1 -1 -1 -1 -1
-1 -1 -1 -1 -1 -1 -1
-1 -1 -1 -1 -1 -1 -1 -1
-1 -1 -1 -1 -1 -1 -1 -1
-1 -1 -1 -1 -1 -1 -1 -1
-1 -1 -1 -1 -1 -1 -1 -1 -1 -1
-1 -1 -1 -1 -1 -1 -1 -1 -1
-1 -1 -1 -1 -1 -1 -1 -1 -1
-1 -1 -1 -1 -1 -1 -1 -1 -1 -1
-1 -1 -1 -1 -1 -1 -1 -1 -1 -1
-1 -1 -1 -1 -1 -1 -1 -1 -1 -1 -1
-1 -1 -1 -1 -1 -1 -1 -1
-1 -1 -1 -1 -1 -1 -1 -1
-1 -1 -1 -1 -1 -1 -1 -1
-1 -1 -1 -1 -1 -1 -1 -1 -1 -1
-1 -1 -1 -1 -1 -1 -1 -1 -1
-1 -1 -1 -1 -1 -1
-1 -1 -1 -1 -1 -1 -1
-1 -1 -1 -1 -1 -1 -1
-1 -1 -1 -1 -1 -1 -1 -1
-1 -1 41 41 41 41 -1 -1
-1 -1 41 41 41 41 -1 -1 -1
-1 -1 -1 -1 -1
-1 -1 -1 -1 -1 -1 -1
-1 -1 -1 -1 -1
-1 -1 41 41 41 -1 -1 -1
-1 -1 41 41 41 -1 -1 -1
-1 -1 41 41 41 -1 -1 -1
-1 -1 41 41 41 207 207 -1
-1 -1 -1 -1 -1 -1 -1
-1 -1 -1 -1 -1 -1
-1 -1 122 122 -1
-1 -1 122 122 549
-1 -1 122 122 -1 -1 -1
-1 -1 122 122 -1 -1 -1 -1
-1 -1 122 122 -1 -1 -1 -1
-1 -1 -1 -1 -1 -1
-1 -1 -1 -1 -1 -1
-1 -1 -1 -1 -1
-1 -1 -1 -1 -1
-1 -1 -1 -1 -1
-1 -1 -1 -1 -1 -1 -1
-1 -1 -1 75 -1 -1
-1 -1 -1 75 -1 -1 -1
-1 -1 -1 75 -1 -1 -1 -1
-1 -1 -1 75 75 -1 -1
-1 -1 -1 75 75 -1 -1 -1
-1 -1 -1 75 75 -1 -1 -1 -1
-1 -1 -1 75 75 -1 -1 -1
-1 -1 -1 8 8 8 8 -1
-1 -1 -1 8 8 8 8 293
-1 -1 -1 8 8 -1 -1 -1
-1 -1 -1 8 8 293
-1 -1 -1 -1 -1 -1
-1 -1 -1 -1 -1 -1 -1 -1 -1
-1 -1 -1 -1 -1 -1 -1
-1 -1 -1 -1 -1 -1 -1
-1 -1 -1 -1 -1 -1 -1 -1 -1
-1 -1 -1 -1 -1 -1 -1
-1 -1 -1 -1 -1 -1 -1
-1 -1 -1 -1 -1 -1 -1 -1 -1
-1 -1 -1 -1 -1 -1 -1 -1 -1 -1
-1 -1 -1 -1 -1 -1 -1 -1
-1 -1 -1 -1 -1 -1 -1
-1 -1 -1 -1 -1 -1
-1 -1 -1 -1 -1 -1 -1
-1 -1 -1 -1 -1 -1
-1 -1 -1 -1 -1 -1
-1 -1 -1 -1 -1 -1 -1
-1 -1 -1 -1 -1 -1
-1 -1 -1 110 110 -1
-1 -1 -1 110 110 519 519 -1
-1 -1 -1 110 110 -1 -1 -1
-1 -1 -1 110 110 519 519 -1
-1 -1 -1 110 110 -1 -1
-1 -1 -1 110 110 -1 -1
-1 -1 -1 110 110 -1 -1 -1
-1 -1 -1 110 110 281 -1
-1 -1 -1 110 110 145 -1
-1 -1 -1 -1 -1
-1 -1 -1 -1 -1 -1 -1
-1 -1 -1 -1 -1 -1
-1 -1 -1 -1 -1
-1 -1 -1 -1 -1 -1
-1 -1 -1 -1 -1
-1 -1 -1 -1 -1
-1 -1 -1 -1 -1
-1 -1 -1 -1 -1 -1 -1 -1
-1 -1 -1 -1 -1 -1
-1 -1 -1 -1 -1 -1
-1 -1 -1 -1 -1 -1 -1
-1 -1 -1 -1 -1 -1
-1 -1 -1 -1 -1 -1 -1 -1
-1 -1 -1 -1 -1 -1 -1 -1
-1 -1 -1 -1 -1 -1 -1 -1
-1 -1 -1 -1 -1 -1 -1 -1
-1 -1 -1 -1 -1 -1 -1 -1
-1 -1 -1 -1 -1 -1 -1
-1 -1 -1 -1 -1 -1 -1 -1 -1
-1 -1 -1 -1 -1 -1 -1 -1 -1 -1
-1 -1 -1 -1 -1 -1 -1 -1 -1
-1 -1 -1 -1 -1 -1 -1 -1 -1
-1 -1 -1 -1 -1 -1 -1 -1 -1
-1 -1 -1 78 -1 -1
-1 -1 -1 -1 -1 -1 -1
-1 -1 -1 -1 -1 -1 -1 -1 -1
-1 -1 -1 -1 -1 -1 -1 -1
-1 -1 -1 -1 -1 -1 -1 -1
-1 -1 -1 -1 -1 -1
-1 -1 -1 -1 -1 -1 -1 -1 -1 -1
-1 -1 -1 -1 -1 -1 -1 -1 -1
-1 -1 -1 -1 -1 -1 -1
-1 -1 -1 -1 -1 -1 -1
-1 -1 -1 -1 -1 -1 -1
-1 -1 -1 -1 -1 -1 -1 -1
-1 -1 -1 134 134 526 526
-1 -1 -1 134 134 526 526
-1 -1 -1 134 134 526 526
-1 -1 -1 134 134 -1 -1 -1
-1 -1 -1 -1 -1 -1 -1
-1 -1 -1 -1 -1 -1 -1 -1
-1 -1 -1 -1 -1 -1 -1
-1 -1 -1 -1 -1 -1 -1
-1 -1 -1 -1 -1 -1 -1
-1 -1 -1 5 5 -1
-1 -1 -1 -1 -1 -1 -1 -1
-1 -1 -1 -1 -1 -1 -1 -1
-1 -1 -1 -1 -1 -1 -1
-1 -1 -1 -1 -1 -1
-1 -1 -1 -1 -1 -1
-1 -1 -1 -1 -1 -1 -1
-1 -1 -1 -1 -1 -1
-1 -1 -1 -1 -1 -1 -1 -1
-1 -1 -1 -1 -1 -1 -1 -1
-1 -1 -1 -1 -1 -1 -1
-1 -1 -1 -1 -1 -1
-1 -1 -1 -1 -1 -1 -1
-1 -1 -1 -1 -1 -1 -1
-1 -1 -1 -1 -1 -1 -1
-1 -1 -1 -1 -1 -1 -1 -1
-1 -1 -1 -1 -1 -1 -1 -1 -1 -1
-1 -1 -1 -1 -1 -1 -1
-1 -1 -1 -1 -1 -1 -1
-1 -1 -1 -1 -1 -1 -1 -1 -1 -1 -1
-1 -1 -1
-1 -1 -1 -1 -1 -1
-1 -1 -1 -1 -1
-1 -1 -1 -1 -1
-1 -1 -1 -1 -1 -1
-1 -1 -1
-1 -1 -1 -1 -1
-1 -1 -1 -1 -1 -1 -1
-1 -1 -1 -1
-1 -1 -1 -1
-1 -1 -1
-1 -1 -1 -1 -1 -1
-1 -1 -1 -1 -1 -1 -1 -1
-1 -1 -1 -1 -1 -1 -1
-1 -1 -1 -1 -1 -1
-1 -1 -1 -1 -1 -1
-1 -1 -1 -1 -1
-1 -1 -1 -1 -1 -1 -1
-1 -1 -1 -1 -1 -1 -1
-1 -1 -1 -1 -1 -1 -1 -1
-1 -1 -1 -1 -1
-1 130 130 531 531
-1 130 130 413 -1 -1
-1 130 130 249 -1
-1 -1 -1 -1 -1 -1 -1 -1
-1 -1 -1 -1 -1 -1 -1 -1 -1
-1 -1 -1 -1 -1 -1 -1
-1 -1 -1 -1 -1 -1 -1
-1 -1 -1 -1 -1 -1
-1 -1 -1 -1 -1 -1 -1 -1
-1 -1 -1 -1 -1 -1 -1 -1 -1
-1 -1 -1 -1 -1
-1 -1 -1 -1 -1 -1 -1
-1 -1 -1 -1 -1
-1 -1 -1 -1 -1
-1 -1 -1 -1 -1
-1 -1 -1 -1 -1 -1
-1 -1 -1 -1 -1
-1 -1 -1 -1 -1
-1 -1 -1 -1 -1 -1
-1 -1 -1 -1 -1
-1 -1 -1 -1 -1
-1 -1 -1 -1 -1 -1
-1 -1 -1 -1 -1 -1
-1 -1 -1 -1 -1 -1
-1 -1 -1 -1 -1 -1
-1 -1 -1 -1 -1
-1 -1 -1 -1 -1
-1 -1 -1 -1 -1 -1
-1 -1 -1 -1 -1 -1
-1 -1 -1 -1 -1 -1
-1 -1 -1 -1 -1 -1
-1 -1 -1 -1 -1 -1
-1 -1 -1 -1 -1
-1 -1 -1 -1 -1
-1 -1 -1 -1 -1 -1 -1
-1 -1 -1 -1 -1 -1
-1 -1 -1 -1 -1 -1
-1 -1 -1 -1 -1 -1 -1
-1 -1 -1 -1 -1 -1 -1
-1 -1 -1 -1 -1
-1 -1 -1 -1 -1
-1 -1 -1 -1 -1
-1 -1 -1 -1 -1
-1 -1 -1 -1 -1 -1 -1
-1 -1 -1 -1 -1 -1
-1 -1 -1 -1 -1 -1 -1
-1 -1 -1 -1 -1 -1 -1
-1 -1 -1 -1 -1 -1 -1
-1 -1 -1 -1 -1 -1 -1 -1
-1 127 127 -1 -1 -1
-1 127 127 -1 -1 -1 -1
-1 127 127 -1 -1 -1
-1 127 127 159 159 159 -1
-1 127 127 243 243 -1
-1 127 127 238 238 -1
-1 127 127 -1 -1 -1 -1
-1 127 127 127 -1 -1 -1
-1 127 127 127 332 332 332 -1
-1 127 127 127 382 382 -1
-1 127 127 127 -1 -1 -1
-1 94 94 94 -1 -1 -1
-1 -1 -1 -1 -1 -1 -1 -1 -1
-1 -1 -1 -1 -1 -1
-1 127 127 376 376
-1 127 127 546 546 -1
-1 132 132 377 377
-1 132 132 -1 -1 -1
-1 132 132 -1 -1 -1
-1 132 132 351 351 -1 -1
-1 132 132 -1 -1 -1
-1 132 132 -1 -1 -1
-1 132 132 -1 -1 -1
-1 132 132 -1 -1
-1 132 132 -1 -1
-1 132 132 -1 -1
-1 132 132 -1 -1
-1 127 127 -1 -1 -1
-1 127 127 -1 -1
-1 127 127 -1 -1
-1 127 127 -1 -1
-1 132 132 351 351 -1 -1
-1 127 127 127 463 -1 -1 -1 -1
-1 132 132 132 -1 -1
-1 127 127 -1 -1 -1 -1
-1 127 127 -1 -1
-1 127 127 -1 -1 -1
-1 127 127 465 465
-1 -1 -1 -1 -1
-1 -1 -1 -1 -1 -1
-1 -1 -1 -1 -1
-1 134 134 -1
-1 -1 -1 -1 -1
-1 -1 -1 -1 -1 -1 -1 -1 -1 -1
-1 -1 -1 -1 -1
-1 -1 -1 -1 -1
-1 -1 -1 -1 -1
-1 -1 -1 -1 -1
-1 -1 -1 -1
-1 -1 -1 -1 -1
-1 -1 -1 -1 -1
-1 -1 -1 -1 -1
-1 -1 -1 -1 -1
-1 -1 -1 -1 -1
-1 -1 -1 -1 -1
-1 -1 -1 -1 -1
-1 -1 -1 -1 -1
-1 -1 -1 -1
-1 -1 -1 -1 -1
-1 -1 -1 -1
-1 -1 -1 -1 -1
-1 -1 -1 -1 -1
-1 -1 -1 -1 -1
-1 -1 -1 -1 -1
-1 -1 -1 -1
-1 -1 -1 -1 -1
-1 -1 -1 -1 -1
-1 -1 -1 -1 -1 -1
-1 -1 -1 -1 -1 -1
-1 -1 -1 -1 -1
-1 -1 -1 -1
-1 -1 -1 -1
-1 -1 -1
-1 -1 -1 -1 -1 -1 -1
-1 73 73 -1 -1 -1 -1
-1 73 73 276 276 276 -1
-1 73 73 -1 -1 -1
-1 73 73 -1 -1 -1 -1
-1 73 73 -1 -1 -1
-1 73 73 -1 -1 -1
-1 73 73 -1 -1 -1
-1 73 73 -1 -1 -1
-1 73 73 -1 -1 -1
-1 73 73 -1 -1 -1
-1 73 73 -1 -1 -1
-1 73 276 276 276 -1
-1 44 44 -1 -1 -1 -1
-1 44 -1 -1 -1 -1
-1 44 44 -1 -1 -1 -1
-1 -1 -1 -1
-1 -1 -1 -1 -1 -1 -1
-1 -1 -1 -1 -1
-1 -1 -1 -1 -1
-1 72 72 -1 -1
-1 72 72 -1 -1 -1
-1 72 72 -1 -1 -1
-1 72 72 -1 -1 -1
-1 72 72 -1 -1 -1 -1 -1
-1 72 72 -1 -1 -1
-1 72 72 -1 -1 -1 -1
-1 72 72 -1 -1 -1
-1 72 -1 -1
-1 72 -1 -1 -1 -1 -1
-1 72 -1 -1 -1 -1
-1 72 -1 -1 -1 -1
-1 72 -1 -1 -1 -1 -1
-1 72 -1 -1 -1 -1
-1 72 -1 -1 -1
-1 72 -1 -1 -1 -1 -1
-1 72 -1 -1 -1 -1
-1 72 189 -1 -1
-1 72 157 -1 -1
-1 72 -1 -1 -1
-1 72 -1 -1
-1 72 542 542 -1
-1 72 532 532 -1
-1 72 245 245 -1
-1 72 -1
-1 72 -1
-1 72 -1 -1
-1 72 386
-1 -1 -1 -1 -1 -1 -1 -1
-1 -1 -1 -1 -1 -1 -1
-1 -1 -1 -1 -1 -1 -1
-1 -1 -1 -1
-1 -1 -1 -1 -1 -1 -1 -1
-1 57 435 -1
-1 57 -1 -1
-1 57 -1 -1
-1 127 127 127 463 -1
-1 127 127 127 233 233 -1
-1 127 127 127 465 465
-1 127 127 127 216 216 -1
-1 127 127 127 238 238 -1
-1 127 127 127 159 159 159 -1
-1 127 127 127 518 518
-1 127 127 127 255 255 255
-1 127 127 127 565 565
-1 127 127 127 177 177 177
-1 127 127 127 553 553 -1
-1 127 127 127 199 199 -1
-1 127 127 127 200 200 -1
-1 127 127 127 297 297
-1 127 127 127 192 192 192 -1
-1 127 127 127 343 343 343 -1
-1 127 127 127 278 278
-1 127 127 127 537 537
-1 127 127 127 290 290
-1 127 127 127 243 243 -1
-1 127 127 127 314 -1 -1
-1 127 127 127 193 -1 -1
-1 127 127 127 201 -1 -1 -1
-1 127 127 127 494 -1 -1 -1 -1
-1 127 127 127 488 -1 -1 -1 -1
-1 127 127 127 288 -1 -1 -1 -1
-1 127 127 127 162 162 162 -1 -1 -1 -1
-1 127 127 127 404 -1 -1 -1 -1
-1 127 127 127 164 -1 -1
-1 127 127 127 558 -1 -1
-1 127 127 127 229 -1 -1
-1 127 127 127 313 313 -1 -1
-1 127 127 127 373 -1 -1 -1
-1 127 127 127 365 -1
-1 127 127 127 168
-1 127 127 127 525 -1
-1 127 127 127 161 161
-1 -1 -1 -1 -1
-1 -1 -1 -1 -1
-1 -1 -1 -1 -1
-1 127 127 576 576
-1 127 127 546 546 -1
-1 127 127 -1 -1 -1
-1 127 127 -1 -1 -1
-1 127 127 -1 -1 -1
-1 127 127 382 382 -1
-1 127 127 -1 -1
-1 127 127 -1 -1 -1 -1
-1 127 127 216 216 -1
-1 127 127 540 540
-1 127 127 224 224
-1 127 127 -1 -1 -1
-1 127 127 258 -1
-1 127 127 -1 -1 -1
-1 127 127 -1 -1 -1
-1 127 127 353 353 -1
-1 127 127 -1 -1
-1 -1 -1 -1 -1 -1 -1 -1
-1 -1 -1 -1 -1 -1 -1 -1 -1 -1
-1 -1 -1 -1 -1 -1 -1 -1 -1 -1 -1
-1 -1 -1 -1 -1 -1 -1 -1 -1 -1 -1
-1 132 132 415 -1 -1 -1
-1 132 132 377 377
-1 132 132 -1 -1 -1 -1
-1 132 132 -1 -1 -1
-1 -1 -1 -1
-1 -1 -1 -1 -1 -1 -1
-1 -1 -1
-1 -1 -1 -1
-1 -1 -1 -1
-1 -1 -1 -1 -1
-1 -1 -1 -1 -1 -1
-1 -1 -1 -1 -1
-1 -1 -1 -1 -1 -1 -1
-1 -1 -1 -1 -1
-1 -1 -1 -1 -1 -1 -1
-1 133 -1 -1 -1 -1 -1
-1 133 -1 -1 -1 -1
-1 133 -1 -1 -1 -1
-1 133 -1 -1 -1 -1
-1 -1 -1 -1 -1 -1 -1
-1 -1 -1 -1 -1 -1 -1
-1 -1 -1 -1 -1 -1
-1 -1 -1 -1 -1
-1 133 416 -1 -1
-1 133 -1 -1
-1 133 -1 -1 -1 -1 -1
-1 133 -1 -1 -1 -1 -1
-1 133 -1 -1 -1 -1
-1 133 -1 -1 -1 -1
-1 -1 -1 -1 -1
-1 -1 -1 -1
-1 133 133 -1 -1 -1 -1 -1
-1 133 133 -1 -1 -1 -1
-1 -1 -1 -1 -1 -1 -1 -1 -1
-1 -1 -1 -1 -1 -1 -1 -1 -1
-1 -1 -1 -1 -1 -1
-1 -1 -1 -1 -1 -1
-1 -1 -1 -1 -1 -1 -1
-1 -1 -1 -1 -1 -1 -1
-1 -1 -1 -1 -1 -1 -1
-1 -1 -1 -1 -1 -1
-1 91 91 91 447 -1 -1 -1 -1
-1 80 80 441
-1 80 80 -1
-1 80 80 -1
-1 80 80 -1 -1 -1
-1 80 80 -1 -1 -1
-1 80 80 441 -1
-1 80 80 -1 -1 -1
-1 94 94 -1 -1 -1 -1
-1 94 94 -1 -1 -1 -1
-1 94 94 -1 -1 -1 -1
-1 94 94 -1 -1
-1 94 94 -1 -1 -1 -1 -1 -1
-1 94 94 -1 -1 -1 -1 -1
-1 94 94 -1 -1 -1
-1 94 94 312 312 -1
-1 94 94 -1 -1 -1
-1 94 94 -1 -1 -1
-1 94 94 -1 -1 -1
-1 94 94 -1 -1 -1 -1
-1 94 94 -1 -1 -1
-1 94 94 -1 -1 -1
-1 94 94 -1 -1 -1 -1 -1
-1 94 94 -1 -1 -1
-1 94 94 240 240 -1
-1 94 94 94 240 240 -1
-1 -1 -1 -1 -1 -1 -1
-1 123 460 -1
-1 123 -1 -1 -1 -1
-1 123 -1 -1 -1 -1 -1 -1
-1 123 -1 -1 -1 -1 -1 -1
-1 123 -1 -1 -1 -1 -1
-1 123 -1 -1 -1 -1 -1
-1 123 407 407 -1
-1 123 369 369 -1
-1 123 123 407 407 -1
-1 123 123 369 369 -1
-1 123 123 460 -1 -1
-1 123 -1 -1 -1 -1 -1
-1 123 -1 -1 -1 -1 -1
-1 57 435
-1 57 -1 -1 -1 -1 -1
-1 57 -1 -1 -1 -1 -1
-1 57 -1 -1 -1 -1 -1
-1 57 -1 -1 -1 -1 -1
-1 57 -1 -1 -1
-1 57 -1 -1 -1
-1 -1 -1 -1 -1
-1 -1 -1 -1
-1 80 -1 -1 -1
-1 57 57 435
-1 57 57 -1 -1 -1
-1 57 57 57 435 -1
-1 57 57 57 -1 -1 -1
-1 94 94 -1 -1 -1 -1
-1 94 94 -1 -1 -1 -1
-1 94 94 94 221 221 -1 -1
-1 94 94 94 503 503 -1
-1 94 94 94 545 545 -1
-1 94 94 94 384 384 -1
-1 94 94 94 215 215 -1
-1 94 94 94 300 300 -1
-1 94 94 94 464 464 -1
-1 94 94 94 364 364 -1
-1 94 94 94 331 331 331 -1
-1 94 94 94 400 400 400
-1 94 94 94 380 380 380
-1 94 94 94 489 489 -1 -1
-1 94 94 94 322 322 -1 -1
-1 94 94 94 312 312 -1
-1 94 94 94 320 320 320
-1 94 240 240 -1
-1 94 187
-1 94 545 545 -1
-1 94 215 215 -1
-1 -1 -1 -1 -1 -1 -1
-1 -1 -1 -1 -1 -1
-1 -1 -1 -1 -1 -1 -1
-1 -1 -1 -1 -1 -1 -1
-1 -1 -1 -1 -1 -1 -1 -1
-1 123 369 369 -1
-1 123 123 407 407 -1
-1 123 123 369 369 -1
-1 -1 -1 -1
-1 -1 -1 -1
-1 54 54 -1 -1 -1
-1 54 54 -1 -1 -1 -1 -1
-1 54 54 -1 -1 -1 -1
-1 54 54 -1 -1 -1 -1 -1
-1 54 54 -1 -1 -1 -1 -1
-1 54 54 -1 -1 -1 -1 -1
-1 54 54 -1 -1 -1 -1 -1
-1 54 54 -1 -1 -1 -1 -1
-1 54 54 -1 -1 -1 -1 -1
-1 54 54 -1 -1 -1
-1 54 54 -1 -1
-1 54 54 -1 -1 -1
-1 54 54 -1 -1 -1
-1 54 54 -1 -1 -1
-1 54 54 -1 -1 -1
-1 -1 -1 -1 -1 -1
-1 -1 -1 -1 -1 -1
-1 -1 -1 -1 -1 -1
-1 -1 -1 -1 -1 -1 -1
-1 -1 -1 -1 -1 -1
-1 -1 -1 -1 -1 -1
-1 77 77 77 -1 -1 -1 -1
-1 -1 -1 -1
-1 -1 -1 -1
-1 -1 -1 -1 -1
-1 -1 -1 -1 -1 -1
-1 -1 -1 -1 -1 -1
-1 -1 -1 -1 -1 -1
-1 -1 -1 -1 -1 -1 -1 -1
-1 -1 -1 -1 -1 -1 -1
-1 -1 -1 -1 -1 -1
-1 -1 -1 -1 -1 -1 -1
-1 -1 -1 -1 -1 -1
-1 -1 -1 -1
-1 -1 -1 -1
-1 -1 -1
-1 -1 -1 -1 -1 -1
-1 116 116 116 -1 -1 -1
-1 116 116 116 -1 -1 -1
-1 116 116 116 -1
-1 -1 -1 -1 -1 -1 -1
-1 -1 -1 -1 -1
-1 -1 -1 -1 -1
-1 -1 -1 -1 -1 -1 -1 -1
-1 -1 -1 -1 -1 -1
-1 -1 -1 -1 -1 -1 -1 -1 -1
-1 -1 -1 -1 -1 -1
-1 -1 -1 -1 -1 -1
-1 -1 -1 -1 -1 -1 -1
-1 -1 -1 -1 -1
-1 -1 -1 -1 -1
-1 -1 -1 -1 -1 -1
-1 -1 -1 -1 -1
-1 -1 -1 -1 -1 -1 -1
-1 -1 -1 -1 -1 -1 -1
-1 -1 -1 -1 -1 -1
-1 -1 -1 -1 -1 -1
