-1 -1 -1 -1
-1 -1 -1 -1 -1
-1 -1 -1 -1 -1 -1 -1
-1 40 40 40 83 83 -1 -1 -1
-1 40 40 40 58 -1 -1
-1 40 40 40 106 -1
-1 40 40 40 68 68 68 -1
-1 40 40 40 58 -1 -1
-1 40 40 40 48 48 -1
-1 40 40 40 132 -1
-1 40 40 40 105 105 -1
-1 40 40 40 68 68 68 -1
-1 -1 -1 -1 -1 -1 -1
-1 -1 -1 -1 -1
-1 -1 -1 -1 -1 -1
-1 -1 -1 -1 -1 -1 -1
-1 -1 -1 -1 -1 -1 -1 -1
-1 35 35 35 -1 -1 -1 -1 -1
-1 35 35 35 -1 -1 -1
-1 35 35 35 -1 -1 -1
-1 35 35 35 -1 -1 -1 -1 -1
-1 35 35 35 -1 -1 -1 -1 -1
-1 -1 -1 -1 -1 -1
-1 -1 -1 -1 -1 -1 -1 -1
-1 -1 -1 -1 -1
-1 -1 -1 -1 -1
-1 -1 -1 -1 -1 -1
-1 -1 -1 -1 -1 -1
-1 -1 -1 -1 -1 -1
-1 -1 -1 -1 -1
-1 -1 -1 -1
-1 -1 -1 -1 -1 -1
-1 -1 -1 -1
-1 -1 -1 -1 -1
-1 -1 -1 -1 -1 -1 -1
-1 -1 -1 -1 -1 -1
-1 -1 -1 -1 -1
-1 40 40 92 -1 -1 -1
-1 -1 -1 -1 -1 -1 -1
-1 33 33 143 143 -1 -1
-1 -1 -1 -1
-1 -1 -1 -1 -1 -1
-1 -1 -1 -1 -1 -1
-1 -1 -1 -1 -1 -1 -1
-1 -1 -1 -1 -1 -1 -1
-1 -1 -1 -1 -1 -1
-1 -1 -1 -1
-1 -1 -1 -1
-1 20 20 -1 -1 -1 -1
-1 20 20 -1 -1
-1 20 20 -1 -1 -1 -1
-1 20 20 -1 -1 -1
-1 20 20 62 -1 -1 -1
-1 20 20 -1 -1 -1 -1 -1 -1 -1
-1 20 20 118 118 -1 -1 -1 -1
-1 20 20 -1 -1 -1 -1 -1 -1
-1 20 20 20 118 118 -1 -1 -1 -1
-1 20 20 20 62 -1 -1 -1
-1 20 20 -1 -1 -1
-1 20 20 -1 -1 -1 -1
-1 20 20 -1 -1 -1 -1
-1 20 20 -1 -1 -1
-1 20 20 -1 -1 -1 -1
-1 20 20 -1 -1 -1 -1
-1 42 42 -1 -1 -1
-1 42 42 -1 -1 -1
-1 31 31 31 -1 -1
-1 -1 -1 -1 -1 -1
-1 -1 -1 -1 -1 -1 -1
-1 -1 -1 -1 -1 -1 -1 -1
-1 -1 -1 -1 -1 -1 -1 -1
-1 -1 -1 -1 -1 -1
-1 -1 -1 -1 -1 -1 -1 -1
-1 -1 -1 -1 -1 -1 -1 -1
-1 -1 -1 -1 -1 -1 -1
-1 -1 -1 -1 -1 -1
-1 -1 -1 -1 -1 -1 -1 -1
-1 -1 -1 -1 -1
-1 -1 -1 -1 -1 -1 -1
-1 -1 -1 -1
-1 40 40 40 116 116 -1 -1 -1 -1
-1 40 40 40 58 -1 -1 -1
-1 40 40 40 132 -1
-1 40 40 40 116 116 -1 -1 -1
-1 40 40 40 92 -1 -1 -1
-1 40 40 40 92 -1 -1
-1 -1 -1 -1 -1 -1 -1
-1 -1 -1 -1 -1 -1 -1
-1 -1 -1 -1 -1
-1 -1 -1 -1
-1 40 40 40 40 58 -1 -1
-1 40 40 40 40 116 116 -1 -1 -1
-1 40 40 40 40 132 -1
-1 40 40 40 40 48 48 -1
-1 40 40 40 40 129
-1 40 40 40 40 85
-1 -1 -1 -1 -1 -1 -1 -1
-1 -1 -1 -1 -1 -1 -1 -1 -1
-1 40 40 40 40 58 -1 -1
-1 40 40 40 40 116 116 -1 -1 -1
-1 40 40 40 40 132 -1
-1 40 40 40 40 48 48 -1
-1 40 40 40 40 85
-1 40 40 40 58 -1 -1
-1 40 40 40 132 -1
-1 -1 -1 -1
-1 -1 -1 -1
-1 -1 -1 -1
-1 -1 -1 -1 -1
-1 -1 -1 -1
-1 -1 -1 -1 -1 -1 -1 -1
-1 -1 -1 -1
-1 6 6 6 -1 -1 -1
-1 6 6 6 -1 -1
-1 6 6 6 -1 -1 -1
-1 6 6 6 -1 -1 -1 -1
-1 6 6 6 -1 -1 -1
-1 6 6 6 -1 -1
-1 6 6 6 -1 -1 -1
-1 6 6 6 -1 -1 -1 -1
-1 6 6 6 55 -1 -1
-1 6 6 6 55 -1 -1
-1 -1 -1 -1 -1 -1 -1
-1 -1 -1 -1 -1
-1 40 109 109 -1
-1 40 149 149
-1 40 58 -1 -1
-1 40 78 78 -1 -1
-1 40 132 -1
-1 40 142 142 -1 -1
-1 40 105 105 -1
-1 40 48 48 -1
-1 40 68 68 68 -1
-1 40 106
-1 40 76 76
-1 40 92 -1 -1 -1
-1 -1 -1 -1
-1 -1 -1
-1 40 40 109 109 -1
-1 40 40 149 149
-1 40 40 87
-1 40 40 140 140 140
-1 40 40 58 -1 -1
-1 40 40 78 78 -1 -1
-1 40 40 106 -1
-1 -1 -1
-1 40 40 58 -1 -1 -1
-1 40 40 132 -1
-1 40 40 105 105 -1
-1 40 40 68 68 68 -1
-1 -1 -1 -1 -1 -1 -1
-1 -1 -1 -1 -1
-1 -1 -1 -1 -1
-1 -1 -1 -1 -1 -1 -1
-1 -1 -1 -1 -1 -1 -1
-1 -1 -1 -1 -1 -1 -1 -1 -1
-1 -1 -1 -1 -1 -1 -1
-1 -1 -1 -1 -1
-1 -1 -1 -1 -1
-1 -1 -1 -1
-1 -1 -1 -1 -1
-1 40 40 40 58 -1 -1 -1
-1 40 40 40 105 105 -1
-1 40 40 40 132 -1
-1 -1 -1 -1 -1 -1 -1
-1 -1 -1 -1 -1 -1
-1 -1 -1 -1 -1 -1
-1 -1 -1 -1 -1 -1 -1
-1 -1 -1 -1 -1
-1 -1 -1 -1 -1 -1 -1
-1 -1 -1 -1 -1 -1 -1 -1
-1 40 40 58 -1 -1 -1
-1 40 40 58 -1 -1 -1
-1 8 8 8 60 -1 -1 -1
-1 8 8 8 49 49 -1
-1 8 8 8 133 -1
-1 -1 -1 -1 -1 -1 -1 -1
-1 8 8 8 60 -1 -1 -1
-1 8 8 8 -1 -1 -1
-1 8 8 8 133 -1
-1 8 8 8 -1 -1 -1
-1 8 8 8 -1 -1 -1
-1 9 9 -1 -1 -1
-1 9 9 -1 -1
-1 9 9 -1 -1
-1 9 9 -1 -1 -1
-1 -1 -1 -1 -1 -1 -1 -1 -1
-1 -1 -1 -1 -1 -1 -1
-1 -1 -1 -1 -1
-1 -1 -1 -1 -1 -1
-1 -1 -1 -1
-1 -1 -1 -1 -1 -1 -1
-1 -1 -1 -1 -1 -1 -1 -1
-1 40 40 40 58 -1 -1
-1 -1 -1 -1 -1 -1 -1
-1 -1 -1 -1 -1 -1 -1
-1 -1 -1 -1 -1 -1 -1
-1 40 40 40 58 -1 -1
-1 40 40 40 -1 -1 -1
-1 40 40 40 -1 -1 -1
-1 40 40 40 48 48 -1 -1
-1 40 40 40 132 -1
-1 -1 -1 -1 -1
-1 -1 -1 -1 -1
-1 40 40 -1 -1 -1
-1 40 40 -1 -1
-1 40 40 58 -1 -1
-1 40 40 92 -1 -1
-1 40 40 -1 -1 -1 -1 -1 -1
-1 40 40 -1 -1
-1 -1 -1 -1 -1
-1 40 40 58 -1 -1
-1 -1 -1 -1 -1 -1 -1
-1 -1 -1 -1 -1 -1
-1 40 40 58 -1 -1
-1 -1 -1 -1
-1 40 58 -1 -1
-1 -1 -1 -1 -1
-1 -1 -1 -1 -1 -1 -1 -1
-1 -1 -1 -1 -1 -1 -1
-1 -1 -1 -1 -1 -1
-1 -1 -1 -1 -1 -1 -1
-1 -1 -1 -1 -1 -1 -1 -1 -1
-1 22 -1 -1
-1 22 50 50 -1
-1 22 -1 -1 -1
-1 22 -1 -1 -1 -1
-1 22 -1 -1 -1 -1
-1 22 47 -1 -1 -1 -1
-1 22 119 119 -1 -1 -1
-1 22 -1 -1
-1 22 -1 -1
-1 22 -1 -1
-1 22 -1 -1
-1 22 -1 -1 -1
-1 22 -1 -1 -1 -1
-1 22 120 -1 -1
-1 22 120 -1 -1
-1 22 50 50 -1
-1 22 47 -1 -1 -1 -1
-1 -1 -1 -1 -1 -1
-1 -1 -1 -1 -1 -1
-1 2 2 -1 -1 -1 -1
-1 2 2 -1 -1 -1
-1 2 2 -1 -1 -1 -1
-1 2 2 -1 -1 -1
-1 2 2 -1 -1 -1
-1 2 2 -1 -1 -1
-1 2 2 -1 -1 -1
-1 2 2 -1 -1 -1
-1 2 2 -1 -1 -1
-1 2 2 -1 -1
-1 2 2 -1 -1 -1 -1 -1
-1 2 2 -1 -1 -1
-1 2 2 -1 -1 -1 -1
-1 2 2 -1 -1 -1 -1 -1
-1 2 2 -1 -1 -1 -1 -1 -1
-1 2 2 -1 -1 -1 -1 -1 -1 -1
-1 2 2 -1 -1 -1 -1 -1 -1
-1 -1 -1 -1 -1
-1 -1 -1 -1 -1 -1
-1 -1 -1 -1 -1 -1
-1 -1 -1 -1 -1 -1
-1 -1 -1 -1 -1 -1
-1 -1 -1 -1 -1 -1 -1
-1 -1 -1 -1 -1 -1 -1 -1 -1
-1 -1 -1 -1 -1 -1 -1 -1 -1
-1 -1 -1 -1 -1 -1 -1 -1 -1
-1 -1 -1 -1 -1 -1 -1 -1 -1
-1 -1 -1 -1 -1 -1 -1 -1
-1 -1 -1 -1 -1 -1
-1 -1 -1 -1 -1 -1 -1 -1
-1 -1 -1 -1 -1 -1 -1 -1 -1
-1 2 2 -1 -1 -1
-1 2 2 -1 -1 -1
-1 2 2 147 147
-1 2 2 70 -1
-1 2 2 131 -1
-1 -1 -1 -1 -1 -1 -1 -1 -1
-1 -1 -1 -1 -1 -1 -1
-1 22 -1 -1
-1 22 -1 -1 -1
-1 22 50 50 -1
-1 22 -1 -1 -1
-1 22 -1 -1
-1 22 -1 -1 -1
-1 22 -1 -1 -1
-1 22 -1 -1 -1 -1
-1 22 120 -1 -1 -1
-1 22 -1 -1 -1
-1 22 119 119 -1 -1 -1 -1
-1 22 -1 -1
-1 22 -1 -1
-1 22 -1 -1
-1 -1 -1 -1 -1 -1 -1 -1 -1
-1 -1 -1 -1 -1 -1 -1 -1 -1
-1 -1 -1 -1 -1 -1 -1 -1 -1
-1 -1 -1 -1 -1 -1 -1 -1 -1 -1
-1 -1 -1 -1 -1 -1
-1 -1 -1 -1 -1 -1 -1 -1 -1 -1 -1
-1 -1 -1 -1 -1 -1 -1 -1
-1 -1 -1 -1
-1 -1 -1 -1 -1 -1 -1 -1
-1 -1 -1 -1 -1 -1 -1 -1
-1 -1 -1 -1 -1
-1 -1 -1 -1 -1 -1 -1
-1 2 2 2 -1 -1 -1
-1 2 2 2 -1 -1 -1
-1 2 2 2 -1 -1 -1 -1
-1 2 2 2 -1 -1 -1 -1
-1 2 2 2 -1 -1 -1 -1
-1 2 2 2 -1 -1 -1
-1 2 2 2 -1 -1 -1
-1 2 2 2 -1 -1 -1 -1
-1 2 2 2 -1 -1 -1 -1 -1
-1 2 2 2 -1 -1 -1 -1 -1 -1
-1 2 2 2 -1 -1 -1 -1 -1 -1
-1 2 2 2 -1 -1 -1 -1 -1 -1
-1 2 2 2 -1 -1 -1 -1 -1 -1
-1 2 2 2 -1 -1 -1 -1 -1
-1 7 7 -1 -1
-1 7 7 -1 -1
-1 7 7 57 -1 -1
-1 7 7 -1 -1 -1
-1 7 7 -1 -1 -1 -1
-1 -1 -1 -1 -1 -1
-1 -1 -1 -1 -1
-1 -1 -1 -1 -1
-1 -1 -1 -1 -1
-1 -1 -1 -1 -1 -1
-1 -1 -1 -1 -1 -1
-1 -1 -1 -1 -1 -1
-1 -1 -1 -1
-1 -1 -1 -1 -1 -1 -1
-1 -1 -1 -1 -1 -1
-1 -1 -1 -1 -1 -1
-1 -1 -1 -1 -1 -1 -1
-1 -1 -1 -1 -1 -1
-1 -1 -1 -1 -1 -1 -1
-1 -1 -1 -1 -1 -1 -1
-1 -1 -1 -1 -1 -1
-1 -1 -1 -1 -1 -1 -1
-1 -1 -1 -1 -1
-1 -1 -1 -1 -1 -1
-1 7 7 57 -1 -1
-1 7 7 115 115 -1 -1 -1
-1 -1 -1
-1 -1 -1 -1 -1
-1 -1 -1 -1 -1 -1 -1
-1 -1 -1 -1 -1 -1 -1
-1 -1 -1 -1 -1 -1
-1 -1 -1 -1 -1 -1
-1 -1 -1 -1 -1 -1 -1
-1 -1 -1 -1 -1 -1 -1 -1
-1 -1 -1 -1 -1 -1 -1 -1
-1 -1 -1 -1 -1 -1 -1 -1
-1 -1 -1 -1 -1 -1 -1 -1
-1 -1 -1 -1 -1 -1 -1 -1
-1 -1 -1 -1 -1 -1 -1 -1
-1 -1 -1 -1 -1 -1 -1 -1
-1 -1 -1 -1 -1
-1 -1 -1 -1
-1 -1 -1 -1 -1
-1 18 18 61 -1 -1
-1 18 18 -1 -1 -1
-1 18 18 18 18 61 -1 -1
-1 -1 -1 -1 -1 -1 -1 -1
-1 -1 -1 -1 -1 -1
-1 -1 -1 -1 -1 -1 -1 -1
-1 -1 -1 -1 -1 -1 -1 -1 -1 -1
-1 -1 -1 -1 -1 -1 -1 -1 -1 -1
-1 -1 -1 -1 -1 -1 -1 -1 -1 -1
-1 -1 -1 -1 -1 -1 -1 -1
-1 -1 -1 -1 -1 -1 -1
-1 -1 -1 -1 -1 -1 -1
-1 -1 -1 -1 -1 -1
-1 -1 -1 -1 -1 -1 -1 -1 -1
-1 -1 -1 -1 -1 -1 -1
-1 -1 -1 -1 -1 -1 -1 -1 -1 -1
-1 -1 -1 -1 -1 -1 -1 -1
-1 -1 -1 -1 -1 -1 -1
-1 -1 -1 -1 -1 -1 -1
-1 -1 -1 -1 -1 -1 -1
-1 -1 -1 -1 -1 -1 -1 -1
-1 43 43 43 -1 -1 -1
-1 43 43 59 -1 -1
-1 43 43 59 -1 -1
-1 43 43 43 43 59 -1 -1
-1 43 43 43 43 117 117 -1 -1 -1
-1 -1 -1 -1 -1 -1 -1
-1 -1 -1 -1 -1 -1
-1 7 57 -1 -1
-1 7 81 81 -1 -1
-1 7 121 -1
-1 7 -1 -1 -1 -1
-1 7 -1 -1 -1 -1 -1
-1 7 51 51 -1
-1 7 94 -1 -1
-1 -1 -1 -1 -1 -1
-1 -1 -1 -1 -1
-1 -1 -1 -1 -1 -1
-1 -1 -1 -1 -1 -1 -1
-1 -1 -1 -1 -1 -1 -1
-1 -1 -1 -1 -1 -1
-1 -1 -1 -1 -1 -1
-1 -1 -1 -1 -1 -1 -1
-1 -1 -1 -1 -1 -1
-1 -1 -1
-1 -1 -1 -1 -1 -1 -1
-1 -1 -1 -1 -1 -1
-1 -1 -1 -1 -1 -1
-1 -1 -1 -1 -1
-1 -1 -1 -1 -1 -1
-1 -1 -1
-1 -1 -1 -1
-1 -1 -1 -1 -1
-1 -1 -1 -1
-1 -1 -1 -1
-1 -1 -1 -1
-1 -1 -1
-1 -1 -1
-1 -1 -1
-1 -1 -1
-1 -1 -1 -1
-1 -1 -1 -1
-1 -1 -1 -1 -1 -1
-1 -1 -1 -1 -1 -1
-1 -1 -1 -1 -1 -1 -1 -1
-1 -1 -1 -1
-1 -1 -1 -1 -1 -1
-1 -1 -1 -1 -1 -1 -1 -1
-1 -1 -1 -1 -1 -1 -1 -1
-1 -1 -1 -1 -1 -1 -1 -1
-1 -1 -1 -1 -1
-1 -1 -1 -1 -1 -1
-1 -1 -1 -1
-1 -1 -1 -1 -1 -1
-1 -1 -1 -1 -1
-1 -1 -1 -1 -1 -1 -1 -1
-1 -1 -1 -1 -1 -1
-1 -1 23 -1 -1
-1 -1 23 -1 -1
-1 -1 23 -1 -1
-1 -1 23 -1 -1 -1 -1
-1 -1 23 -1 -1 -1
-1 -1 23 -1 -1
-1 -1 -1 -1 -1
-1 -1 -1 -1 -1
-1 -1 -1 -1 -1
-1 -1 -1 -1 -1 -1 -1
-1 -1 1 1 -1 -1 -1 -1
-1 -1 1 1 -1 -1
-1 -1 1 1 -1 -1 -1 -1
-1 -1 1 1 -1 -1
-1 -1 5 5 5 -1 -1
-1 -1 -1 -1 -1
-1 -1 -1 -1 -1
-1 -1 -1 -1 -1
-1 -1 -1 -1 -1 -1 -1
-1 -1 -1 -1 -1 -1 -1 -1
-1 -1 -1 -1 -1 -1
-1 -1 -1 -1 -1
-1 -1 -1 -1 -1 -1
-1 -1 -1 -1 -1 -1
-1 -1 -1 -1 -1 -1 -1
-1 -1 -1 -1 -1 -1
-1 -1 -1 -1 -1 -1
-1 -1 -1 -1 -1 -1
-1 -1 -1 -1 -1 -1
-1 -1 -1 -1 -1 -1
-1 -1 -1 -1 -1 -1
-1 -1 -1 -1 -1 -1
-1 -1 -1 -1 -1 -1 -1
-1 -1 -1 -1 -1 -1 -1
-1 -1 -1 -1 -1 -1 -1
-1 -1 -1 -1 -1 -1 -1 -1
-1 -1 -1 -1 -1 -1
-1 -1 -1 -1 -1 -1 -1
-1 -1 -1 -1 -1 -1
-1 -1 -1 -1 -1 -1
-1 -1 -1 -1 -1 -1 -1 -1 -1
-1 -1 -1 -1 -1 -1 -1 -1
-1 -1 -1 -1 -1 -1
-1 -1 -1 -1 -1 -1 -1 -1 -1
-1 -1 -1 -1 -1 -1 -1 -1
-1 -1 23 23 -1
-1 -1 23 23 -1
-1 -1 23 23 -1 -1 -1 -1
-1 -1 23 23 -1 -1 -1
-1 -1 23 23 -1
-1 -1 23 23 -1 -1 -1
-1 -1 23 23 -1 -1 -1 -1
-1 -1 23 23 -1 -1
-1 -1 23 23 -1 -1 -1 -1 -1 -1
-1 -1 23 23 -1 -1 -1 -1 -1
-1 -1 23 23 -1 -1
-1 -1 23 23 -1
-1 -1 23 23 -1 -1 -1 -1
-1 -1 23 23 -1 -1 -1 -1 -1 -1
-1 -1 23 -1 -1 -1 -1 -1
-1 -1 23 -1 -1
-1 -1 23 -1 -1
-1 -1 23 -1 -1
-1 -1 23 -1
-1 -1 -1 -1 -1
-1 -1 23 -1 -1 -1
-1 -1 -1 -1 -1 -1 -1
-1 -1 15 15 128 -1
-1 -1 -1 -1 -1 -1
-1 -1 -1 -1 -1 -1
-1 -1 -1 -1 -1 -1
-1 -1 -1 -1 -1 -1 -1 -1 -1
-1 -1 -1 -1 -1 -1 -1
-1 -1 -1 -1 -1
-1 -1 15 15 -1 -1 -1
-1 -1 -1 -1 -1
-1 -1 26 26 26 95 95 95 -1
-1 -1 26 26 26 -1 -1 -1 -1
-1 -1 26 26 26 123 -1 -1
-1 -1 26 26 26 45
-1 -1 26 26 26 -1 -1 -1
-1 -1 26 26 26 -1 -1 -1 -1
-1 -1 26 26 26 -1 -1
-1 -1 26 26 26 -1 -1 -1
-1 -1 26 26 95 95 95 -1
-1 -1 26 26 -1 -1 -1 -1
-1 -1 26 26 26 95 95 95 -1
-1 -1 26 26 26 45
-1 -1 26 26 26 -1 -1 -1 -1
-1 -1 26 26 26 -1 -1 -1
-1 -1 26 26 26 -1 -1 -1
-1 -1 26 26 26 -1 -1 -1 -1
-1 -1 26 26 123 -1 -1
-1 -1 26 26 95 95 95 -1
-1 -1 26 26 123 -1 -1
-1 -1 26 26 45
-1 -1 -1 -1 -1
-1 -1 -1 -1 -1 -1
-1 -1 -1 -1
-1 -1 -1 -1 -1 -1
-1 -1 -1 -1 -1 -1 -1 -1 -1 -1
-1 -1 -1 -1 -1 -1 -1 -1 -1
-1 -1 -1 -1 -1 -1 -1 -1
-1 -1 -1 -1 -1 -1 -1 -1
-1 -1 -1 -1 -1 -1 -1
-1 -1 15 15 -1 -1 -1 -1
-1 -1 15 15 128 -1
-1 -1 5 5 -1 -1
-1 -1 -1 -1 -1 -1 -1
-1 -1 -1 -1 -1 -1
-1 -1 -1 -1 -1
-1 -1 -1 -1 -1 -1
-1 -1 -1 -1 -1 -1 -1 -1
-1 -1 -1 -1 -1 -1 -1
-1 -1 -1 -1 -1 -1 -1 -1
-1 -1 -1 -1 -1 -1 -1
-1 -1 -1 -1 -1 -1 -1 -1
-1 -1 -1 -1 -1 -1
-1 -1 -1 -1
-1 -1 -1 -1 -1
-1 -1 -1 -1 -1 -1
-1 -1 -1 -1 -1 -1
-1 -1 -1 -1 -1
-1 -1 -1 -1 -1 -1
-1 -1 -1 -1 -1 -1 -1
-1 -1 -1 -1 -1 -1 -1 -1
-1 -1 -1 -1 -1 -1
-1 -1 -1 -1 -1 -1 -1
-1 -1 -1 -1 -1 -1 -1
-1 -1 -1 -1 -1 -1
-1 -1 -1 -1 -1 -1
-1 -1 -1 -1 -1 -1 -1
-1 -1 -1 -1 -1 -1
-1 -1 -1 -1 -1 -1 -1 -1
-1 -1 -1 -1 -1 -1 -1
-1 -1 -1 -1 -1 -1 -1 -1
-1 -1 -1 -1 -1 -1 -1 -1
-1 -1 -1 -1 -1 -1 -1
-1 -1 -1 -1 -1 -1
-1 -1 -1 -1 -1
-1 -1 -1 -1 -1 -1
-1 -1 -1 -1 -1
-1 -1 -1 -1 -1
-1 -1 -1 -1 -1 -1 -1
-1 -1 -1 -1 -1 -1 -1
-1 -1 -1 -1 -1 -1 -1 -1 -1 -1
-1 -1 -1 -1 -1 -1 -1 -1 -1 -1
-1 41 41 41 -1 -1 -1 -1 -1 -1 -1
-1 41 41 41 101 101 -1 -1
-1 41 41 41 137 137 137 -1 -1 -1 -1
-1 4 4 4 -1 -1 -1 -1
-1 4 4 4 -1 -1 -1 -1
-1 4 4 65 -1 -1 -1
-1 4 4 102 102 -1 -1
-1 4 4 138 138 138 -1 -1 -1 -1
-1 4 4 102 102 -1 -1 -1
-1 4 4 138 138 138 -1 -1 -1 -1
-1 -1 -1 -1 -1 -1
-1 40 40 40 -1 -1 -1 -1 -1 -1
-1 40 40 40 -1 -1
-1 40 40 40 -1 -1
-1 40 40 40 -1 -1
-1 40 40 40 -1 -1
-1 40 40 40 -1 -1
-1 40 40 40 58 -1 -1 -1 -1
-1 40 40 40 -1 -1 -1 -1 -1 -1
-1 40 40 40 -1 -1 -1 -1
-1 40 40 40 -1 -1 -1 -1
-1 40 40 40 -1 -1
-1 40 40 40 104 -1
-1 40 40 40 48 48 -1
-1 40 40 40 73 73 73 -1
-1 40 40 40 132 -1
-1 40 40 40 44 44 -1
-1 40 40 40 105 105 -1
-1 40 40 40 68 68 68 -1
-1 40 40 40 75 75 75 -1
-1 40 40 40 132 -1
-1 40 40 40 44 44 -1
-1 40 40 40 104 -1
-1 40 40 40 58 -1 -1 -1
-1 40 40 40 71 -1 -1 -1 -1
-1 40 40 40 -1 -1 -1 -1 -1
-1 40 40 40 -1 -1
-1 40 40 40 -1 -1 -1 -1
-1 -1 -1 -1 -1 -1
-1 40 40 40 58 -1 -1 -1
-1 40 40 40 103 103
-1 40 40 40 71 -1 -1 -1 -1
-1 40 40 40 99 99 -1 -1 -1 -1
-1 40 40 40 136 136 -1 -1 -1 -1
-1 40 40 40 132 -1
-1 40 40 40 44 44 -1
-1 40 40 40 48 48 -1
-1 40 40 40 73 73 73 -1
-1 40 40 40 105 105 -1
-1 40 40 40 75 75 75 -1
-1 40 40 40 68 68 68 -1
-1 40 40 40 58 -1 -1 -1
-1 40 40 40 103 103
-1 40 40 40 71 -1 -1 -1 -1
-1 40 40 40 132 -1
-1 40 40 40 44 44 -1
-1 40 40 132 -1
-1 40 40 48 48 -1
-1 -1 -1 -1 -1
-1 -1 -1 -1 -1 -1
-1 40 40 103 103 -1
-1 40 40 130 130 -1 -1
-1 40 40 122
-1 40 40 67 -1
-1 40 40 126
-1 -1 -1 -1 -1
-1 -1 -1 -1 -1 -1 -1
-1 -1 -1 -1 -1 -1 -1 -1
-1 -1 -1 -1 -1 -1 -1 -1
-1 -1 -1 -1 -1 -1 -1 -1
-1 -1 -1 -1 -1 -1 -1 -1 -1
-1 -1 -1 -1 -1 -1 -1
-1 -1 -1 -1 -1 -1 -1
-1 40 40 58 -1 -1 -1
-1 40 40 -1 -1 -1 -1 -1
-1 40 40 -1 -1 -1 -1 -1
-1 40 40 -1 -1
-1 40 40 103 103
-1 40 40 132 -1
-1 40 40 105 105 -1
-1 40 40 68 68 68 -1
-1 40 40 48 48 -1
-1 40 40 132 -1
-1 40 40 103 103
-1 -1 -1 -1 -1 -1
-1 -1 -1 -1 -1 -1
-1 -1 -1 -1 -1 -1 -1 -1
-1 0 0 -1 -1
-1 0 0 -1 -1 -1
-1 0 0 -1 -1 -1 -1
-1 0 0 -1 -1 -1 -1 -1
-1 0 0 -1 -1 -1 -1
-1 0 0 -1 -1
-1 12 12 -1 -1 -1 -1 -1
-1 12 12 -1 -1
-1 12 12 -1 -1 -1
-1 12 12 -1 -1 -1 -1
-1 28 28 -1 -1
-1 28 28 -1 -1 -1 -1 -1
-1 0 0 0 -1 -1 -1 -1 -1
-1 -1 -1 -1 -1 -1 -1
-1 -1 -1 -1 -1 -1 -1
-1 -1 -1 -1 -1 -1 -1 -1
-1 -1 -1 -1 -1 -1 -1 -1
-1 40 40 58 -1 -1 -1
-1 40 40 139 139 139
-1 40 40 152 -1
-1 40 40 97 97 -1
-1 40 40 72 72 -1
-1 40 40 105 105
-1 40 40 106 -1
-1 40 40 149 149
-1 40 40 109 109 -1
-1 -1 -1
-1 -1 -1 -1 -1 -1
-1 -1 -1 -1 -1 -1 -1
-1 -1 -1 -1 -1 -1 -1
-1 -1 -1 -1 -1 -1
-1 -1 -1 -1 -1 -1
-1 -1 -1 -1 -1 -1
-1 -1 -1 -1 -1
-1 -1 -1 -1 -1
-1 -1 -1 -1
-1 38 38 -1 -1
-1 38 38 -1 -1 -1 -1
-1 38 38 -1 -1 -1
-1 38 38 -1 -1 -1 -1
-1 38 38 -1 -1
-1 38 38 -1 -1
-1 38 38 -1 -1 -1
-1 38 38 -1 -1
-1 38 38 -1 -1
-1 38 38 114 114 -1 -1
-1 38 38 56 -1 -1
-1 38 38 108 -1 -1
-1 -1 -1 -1
-1 38 38 150 150 -1 -1
-1 38 38 46 46 -1 -1 -1 -1
-1 38 38 88 88 -1 -1
-1 38 38 56 -1 -1
-1 38 38 80 80 -1 -1
-1 38 38 108 -1
-1 38 38 77 77 -1
-1 38 38 141 141 141
-1 -1 -1 -1
-1 -1 -1 -1 -1 -1
-1 -1 -1 -1 -1 -1
-1 38 38 56 -1 -1
-1 38 38 80 80 -1 -1
-1 38 38 108 -1 -1
-1 -1 -1 -1 -1 -1 -1
-1 -1 -1 -1 -1 -1 -1
-1 -1 -1 -1 -1 -1 -1
-1 -1 -1 -1 -1 -1 -1 -1
-1 -1 -1 -1 -1 -1 -1 -1
-1 -1 -1 -1 -1 -1 -1 -1
-1 -1 -1 -1 -1 -1
-1 -1 -1 -1 -1 -1 -1 -1
-1 -1 -1 -1 -1 -1 -1
-1 -1 -1 -1 -1 -1
-1 -1 -1 -1 -1
-1 -1 -1
-1 -1 -1 -1 -1 -1
-1 -1 -1 -1 -1 -1 -1
-1 -1 -1 -1 -1 -1 -1
-1 -1 -1 -1
-1 -1 -1 -1 -1 -1 -1
-1 -1 -1 -1 -1 -1 -1 -1
-1 -1 -1 -1 -1 -1 -1 -1 -1
-1 -1 -1 -1 -1 -1 -1
-1 -1 -1 -1 -1 -1 -1
-1 33 63 63 63 -1
-1 33 53 -1 -1
-1 33 143 143 -1 -1
-1 33 79 79 -1 -1
-1 33 107 -1 -1
-1 33 74 -1
-1 33 134 -1
-1 33 93 -1 -1
-1 -1 -1 -1 -1 -1 -1 -1
-1 -1 -1 -1 -1 -1 -1 -1
-1 33 33 33 53 -1 -1
-1 33 33 33 -1 -1 -1 -1
-1 33 33 33 112 112 -1 -1
-1 33 33 33 134 -1
-1 -1 -1 -1 -1 -1 -1
-1 33 33 53 -1 -1
-1 33 33 134 -1
-1 -1 -1 -1 -1 -1
-1 33 53 -1 -1 -1
-1 33 143 143 -1 -1 -1
-1 -1 -1 -1 -1 -1 -1
-1 -1 -1 -1 -1 -1 -1
-1 -1 -1 -1 -1 -1 -1
-1 33 33 134 -1
-1 -1 -1 -1
-1 -1 -1 -1 -1 -1
-1 -1 -1 -1
-1 17 17 -1 -1
-1 17 17 -1 -1 -1 -1
-1 17 17 -1 -1 -1 -1 -1 -1
-1 17 17 -1 -1 -1 -1 -1 -1
-1 33 33 107 -1
-1 33 33 -1 -1 -1
-1 -1 -1 -1 -1 -1 -1
-1 -1 -1 -1 -1 -1 -1
-1 -1 -1 -1 -1 -1 -1
-1 -1 -1 -1 -1 -1
-1 33 33 53 -1 -1
-1 33 33 53 -1 -1
-1 -1 -1 -1 -1 -1
-1 -1 -1 -1 -1 -1 -1
-1 33 33 53 -1 -1
-1 -1 -1 -1 -1
-1 -1 -1 -1 -1 -1
-1 -1 -1 -1 -1 -1 -1 -1
-1 -1 -1 -1 -1 -1
-1 -1 -1 -1 -1 -1
-1 -1 -1
-1 33 53 -1 -1
-1 33 90 90
-1 33 112 112 -1 -1
-1 33 134 -1
-1 33 107 -1 -1
-1 33 127 127 -1
-1 -1 -1 -1 -1 -1
-1 36 36 36 -1 -1
-1 36 36 36 -1 -1 -1
-1 36 36 36 -1 -1 -1
-1 36 36 -1 -1
-1 36 36 -1 -1
-1 -1 -1 -1
-1 -1 -1
-1 -1 -1 -1 -1
-1 -1 -1 -1
-1 -1 -1 -1
-1 -1 -1 -1 -1 -1
-1 40 40 58 -1 -1
-1 40 40 58 -1 -1
-1 40 40 -1 -1 -1
-1 40 40 -1 -1 -1
-1 40 40 106 -1
-1 40 40 76 76 -1
-1 -1 -1 -1 -1 -1 -1 -1
-1 40 58 -1 -1
-1 40 132 -1
-1 40 92 -1 -1
-1 40 58 -1 -1
-1 -1 -1 -1 -1 -1 -1
-1 -1 -1 -1 -1 -1 -1
-1 -1 -1 -1 -1 -1 -1
-1 -1 -1 -1 -1
-1 -1 -1 -1 -1 -1 -1
-1 -1 -1 -1 -1 -1 -1 -1
-1 -1 -1 -1 -1 -1 -1 -1
-1 -1 -1 -1 -1 -1
-1 -1 -1 -1 -1 -1
-1 40 40 40 58 -1 -1
-1 40 40 40 116 116 -1 -1
-1 -1 -1 -1 -1 -1 -1 -1
-1 -1 -1 -1 -1 -1
-1 -1 -1 -1 -1 -1
-1 -1 -1 -1
-1 -1 -1 -1
-1 -1 -1 -1 -1 -1
-1 -1 -1 -1 -1 -1 -1 -1
-1 -1 -1 -1 -1 -1 -1 -1
-1 -1 -1 -1 -1 -1 -1 -1
-1 -1 -1 -1 -1 -1 -1
-1 -1 -1 -1
-1 -1 -1 -1 -1
-1 -1 -1 -1
-1 -1 -1 -1 -1 -1 -1
-1 -1 -1 -1 -1 -1 -1
-1 -1 -1 -1 -1 -1 -1 -1
-1 -1 -1 -1 -1 -1 -1 -1
-1 -1 -1 -1 -1 -1 -1 -1
-1 -1 -1 -1 -1 -1 -1 -1
-1 -1 -1 -1 -1
-1 -1 -1 -1 -1
-1 -1 -1 -1 -1 -1 -1
-1 -1 -1 -1 -1
-1 -1 -1 -1
-1 -1 -1 -1
-1 -1 -1 -1 -1
-1 -1 -1 -1 -1
-1 -1 -1 -1
-1 -1 -1 -1
-1 -1 -1 -1
-1 -1 -1 -1
-1 -1 -1 -1 -1
-1 -1 -1
-1 -1 -1 -1 -1 -1 -1
-1 -1 -1 -1 -1 -1
-1 -1 -1 -1 -1 -1 -1
-1 -1 -1 -1 -1 -1 -1 -1
-1 -1 -1 -1 -1 -1 -1
-1 -1 -1 -1 -1 -1 -1
-1 -1 -1 -1 -1 -1 -1
-1 -1 -1 -1 -1 -1 -1
-1 -1 -1 -1 -1 -1 -1
-1 -1 -1 -1 -1 -1 -1
-1 -1 -1 -1 -1 -1
-1 -1 -1 -1 -1 -1
-1 -1 -1 -1 -1 -1 -1 -1 -1
-1 -1 -1 -1 -1 -1 -1 -1 -1
-1 -1 -1 -1 -1 -1 -1
-1 -1 -1 -1 -1 -1
-1 -1 -1 -1 -1 -1 -1 -1 -1
-1 -1 -1 -1 -1 -1 -1
-1 -1 -1 -1 -1 -1 -1
-1 -1 -1 -1 -1 -1 -1 -1
-1 -1 -1 -1 -1 -1 -1
-1 -1 -1 -1 -1 -1 -1
-1 -1 -1 -1 -1 -1 -1
-1 -1 -1 -1 -1 -1 -1 -1
-1 -1 -1
-1 -1 -1 -1
-1 -1 -1 -1 -1 -1 -1
-1 -1 -1 -1 -1 -1
-1 -1 -1 -1 -1
-1 -1 -1 -1 -1
-1 -1 -1 -1 -1
-1 -1 -1 -1 -1
-1 -1 -1 -1 -1 -1 -1
-1 -1 -1 -1 -1 -1 -1
-1 -1 -1
-1 -1 -1
-1 -1 -1
-1 -1 -1
-1 -1 -1
-1 -1 -1 -1 -1 -1
-1 -1 -1 -1 -1 -1
-1 -1 -1 -1 -1 -1
-1 -1 -1 -1 -1 -1
-1 -1 -1 -1 -1
-1 -1 -1 -1 -1
-1 -1 -1 -1 -1 -1
-1 -1 -1 -1 -1
-1 -1 -1 -1 -1 -1
-1 -1 -1 -1 -1 -1 -1
-1 -1 -1 -1 -1 -1 -1
-1 -1 -1 -1 -1 -1
-1 -1 -1 -1 -1
-1 -1 -1 -1 -1 -1 -1
-1 -1 -1 -1 -1 -1
-1 -1 -1 -1 -1 -1
-1 -1 -1 -1 -1 -1
-1 13 13 -1 -1 -1
-1 13 13 -1 -1 -1
-1 13 13 -1 -1 -1 -1
-1 13 -1 -1 -1
-1 13 -1 -1 -1
-1 13 13 -1 -1 -1
-1 -1 -1 -1
-1 40 40 40 -1 -1
-1 40 40 40 -1 -1 -1
-1 40 40 40 -1 -1 -1 -1 -1 -1 -1
-1 40 40 40 -1 -1 -1 -1 -1 -1 -1
-1 40 40 40 -1 -1 -1 -1 -1
-1 40 40 40 58 -1 -1
-1 40 40 40 116 116
-1 40 40 40 152 -1
-1 40 132 -1
-1 40 58 -1 -1
-1 40 116 116
-1 40 68 68 68 -1
-1 40 132 -1
-1 -1 -1 -1
-1 -1 -1 -1 -1 -1 -1
-1 40 40 40 -1 -1 -1 -1 -1
-1 40 40 40 132 -1 -1
-1 40 40 40 104 -1 -1
-1 40 40 40 -1 -1 -1 -1
-1 40 40 40 -1 -1
-1 40 40 40 58 -1 -1 -1 -1
-1 40 40 40 105 105 -1 -1
-1 40 40 40 68 68 68 -1
-1 40 40 40 58 -1 -1 -1 -1
-1 -1 -1 -1 -1
-1 -1 -1 -1 -1 -1 -1
-1 -1 -1 -1 -1
-1 -1 -1 -1 -1
-1 -1 -1 -1 -1 -1 -1
-1 -1 -1 -1 -1 -1 -1
-1 -1 -1 -1 -1 -1
-1 -1 -1 -1 -1 -1 -1
-1 -1 -1 -1 -1 -1
-1 -1 -1 -1
-1 -1 -1 -1 -1
-1 -1 -1 -1 -1 -1 -1
-1 -1 -1 -1
-1 -1 -1 -1
-1 -1 -1 -1 -1
-1 -1 -1 -1 -1 -1 -1 -1
-1 -1 -1 -1 -1 -1
-1 -1 -1 -1 -1 -1 -1
-1 -1 -1 -1
-1 -1 -1 -1 -1 -1
-1 -1 -1 -1 -1
-1 -1 -1 -1 -1
-1 -1 -1 -1 -1 -1
-1 -1 -1 -1 -1 -1 -1
-1 -1 -1 -1 -1 -1 -1
-1 -1 -1 -1
-1 -1 -1 -1 -1 -1 -1 -1
-1 -1 -1 -1 -1
-1 -1 -1
-1 -1 -1
-1 -1 -1
-1 -1 -1
-1 -1 -1
-1 -1 -1
-1 -1 -1 -1 -1 -1 -1
-1 -1 -1 -1 -1 -1
-1 -1 -1 -1 -1 -1
-1 -1 -1 -1 -1 -1
-1 -1 -1 -1 -1 -1
-1 -1 -1 -1 -1 -1 -1 -1
-1 -1 -1 -1 -1 -1 -1 -1 -1
-1 -1 -1 -1 -1 -1
-1 -1 -1 -1 -1
-1 -1 -1
-1 -1 -1 -1
-1 -1 -1 -1 -1
-1 -1 -1 -1
-1 -1 -1
-1 -1 -1 -1 -1 -1 -1
-1 -1 -1 -1 -1 -1 -1 -1
-1 -1 -1 -1 -1 -1 -1
-1 -1 -1 -1
-1 -1 -1 -1 -1 -1
-1 -1 -1 -1 -1 -1
-1 -1 -1 -1
-1 -1 -1 -1 -1 -1
-1 -1 -1 -1 -1
-1 -1 -1 -1
-1 -1 -1 -1
-1 -1 -1 -1 -1
-1 -1 -1 -1 -1 -1 -1 -1 -1
-1 -1 -1 -1 -1 -1
-1 -1 -1 -1 -1 -1 -1
-1 -1 -1 -1 -1
-1 -1 -1 -1 -1 -1 -1
-1 -1 -1 -1
-1 -1 -1 -1
-1 -1 -1 -1
-1 -1 -1 -1
-1 -1
-1 -1 -1 -1 -1 -1 -1 -1
-1 -1 -1 -1 -1 -1 -1
-1 -1 -1 -1 -1 -1 -1 -1
-1 -1 -1 -1 -1 -1
-1 -1 -1 -1 -1
-1 -1 -1 -1 -1 -1
-1 -1 -1 -1 -1 -1 -1
-1 -1 -1 -1 -1 -1 -1 -1
-1 -1 -1 -1 -1 -1
-1 -1 -1 -1
-1 -1 -1 -1
-1 -1 -1
-1 -1 -1 -1 -1 -1
-1 -1 -1 -1 -1 -1 -1 -1
-1 -1 -1 -1 -1 -1 -1 -1
-1 -1 -1 -1 -1 -1
-1 -1 -1 -1 -1 -1 -1 -1 -1
-1 -1 -1 -1 -1 -1 -1 -1 -1 -1
-1 -1 -1
-1 -1 -1 -1
-1 -1 -1 -1 -1
-1 -1 -1 -1 -1
-1 -1 -1 -1 -1 -1 -1 -1
-1 -1 -1 -1 -1
-1 -1 -1 -1 -1 -1 -1
-1 -1 -1 -1 -1
-1 -1 -1 -1 -1 -1 -1
-1 -1 -1 -1 -1
-1 -1
-1 -1
-1 -1 -1 -1 -1
-1 -1 -1 -1 -1
-1 -1 -1 -1 -1 -1 -1
-1 -1 -1 -1 -1
-1 -1 -1
-1 -1 -1 -1 -1 -1
-1 -1 -1 -1
-1 -1 -1 -1 -1 -1 -1
-1 -1 -1 -1 -1 -1 -1
-1 -1 -1 -1 -1 -1
-1 -1 -1 -1 -1 -1 -1 -1 -1
-1 -1 -1 -1 -1 -1
-1 -1 -1 -1 -1 -1
-1 -1 -1 -1 -1 -1 -1 -1
-1 -1 -1 -1 -1 -1 -1 -1
-1 -1 -1 -1 -1 -1 -1
-1 -1 -1 -1 -1 -1 -1
-1 -1 -1 -1 -1 -1
-1 -1 -1 -1 -1 -1
-1 -1 -1 -1 -1
-1 -1 -1 -1 -1 -1 -1 -1 -1
-1 -1 -1 -1 -1 -1
-1 -1 -1 -1 -1 -1
-1 -1 -1 -1 -1 -1 -1
-1 -1 -1 -1 -1 -1 -1 -1
-1 -1 -1
-1 -1 -1
-1 -1 -1
-1 -1 -1 -1 -1 -1 -1
-1 -1 -1 -1 -1 -1 -1 -1
-1 -1 -1 -1 -1 -1 -1 -1 -1
-1 -1 -1 -1 -1 -1 -1 -1 -1
-1 -1 -1 -1 -1
-1 -1 -1 -1 -1 -1
-1 -1 -1 -1 -1 -1 -1
-1 -1 -1 -1 -1 -1 -1
-1 -1 -1 -1 -1 -1 -1 -1
-1 -1 -1 -1 -1
-1 -1 -1 -1 -1
-1 -1 -1 -1 -1
-1 -1 -1 -1 -1
-1 -1 -1 -1
-1 -1 -1 -1
-1 -1 -1 -1 -1 -1 -1 -1 -1
-1 -1 -1 -1 -1 -1 -1 -1
-1 -1 -1 -1 -1 -1 -1 -1 -1
-1 -1 -1 -1 -1 -1 -1 -1 -1 -1 -1
-1 -1 -1 -1 -1 -1 -1 -1 -1 -1
-1 40 40 40 58 -1 -1
-1 40 40 40 132 -1
-1 40 40 40 105 105 -1
-1 40 40 40 91 91 91 -1 -1
-1 39 110 110 -1
-1 39 -1 -1
-1 39 -1 -1 -1 -1
-1 39 -1 -1
-1 39 -1
-1 39 -1
-1 39 -1 -1
-1 39 -1
-1 39 66 -1 -1 -1
-1 39 89 -1
-1 39 -1 -1
-1 39 39 39 89 -1
-1 39 39 39 -1 -1
-1 39 39 110 110 -1
-1 39 39 -1
-1 39 39 -1 -1
-1 39 39 -1
-1 39 39 66 -1 -1 -1
-1 39 39 -1 -1
-1 39 39 89 -1
-1 39 39 110 110 -1
-1 39 39 -1
-1 39 39 -1
-1 39 39 -1 -1
-1 39 39 -1
-1 39 39 -1 -1
-1 39 66 -1 -1 -1
-1 39 89 -1
-1 39 66 -1 -1 -1
-1 39 89 -1
-1 39 110 110 -1
-1 39 -1
-1 39 -1
-1 39 -1 -1
-1 39 -1
-1 39 66 -1 -1 -1
-1 39 89 -1
-1 39 -1 -1
-1 39 39 66 -1 -1 -1
-1 39 39 89 -1
-1 39 39 66 -1 -1 -1
-1 39 39 89 -1
-1 39 66 -1 -1 -1
-1 39 66 -1 -1 -1
-1 39 39 66 -1 -1 -1
-1 39 39 39 66 -1 -1 -1
-1 39 39 66 -1 -1 -1
-1 39 39 89 -1
-1 39 39 -1 -1
-1 39 39 66 -1 -1 -1
-1 39 39 89 -1
-1 39 39 -1 -1
-1 -1 -1 -1 -1 -1 -1 -1
-1 -1 -1 -1 -1 -1 -1 -1 -1
-1 -1 -1 -1 -1
-1 40 151 151 -1 -1
-1 40 98 98
-1 40 84 84 -1 -1 -1 -1
-1 40 100 100 100 -1 -1 -1 -1
-1 40 58 -1 -1
-1 40 148 -1
-1 40 153 -1 -1 -1
-1 40 86 86 -1 -1 -1
-1 40 116 116 -1 -1
-1 40 40 40 142 142 -1 -1
-1 40 40 40 58 -1 -1
-1 40 40 40 152 -1
-1 40 40 40 124 124 -1
-1 40 40 40 82 82 82 -1 -1
-1 -1 -1 -1
-1 -1 -1 -1 -1
-1 40 40 153 -1 -1 -1
-1 40 40 -1 -1 -1 -1 -1
-1 40 40 40 86 86 -1 -1 -1
-1 40 40 40 -1 -1 -1 -1 -1 -1
-1 40 40 40 58 -1 -1
-1 40 40 40 58 -1 -1
-1 40 40 58 -1 -1
-1 40 40 132 -1
-1 40 40 40 132 -1
-1 -1 -1 -1 -1 -1 -1
-1 -1 -1 -1 -1 -1
-1 -1 -1 -1 -1 -1 -1
-1 -1 -1 -1 -1 -1 -1 -1
-1 -1 -1 -1 -1 -1
-1 -1 -1 -1 -1 -1
-1 -1 -1 -1 -1 -1
-1 -1 -1 -1 -1 -1
-1 40 40 132 -1
-1 40 40 105 105 -1
-1 40 40 40 132 -1
-1 40 40 58 -1 -1
-1 40 40 132 -1
-1 -1 -1 -1 -1 -1 -1 -1
-1 -1 -1 -1 -1 -1 -1 -1
-1 -1 -1 -1 -1 -1
-1 -1 -1 -1 -1 -1 -1 -1
-1 -1 -1 -1 -1 -1 -1 -1
-1 -1 -1 -1 -1 -1
-1 -1 -1 -1 -1 -1 -1
-1 -1 -1 -1 -1 -1 -1 -1
-1 -1 -1 -1 -1
-1 -1 -1 -1 -1 -1
-1 -1 -1 -1 -1 -1 -1 -1
-1 -1 -1 -1
-1 -1 -1 -1
-1 -1 -1 -1 -1
-1 -1 -1 -1
-1 -1 -1 -1 -1 -1 -1 -1
-1 -1 -1 -1
-1 6 6 6 -1 -1 -1
-1 6 6 6 -1 -1
-1 6 6 6 -1 -1 -1
-1 6 6 6 -1 -1 -1 -1
-1 6 6 6 -1 -1 -1
-1 6 6 6 -1 -1
-1 6 6 6 -1 -1 -1
-1 6 6 6 55 -1 -1 -1
-1 6 6 6 -1 -1 -1
-1 6 6 6 -1 -1 -1
-1 42 42 42 144 -1 -1 -1
-1 42 42 42 -1 -1 -1 -1 -1 -1
-1 42 42 42 -1 -1 -1 -1 -1 -1
-1 42 42 42 -1 -1 -1 -1 -1 -1
-1 42 42 42 -1 -1 -1 -1 -1 -1
-1 42 42 -1 -1 -1 -1 -1 -1
-1 21 21 145 -1 -1 -1
-1 21 21 -1 -1 -1 -1 -1 -1
-1 21 21 145 -1 -1 -1
-1 21 21 21 145 -1 -1 -1
-1 42 42 42 42 -1 -1 -1 -1 -1 -1
-1 42 42 42 -1 -1 -1 -1 -1 -1
-1 11 11 -1 -1 -1 -1
-1 11 11 -1 -1 -1 -1 -1 -1
-1 31 31 31 146 -1 -1 -1
-1 31 31 31 -1 -1 -1 -1 -1
-1 31 31 31 -1 -1 -1 -1 -1 -1
-1 -1 -1 -1 -1 -1
-1 31 31 31 146 -1 -1 -1
-1 -1 -1 -1 -1 -1 -1
-1 -1 -1 -1 -1 -1 -1
-1 42 42 144 -1 -1 -1
-1 42 42 -1 -1 -1
-1 42 42 -1 -1 -1 -1 -1 -1
-1 42 42 -1 -1 -1 -1 -1 -1
-1 42 42 144 -1 -1 -1
-1 -1 -1 -1 -1 -1
-1 -1 -1 -1
-1 32 32 -1 -1
-1 32 32 -1 -1 -1 -1
-1 32 32 -1 -1 -1 -1 -1
-1 32 32 -1 -1 -1 -1 -1 -1 -1
-1 -1 -1 -1 -1 -1 -1
-1 -1 -1 -1 -1 -1 -1
-1 34 34 -1 -1 -1 -1 -1 -1
-1 34 34 -1 -1 -1 -1 -1 -1
-1 34 34 113 113 -1 -1 -1 -1
-1 34 34 54 -1 -1 -1 -1
-1 34 69 69 69
-1 32 32 111 111 -1 -1 -1
-1 32 32 52 -1 -1 -1 -1
-1 32 32 125 125 -1
-1 32 32 135 -1
-1 -1 -1 -1 -1 -1
-1 -1 -1 -1 -1 -1
-1 -1 -1 -1 -1
-1 -1 -1 -1 -1 -1
-1 40 40 40 58 -1 -1
-1 -1 -1 -1 -1 -1 -1
-1 -1 -1 -1 -1 -1 -1
-1 -1 -1 -1 -1 -1 -1
-1 -1 -1 -1 -1 -1 -1 -1
-1 40 40 40 58 -1 -1
-1 -1 -1 -1 -1 -1 -1 -1
-1 40 40 40 40 58 -1 -1
-1 -1 -1 -1 -1 -1 -1
-1 40 58 -1 -1 -1
-1 -1 -1 -1 -1 -1 -1 -1
-1 40 40 58 -1 -1
-1 40 40 40 58 -1 -1 -1
-1 -1 -1 -1 -1 -1 -1 -1 -1
-1 -1 -1 -1 -1 -1 -1
-1 40 40 58 -1 -1
-1 40 40 132 -1 -1
-1 40 58 -1 -1
-1 40 132 -1 -1
-1 29 29 29 29 -1 -1 -1
-1 29 29 29 29 -1 -1 -1 -1 -1 -1
-1 29 29 29 29 -1 -1 -1
-1 29 29 29 -1 -1 -1 -1 -1 -1
-1 -1 -1 -1 -1 -1 -1 -1
-1 -1 -1 -1 -1 -1 -1 -1
-1 -1 -1 -1 -1 -1 -1
-1 -1 -1 -1 -1 -1 -1 -1
-1 -1 -1 -1 -1 -1 -1
-1 -1 -1 -1 -1 -1 -1
-1 -1 -1 -1 -1 -1
-1 40 40 132 -1
-1 40 40 -1 -1 -1 -1 -1
-1 40 40 40 48 48 -1
-1 40 40 40 132 -1
-1 40 40 40 -1 -1 -1 -1
-1 40 40 40 -1
-1 40 40 40 -1
-1 40 40 58 -1 -1 -1
-1 -1 -1 -1 -1 -1 -1
-1 -1 -1 -1 -1 -1 -1 -1
-1 40 58 -1 -1 -1
-1 40 132 -1
-1 40 92 -1 -1
-1 -1 -1 -1 -1 -1 -1
-1 40 58 -1 -1 -1
-1 40 40 58 -1 -1 -1
-1 40 40 -1 -1 -1 -1 -1 -1 -1 -1
-1 40 40 -1 -1 -1 -1 -1 -1 -1 -1 -1
-1 40 40 58 -1 -1 -1
-1 40 40 40 58 -1 -1 -1
-1 40 40 40 58 -1 -1 -1
-1 -1 -1 -1 -1 -1 -1
-1 -1 -1 -1 -1 -1 -1
-1 -1 -1 -1 -1 -1 -1
-1 40 40 58 -1 -1 -1
-1 40 40 96 96
-1 40 40 124 124 -1
-1 -1 -1 -1 -1 -1 -1
-1 30 30 30 -1 -1 -1
-1 40 40 40 40 58 -1 -1
-1 -1 -1 -1 -1 -1 -1 -1 -1
-1 40 40 58 -1 -1 -1
-1 -1 -1 -1 -1 -1
-1 -1 -1 -1 -1 -1 -1 -1 -1
-1 -1 -1 -1 -1 -1 -1
-1 -1 -1 -1 -1 -1 -1 -1
-1 -1 -1 -1 -1 -1 -1
-1 -1 -1 -1 -1 -1 -1 -1
-1 -1 -1 -1 -1 -1 -1 -1
-1 -1 -1 -1 -1 -1 -1 -1
-1 -1 -1 -1 -1 -1 -1 -1 -1
-1 40 40 58 -1 -1 -1
-1 40 40 68 68 68 -1
-1 40 40 40 58 -1 -1 -1
-1 34 34 34 113 113 -1 -1 -1
-1 34 34 34 54 -1 -1 -1 -1
-1 32 32 32 111 111 -1 -1
-1 32 32 32 52 -1 -1 -1 -1
-1 -1 -1 -1 -1 -1 -1 -1
-1 -1 -1 -1 -1
-1 -1 -1 -1 -1 -1 -1 -1
-1 -1 -1 -1 -1 -1 -1 -1
-1 -1 -1 -1 -1 -1 -1 -1
-1 -1 -1 -1 -1 -1 -1 -1
-1 -1 -1 -1 -1 -1 -1
-1 -1 -1 -1 -1 -1 -1 -1
-1 -1 -1 -1 -1 -1
-1 -1 -1 -1 -1 -1 -1
-1 -1 -1 -1 -1 -1 -1
-1 -1 -1 -1 -1 -1 -1 -1
-1 -1 -1 -1 -1 -1 -1 -1
-1 -1 -1 -1 -1 -1 -1 -1 -1
-1 -1 -1 -1 -1 -1
-1 -1 -1 -1 -1 -1 -1 -1
-1 -1 -1 -1 -1 -1 -1
-1 -1 -1 -1 -1
-1 -1 -1 -1 -1 -1 -1
-1 -1 -1 -1 -1 -1 -1
-1 -1 -1 -1 -1 -1 -1 -1
-1 -1 -1 -1 -1 -1 -1 -1
-1 -1 -1 -1 -1 -1
-1 -1 -1 -1 -1 -1 -1 -1
-1 -1 -1 -1 -1 -1 -1
-1 -1 -1 -1 -1 -1 -1
-1 -1 -1 -1 -1 -1 -1
-1 -1 -1 -1 -1 -1 -1 -1 -1
-1 -1 -1 -1 -1 -1 -1
-1 -1 -1 -1 -1 -1 -1
-1 -1 -1 -1 -1 -1 -1
-1 -1 -1 -1 -1 -1 -1
-1 -1 -1 -1 -1 -1 -1
-1 -1 -1 -1 -1 -1 -1
-1 -1 -1 -1 -1 -1 -1
-1 -1 -1 -1 -1 -1 -1 -1
-1 -1 -1 -1 -1 -1
-1 -1 -1 -1 -1 -1 -1 -1
-1 -1 -1 -1 -1 -1
-1 -1 -1 -1 -1 -1 -1
-1 -1 -1 -1 -1 -1 -1 -1 -1
-1 -1 -1 -1 -1 -1 -1 -1
-1 -1 -1 -1 -1 -1 -1
-1 -1 -1 -1 -1
-1 -1 -1 -1 -1 -1
-1 -1 -1 -1 -1 -1
-1 -1 -1 -1 -1 -1
-1 -1 -1 -1 -1 -1
-1 -1 -1 -1 -1
-1 -1 -1 -1 -1 -1 -1
-1 -1 -1 -1 -1 -1 -1
-1 -1 -1 -1 -1 -1
-1 -1 -1 -1 -1 -1
-1 -1 -1 -1 -1 -1
-1 -1 -1 -1 -1 -1
-1 -1 -1 -1 -1 -1
-1 -1 -1
-1 -1 -1 -1 -1 -1 -1
-1 -1 -1 -1 -1 -1
-1 -1 -1 -1 -1 -1 -1
-1 -1 -1
-1 -1 -1 -1 -1 -1 -1
-1 16 16 -1 -1
-1 16 16 64 -1 -1 -1 -1
-1 16 16 64 -1 -1 -1 -1
-1 16 16 64 -1 -1 -1 -1
-1 -1 -1 -1
-1 -1 -1 -1 -1 -1
-1 -1 -1 -1 -1 -1 -1
-1 -1 -1 -1 -1 -1
-1 -1 -1 -1 -1 -1 -1 -1
-1 -1 -1 -1 -1 -1 -1
-1 -1 -1 -1 -1 -1 -1 -1
-1 -1 -1 -1 -1 -1
-1 -1 -1 -1 -1 -1
-1 -1 -1 -1 -1 -1 -1
-1 -1 -1 -1 -1 -1 -1 -1
-1 -1 -1 -1 -1 -1 -1 -1
-1 -1 -1 -1 -1 -1 -1 -1
-1 -1 -1 -1 -1 -1 -1 -1
-1 -1 -1 -1
-1 -1 -1 -1 -1 -1 -1 -1
-1 -1 -1 -1 -1 -1 -1
-1 -1 -1 -1 -1 -1 -1
-1 -1 -1 -1 -1 -1 -1
-1 -1 -1 -1 -1 -1 -1 -1
-1 -1 -1 -1 -1 -1 -1
-1 -1 -1 -1 -1 -1 -1
-1 -1 -1 -1 -1 -1 -1 -1 -1
-1 -1 -1 -1 -1 -1 -1
-1 14 -1 -1 -1
-1 14 -1 -1 -1 -1
-1 14 -1 -1 -1
-1 14 -1 -1 -1 -1
-1 -1 -1 -1 -1
-1 -1 -1 -1 -1 -1
-1 -1 -1 -1 -1 -1 -1
-1 -1 -1 -1 -1 -1
-1 -1 -1 -1 -1
-1 -1 -1 -1 -1 -1 -1
-1 -1 -1 -1 -1 -1 -1 -1
-1 -1 -1 -1 -1 -1
-1 -1 -1 -1 -1 -1 -1
-1 -1 -1 -1 -1 -1 -1
-1 -1 -1 -1
-1 -1 -1 -1 -1 -1
-1 -1 -1 -1 -1 -1 -1
-1 -1 -1 -1 -1 -1 -1
-1 -1 -1 -1 -1 -1 -1
-1 -1 -1 -1 -1
-1 -1 -1 -1 -1 -1 -1
-1 -1 -1 -1 -1 -1 -1 -1
-1 -1 -1 -1 -1 -1 -1
-1 -1 -1 -1 -1 -1 -1
-1 -1 -1 -1 -1 -1
-1 -1 -1 -1 -1 -1 -1
-1 -1 -1 -1 -1 -1
-1 -1 -1 -1 -1 -1
-1 -1 -1 -1 -1 -1
-1 -1 -1 -1 -1 -1 -1
-1 -1 -1 -1 -1 -1 -1
-1 -1 -1 -1 -1 -1
-1 -1 -1 -1 -1 -1
-1 -1 -1 -1 -1 -1
-1 -1 -1 -1 -1
-1 -1 -1 -1 -1 -1
-1 -1 -1 -1 -1
-1 -1 -1 -1 -1
-1 -1 -1 -1 -1 -1
-1 -1 -1 -1 -1 -1
-1 -1 -1 -1 -1 -1 -1
-1 -1 -1 -1 -1 -1
-1 -1 -1 -1 -1 -1 -1
-1 -1 -1 -1 -1 -1 -1
-1 -1 -1 -1 -1 -1 -1
-1 -1 -1 -1 -1 -1 -1 -1
-1 -1 -1 -1 -1 -1
-1 -1 -1 -1 -1
-1 -1 -1 -1 -1 -1
-1 -1 -1 -1 -1
-1 -1 -1 -1 -1 -1 -1 -1
-1 -1 -1 -1 -1 -1 -1 -1
-1 -1 -1 -1
-1 -1 -1 -1 -1 -1
-1 -1 -1 -1 -1
-1 -1 -1 -1 -1 -1
-1 -1 -1 -1 -1
-1 -1 -1 -1 -1 -1
-1 -1 -1 -1 -1
-1 -1 -1 -1 -1 -1
-1 -1 -1 -1 -1
-1 -1 -1 -1 -1 -1 -1
-1 -1 -1 -1 -1 -1 -1
-1 -1 -1 -1 -1 -1
-1 -1 -1 -1 -1 -1 -1 -1
-1 -1 -1 -1 -1 -1
-1 -1 -1 -1 -1 -1 -1
-1 -1 -1 -1 -1 -1
-1 -1 -1 -1 -1 -1 -1
-1 -1 -1 -1 -1 -1 -1
-1 -1 -1
-1 -1 -1 -1 -1 -1 -1 -1
-1 -1 -1 -1 -1 -1
