-1 63 63 63 -1 -1
-1 58 58 58 -1 -1 -1 -1
-1 -1 -1 -1
-1 -1 -1
-1 -1 -1 -1 -1 -1
-1 -1 -1 -1 -1 -1
-1 -1 -1 -1
-1 49 -1 -1 -1
-1 71 -1 -1 -1
-1 50 50 -1 -1 -1
-1 50 50 -1 -1 -1
-1 10 10 -1 -1 -1 -1 -1 -1
-1 -1 -1 -1 -1
-1 -1 -1 -1 -1
-1 81 -1 -1 -1 -1 -1
-1 81 -1 -1 -1 -1 -1 -1 -1
-1 81 -1 -1
-1 81 -1 -1
-1 81 -1 -1
-1 81 -1 -1 -1
-1 81 -1 -1 -1
-1 81 -1 -1
-1 81 -1
-1 -1 -1 -1 -1 -1 -1 -1
-1 76 76 223 -1 -1
-1 76 76 -1 -1 -1 -1 -1 -1
-1 76 76 -1 -1 -1 -1 -1 -1 -1 -1
-1 76 76 -1 -1 -1 -1 -1 -1 -1 -1
-1 76 76 -1 -1 -1 -1 -1 -1 -1
-1 58 58 -1 -1 -1
-1 58 58 -1 -1 -1
-1 58 125 -1
-1 58 58 125 -1
-1 58 125 -1
-1 58 58 125 -1
-1 58 58 225 -1 -1
-1 58 58 125 -1
-1 -1 -1 -1
-1 -1 -1
-1 -1 -1 -1 -1 -1
-1 69 69 -1 -1 -1 -1
-1 69 69 -1 -1 -1 -1
-1 69 69 -1 -1
-1 69 69 -1 -1 -1
-1 69 69 -1 -1
-1 -1 -1 -1 -1 -1
-1 -1
-1 -1 -1
-1 -1 -1
-1 -1 -1
-1 -1 -1 -1
-1 -1 -1
-1 -1 -1 -1 -1 -1
-1 -1 -1 -1
-1 -1 -1 -1
-1 -1 -1
-1 -1 83 83 -1
-1 -1 83 83 -1
-1 -1 83 83 -1 -1
-1 -1 83 83 -1 -1
-1 -1 83 83 -1 -1
-1 -1 83 83 -1 -1 -1 -1
-1 -1 83 83 -1 -1 -1 -1
-1 -1 83 83 -1 -1 -1 -1
-1 -1 83 83 -1 -1 -1 -1 -1
-1 -1 83 83 -1 -1 -1 -1
-1 -1 83 83 -1 -1 -1 -1
-1 -1 -1 -1 -1
-1 -1 83 83 83 -1 -1 -1
-1 -1 83 83 83 -1 -1 -1 -1
-1 -1 83 83 83 159 159 -1
-1 -1 83 83 83 -1 -1 -1 -1 -1
-1 -1 83 83 83 -1 -1 -1 -1 -1
-1 -1 83 83 83 -1 -1 -1
-1 -1 83 83 83 -1 -1 -1 -1
-1 -1 83 83 83 -1 -1 -1 -1 -1
-1 -1 83 83 83 -1
-1 -1 -1 -1 -1 -1 -1 -1
-1 -1 -1 -1 -1 -1 -1 -1
-1 -1 -1 -1 -1 -1 -1
-1 -1 83 83 83 -1 -1 -1 -1
-1 -1 83 83 83 160 160 -1
-1 -1 83 83 83 -1 -1
-1 -1 83 83 83 -1 -1 -1 -1
-1 -1 83 83 83 83 -1 -1 -1
-1 -1 -1 -1 -1 -1
-1 -1 83 83 83 214 214 -1
-1 -1 -1 -1 -1 -1
-1 -1 83 83 83 -1 -1 -1 -1
-1 -1 83 83 83 -1 -1 -1 -1
-1 -1 83 83 83 269
-1 -1 83 83 83 269
-1 -1 82 82 82 -1 -1 -1
-1 -1 82 82 82 -1 -1 -1
-1 -1 82 82 82 -1 -1
-1 -1 82 82 82 -1 -1 -1
-1 -1 82 82 82 -1 -1
-1 -1 82 82 82 -1 -1 -1
-1 -1 82 82 82 -1 -1 -1
-1 -1 82 82 82 -1 -1 -1 -1 -1
-1 -1 82 82 82 -1 -1 -1
-1 -1 82 82 82 135 135 135 135 -1
-1 -1 82 82 82 -1 -1 -1
-1 -1 82 82 82 -1 -1 -1 -1 -1
-1 -1 82 82 82 -1 -1 -1
-1 -1 82 82 82 -1 -1
-1 -1 82 82 82 262 262 -1
-1 -1 82 82 82 111
-1 -1 82 82 82 192 192 -1
-1 -1 82 82 82 155
-1 -1 82 82 82 -1
-1 -1 82 82 82 187
-1 -1 82 82 82 -1 -1
-1 -1 82 82 82 290 290 -1
-1 -1 82 82 82 -1 -1 -1
-1 -1 82 82 82 -1 -1 -1
-1 -1 82 82 82 -1 -1 -1 -1 -1 -1
-1 -1 82 82 82 -1 -1 -1 -1 -1 -1
-1 -1 82 82 82 -1 -1 -1
-1 -1 82 82 82 -1 -1
-1 -1 82 82 82 -1 -1 -1
-1 -1 82 82 82 -1 -1 -1 -1
-1 -1 82 82 82 271 271 -1
-1 -1 82 82 82 90 90 -1
-1 -1 82 82 82 -1 -1 -1
-1 -1 82 82 82 -1 -1 -1
-1 -1 82 82 82 -1 -1
-1 -1 82 82 82 -1 -1
-1 -1 82 82 82 -1 -1 -1
-1 -1 82 82 82 -1 -1 -1
-1 -1 82 82 82 -1 -1
-1 -1 82 82 82 -1 -1
-1 -1 82 82 82 -1 -1
-1 -1 82 82 82 -1 -1
-1 -1 82 82 82 -1 -1 -1 -1
-1 -1 82 82 82 -1 -1 -1 -1 -1
-1 -1 82 82 82 -1 -1 -1 -1 -1
-1 -1 82 82 82 -1 -1 -1 -1 -1
-1 -1 82 82 82 -1 -1 -1 -1
-1 -1 82 82 82 -1 -1 -1
-1 -1 82 82 82 -1 -1 -1
-1 -1 82 82 82 -1 -1 -1 -1
-1 -1 82 82 82 -1 -1 -1 -1
-1 -1 82 82 82 -1 -1
-1 -1 82 82 82 -1 -1
-1 -1 82 82 82 -1 -1
-1 -1 82 82 82 -1 -1 -1 -1 -1
-1 -1 82 82 82 -1 -1 -1 -1
-1 -1 82 82 82 -1 -1
-1 -1 -1 -1 -1 -1 -1
-1 -1 -1 -1 -1 -1 -1
-1 -1 -1 -1 -1
-1 -1 74 74 74 193 193 -1 -1
-1 -1 74 74 74 133 133 -1
-1 -1 74 74 74 122
-1 -1 -1 -1 -1 -1 -1 -1 -1
-1 -1 70 70 70 -1 -1 -1
-1 -1 70 70 70 169
-1 -1 70 70 70 194 194 -1 -1
-1 -1 70 70 70 134 134 -1
-1 -1 70 70 70 124
-1 -1 70 70 70 272 272 -1 -1
-1 -1 70 70 70 91 91 -1 -1
-1 -1 70 70 70 -1 -1
-1 -1 70 70 70 -1 -1
-1 -1 70 70 70 258 258 258 -1
-1 -1 70 70 70 266 266
-1 -1 70 70 70 251 251 -1
-1 -1 70 70 70 289
-1 -1 70 70 70 -1 -1 -1 -1
-1 -1 70 70 70 -1 -1
-1 -1 54 54 -1 -1 -1
-1 -1 54 54 -1
-1 -1 70 70 70 -1 -1 -1 -1 -1
-1 -1 82 82 290 290 -1
-1 -1 82 82 180
-1 -1 82 82 248 248 -1
-1 -1 82 82 287
-1 -1 82 82 206 206 206 -1
-1 -1 82 82 164 164 -1
-1 -1 82 82 281 281 281 -1
-1 -1 82 82 247 247
-1 -1 82 82 150 150
-1 -1 22 22 22 207 207 207 -1
-1 -1 22 22 22 -1 -1
-1 -1 82 82 82 164 164 -1
-1 -1 82 82 82 -1 -1 -1 -1 -1
-1 -1 82 82 82 -1 -1 -1 -1 -1
-1 -1 82 82 82 -1 -1 -1 -1 -1
-1 -1 82 82 82 206 206 206 -1
-1 -1 22 22 22 22 207 207 207 -1
-1 -1 40 40 40 149 149
-1 -1 82 82 82 -1 -1 -1 -1 -1
-1 -1 82 82 82 -1 -1 -1
-1 -1 82 82 82 285
-1 -1 82 82 82 -1 -1 -1 -1 -1
-1 -1 82 82 82 -1 -1 -1 -1 -1 -1
-1 -1 82 82 82 -1 -1 -1
-1 -1 82 82 82 -1 -1 -1 -1 -1
-1 -1 82 82 82 -1 -1 -1 -1 -1 -1
-1 -1 82 82 82 -1 -1 -1 -1 -1
-1 -1 82 82 82 -1 -1 -1 -1 -1
-1 -1 82 82 82 222 222 222 -1
-1 -1 82 82 82 186 186
-1 -1 82 82 82 94 -1
-1 -1 82 82 82 -1 -1 -1
-1 -1 82 82 82 -1 -1 -1 -1
-1 -1 82 82 82 -1 -1 -1 -1
-1 -1 82 82 151 151 -1 -1 -1 -1
-1 -1 82 82 -1 -1 -1 -1 -1 -1
-1 -1 82 82 -1 -1
-1 -1 82 82 -1 -1 -1
-1 -1 82 82 285
-1 -1 82 82 222 222 222 -1
-1 -1 82 82 186 186
-1 -1 82 82 113 113 113 -1
-1 -1 82 82 -1 -1
-1 -1 82 82 102 102 -1
-1 -1 82 82 205 205 -1
-1 -1 82 82 -1 -1 -1 -1 -1
-1 -1 82 82 -1 -1 -1
-1 -1 82 82 151 151 -1 -1
-1 -1 82 82 -1 -1 -1
-1 -1 82 82 164 164 -1
-1 -1 82 82 206 206 206 -1
-1 -1 82 82 -1 -1 -1
-1 -1 82 82 -1 -1 -1
-1 -1 82 82 -1 -1 -1
-1 -1 82 82 113 113 113 -1
-1 -1 82 82 222 222 222 -1
-1 -1 82 82 -1 -1 -1
-1 -1 82 82 -1 -1 -1
-1 -1 82 82 -1 -1
-1 -1 83 83 83 83 -1 -1 -1
-1 -1 83 83 83 83 188
-1 -1 83 83 83 83 -1 -1 -1 -1
-1 -1 83 83 83 83 -1 -1
-1 -1 83 83 83 83 253 253
-1 -1 52 52 52 -1 -1 -1
-1 -1 52 52 52 -1
-1 -1 -1 -1 -1
-1 -1 -1 -1 -1
-1 -1 61 61 -1 -1
-1 -1 61 61 87 87 -1
-1 -1 61 61 121 121 -1
-1 -1 61 61 -1 -1 -1 -1
-1 -1 61 61 -1 -1
-1 -1 61 61 -1 -1 -1 -1 -1
-1 -1 61 61 -1 -1 -1
-1 -1 61 61 -1 -1 -1 -1 -1
-1 -1 61 61 -1 -1 -1 -1
-1 -1 61 61 89 89 -1
-1 -1 61 61 -1 -1 -1 -1 -1
-1 -1 61 61 -1 -1 -1 -1
-1 -1 61 61 141 141 -1
-1 -1 61 61 -1 -1
-1 -1 61 61 -1 -1 -1 -1
-1 -1 61 61 212 212 -1
-1 -1 61 61 -1 -1 -1 -1 -1 -1 -1
-1 -1 61 61 -1 -1 -1 -1
-1 -1 61 61 184 184 -1
-1 -1 61 61 -1 -1
-1 -1 61 61 -1 -1 -1 -1
-1 -1 61 61 234 234 -1
-1 -1 61 61 -1 -1 -1 -1
-1 -1 61 61 139 139 -1
-1 -1 61 61 -1 -1
-1 -1 61 61 -1 -1 -1 -1
-1 -1 61 61 -1 -1 -1 -1
-1 -1 61 61 -1 -1 -1 -1
-1 -1 61 61 -1 -1 -1 -1
-1 -1 61 61 -1 -1 -1 -1
-1 -1 61 61 -1 -1 -1 -1
-1 -1 61 61 -1 -1 -1
-1 -1 61 61 -1 -1 -1
-1 -1 61 61 -1 -1 -1
-1 -1 61 61 -1 -1 -1 -1
-1 -1 61 61 -1 -1 -1 -1
-1 -1 61 61 -1 -1 -1
-1 -1 61 61 -1 -1 -1 -1 -1
-1 -1 -1 -1 -1
-1 -1 80 80 -1 -1 -1
-1 -1 -1 -1 -1 -1 -1
-1 -1 -1 -1 -1 -1 -1 -1
-1 -1 -1 -1 -1 -1 -1
-1 -1 -1 72 72 72 -1 -1 -1 -1
-1 -1 -1 85 85 -1 -1 -1 -1 -1
-1 -1 -1 85 85 -1 -1 -1 -1 -1
-1 -1 -1 85 85 -1 -1 -1
-1 -1 -1 85 85 179
-1 -1 -1 85 85 136 136 136 136 -1
-1 -1 -1 85 85 -1 -1 -1 -1
-1 -1 -1 85 85 -1 -1
-1 -1 -1 85 85 -1 -1 -1 -1
-1 -1 -1 85 85 -1 -1
-1 -1 -1 85 85 -1 -1 -1
-1 -1 -1 85 85 -1 -1 -1 -1
-1 -1 -1 85 85 -1 -1 -1
-1 -1 -1 85 85 -1 -1 -1
-1 -1 -1 85 85 -1 -1
-1 -1 -1 85 85 -1 -1 -1 -1
-1 -1 -1 60 60 60 -1 -1 -1 -1
-1 -1 -1 60 60 60 -1 -1
-1 -1 -1 70 70 -1 -1
-1 -1 -1 70 70 -1 -1 -1 -1
-1 -1 -1 70 70 -1 -1
-1 -1 -1 70 70 -1 -1 -1 -1
-1 -1 -1 70 70 -1 -1
-1 -1 -1 70 70 -1 -1 -1 -1
-1 -1 -1 70 70 -1 -1 -1
-1 -1 -1 70 70 -1 -1 -1 -1 -1
-1 -1 -1 70 70 -1 -1 -1 -1 -1 -1 -1
-1 -1 -1 70 70 -1 -1
-1 -1 -1 70 70 -1
-1 -1 -1 70 70 -1 -1
-1 -1 -1 70 70 -1 -1
-1 -1 -1 85 85 278 278 -1
-1 -1 -1 85 85 282
-1 -1 -1 85 85 126 126 126 -1
-1 -1 -1 85 85 273 273
-1 -1 -1 85 85 -1 -1 -1 -1
-1 -1 -1 85 85 -1 -1
-1 -1 -1 -1 -1 -1 -1 -1
-1 -1 -1 -1 -1 -1 -1 -1
-1 -1 -1 70 70 -1 -1 -1 -1 -1
-1 -1 -1 70 70 -1 -1 -1
-1 -1 -1 70 70 279 279 -1
-1 -1 -1 70 70 283
-1 -1 -1 70 70 216 216 -1
-1 -1 -1 70 70 210
-1 -1 -1 70 70 127 127 127 -1
-1 -1 -1 70 70 274 274
-1 -1 -1 70 70 -1 -1
-1 -1 -1 70 70 -1 -1 -1
-1 -1 -1 -1 -1 -1 -1
-1 -1 -1 -1 -1
-1 -1 -1 85 85 85 -1 -1 -1 -1
-1 -1 -1 85 85 85 -1 -1 -1
-1 -1 -1 85 85 85 229 229 229 -1
-1 -1 -1 85 85 85 190 190 190 -1
-1 -1 -1 85 85 85 195 195 -1
-1 -1 -1 85 85 85 -1
-1 -1 -1 85 85 85 153 -1 -1 -1
-1 -1 -1 85 85 85 -1 -1 -1
-1 -1 -1 85 85 85 -1 -1 -1 -1
-1 -1 -1 85 85 -1 -1 -1
-1 -1 -1 85 85 -1 -1 -1 -1
-1 -1 -1 85 85 -1 -1
-1 -1 -1 85 85 85 -1 -1 -1
-1 -1 -1 85 85 85 -1 -1 -1 -1
-1 -1 -1 85 85 85 -1 -1
-1 -1 -1 85 85 85 -1 -1 -1
-1 -1 -1 85 85 85 -1 -1 -1 -1
-1 -1 -1 85 85 85 286
-1 -1 -1 85 85 85 -1 -1 -1 -1
-1 -1 -1 85 85 85 -1 -1 -1 -1 -1
-1 -1 -1 85 85 85 -1 -1 -1
-1 -1 -1 85 85 85 -1 -1 -1
-1 -1 -1 85 85 85 -1 -1
-1 -1 -1 85 85 85 -1 -1 -1
-1 -1 -1 85 85 85 -1 -1 -1 -1
-1 -1 -1 85 85 85 -1 -1
-1 -1 -1 85 85 85 241 241
-1 -1 -1 -1 -1 -1
-1 -1 -1 30 30 30 249 249 -1
-1 -1 -1 30 30 30 288
-1 -1 -1 30 30 30 257 257 257 -1
-1 -1 -1 30 30 30 265 265
-1 -1 -1 30 30 30 -1 -1 -1 -1
-1 -1 -1 30 30 30 -1 -1
-1 -1 -1 85 85 -1 -1 -1 -1
-1 -1 -1 85 85 -1 -1 -1 -1 -1
-1 -1 -1 85 85 -1 -1
-1 -1 -1 85 85 -1 -1 -1 -1
-1 -1 -1 85 85 -1 -1 -1 -1
-1 -1 -1 85 85 250 250 -1
-1 -1 -1 85 85 215 215 -1 -1
-1 -1 -1 85 85 291 291 -1
-1 -1 -1 85 85 182
-1 -1 -1 85 85 -1 -1 -1
-1 -1 -1 85 85 179
-1 -1 -1 85 85 229 229 229 -1
-1 -1 -1 85 85 98 98
-1 -1 -1 85 85 190 190 190 -1
-1 -1 -1 85 85 -1 -1
-1 -1 -1 85 85 195 195 -1
-1 -1 -1 85 85 203
-1 -1 -1 85 85 -1 -1 -1 -1
-1 -1 -1 85 85 -1 -1 -1 -1
-1 -1 -1 85 85 -1 -1 -1
-1 -1 -1 85 85 -1 -1 -1 -1
-1 -1 -1 85 85 -1 -1 -1
-1 -1 -1 85 85 -1 -1 -1 -1
-1 -1 -1 85 85 -1 -1
-1 -1 -1 85 85 -1 -1
-1 -1 -1 85 85 -1 -1 -1 -1
-1 -1 -1 85 85 -1 -1
-1 -1 -1 85 85 -1 -1 -1
-1 -1 -1 85 85 -1 -1
-1 -1 -1 -1 -1 -1 -1 -1 -1 -1 -1
-1 -1 -1 -1 -1 -1
-1 -1 -1 -1 -1 -1 -1
-1 -1 -1 -1 -1 -1 -1
-1 -1 -1 -1 -1 -1 -1 -1 -1
-1 -1 -1 -1 -1
-1 -1 -1 -1 -1 -1 -1
-1 -1 -1 -1 -1 -1 -1
-1 -1 -1 -1 -1 -1 -1
-1 -1 -1 85 85 -1 -1 -1
-1 -1 -1 85 85 -1 -1 -1
-1 -1 -1 85 85 -1 -1
-1 -1 -1 85 85 85 -1 -1 -1
-1 -1 -1 85 85 85 -1 -1 -1
-1 -1 -1 85 85 85 148
-1 -1 -1 85 85 85 -1 -1 -1
-1 -1 -1 85 85 85 -1 -1 -1
-1 -1 -1 85 85 85 -1 -1
-1 -1 -1 85 85 85 -1 -1 -1
-1 -1 -1 85 85 85 263 263 -1
-1 -1 -1 85 85 85 112
-1 -1 -1 85 85 85 -1 -1 -1
-1 -1 -1 85 85 85 -1
-1 -1 -1 85 85 85 -1 -1 -1
-1 -1 -1 85 85 85 -1
-1 -1 -1 -1 -1 -1 -1 -1
-1 -1 82 82 -1 -1 -1
-1 -1 82 82 -1
-1 -1 -1 -1 -1 -1 -1 -1
-1 -1 -1 -1 -1 -1 -1 -1
-1 -1 48 48 -1 -1 -1 -1
-1 -1 32 32 32 228 228 228 -1
-1 -1 32 32 32 97 97
-1 -1 32 32 32 108 108 -1
-1 -1 32 32 32 231 231 -1 -1
-1 -1 32 32 32 196 196 -1
-1 -1 32 32 32 105 -1
-1 -1 32 32 32 101 101 -1
-1 -1 32 32 32 284
-1 -1 32 32 32 -1 -1 -1 -1
-1 -1 32 32 32 220 220 220 -1
-1 -1 32 32 32 185 185
-1 -1 32 32 32 -1 -1
-1 -1 32 32 32 -1 -1 -1
-1 -1 82 82 82 82 -1 -1 -1
-1 -1 82 82 82 82 -1 -1 -1
-1 -1 82 82 82 82 -1 -1 -1 -1
-1 -1 82 82 82 82 -1 -1
-1 -1 82 82 82 82 150 150
-1 -1 82 82 82 82 -1 -1 -1
-1 -1 7 7 7 199 199 -1
-1 -1 7 7 7 218
-1 -1 7 7 7 -1 -1 -1 -1
-1 -1 7 7 7 -1 -1
-1 -1 7 7 7 -1 -1 -1 -1
-1 -1 7 7 7 -1 -1
-1 -1 7 7 7 230 230 230 -1
-1 -1 7 7 7 99 99
-1 -1 7 7 7 -1 -1
-1 -1 7 7 7 -1
-1 -1 7 7 7 -1
-1 -1 7 7 7 -1 -1
-1 -1 82 82 82 213 213 -1
-1 -1 82 82 82 208
-1 -1 82 82 82 -1 -1 -1
-1 -1 82 82 82 -1
-1 -1 82 82 82 -1 -1 -1
-1 -1 82 82 82 106
-1 -1 82 82 82 -1 -1
-1 -1 82 82 82 -1 -1
-1 -1 82 82 82 -1 -1 -1 -1 -1
-1 -1 82 82 82 -1 -1 -1
-1 -1 82 82 82 -1 -1 -1
-1 -1 82 82 82 213 213 -1
-1 -1 82 82 82 -1 -1 -1
-1 -1 82 82 82 -1 -1 -1 -1 -1
-1 -1 9 9 -1 -1 -1 -1
-1 -1 9 9 -1 -1
-1 -1 9 9 -1 -1 -1
-1 -1 9 9 -1 -1 -1 -1 -1
-1 -1 59 59 -1 -1 -1 -1
-1 -1 59 59 -1 -1 -1
-1 -1 59 59 -1 -1 -1 -1
-1 -1 59 59 95 -1
-1 -1 32 32 158 158 158 -1
-1 -1 32 32 93 93
-1 -1 32 32 256 256 256 -1
-1 -1 32 32 264 264
-1 -1 32 32 -1 -1 -1 -1 -1
-1 -1 32 32 -1 -1 -1
-1 -1 32 32 -1 -1 -1 -1
-1 -1 32 32 -1
-1 -1 32 32 168
-1 -1 32 32 176 176 -1 -1
-1 -1 32 32 -1 -1 -1
-1 -1 32 32 -1 -1 -1 -1
-1 -1 32 32 167 167 167 167 -1
-1 -1 32 32 284
-1 -1 32 32 -1 -1 -1 -1 -1
-1 -1 32 32 -1 -1 -1 -1
-1 -1 32 32 -1 -1 -1 -1
-1 -1 32 32 -1
-1 -1 32 32 -1 -1 -1
-1 -1 43 43 43 43 -1 -1 -1 -1
-1 -1 43 43 43 43 -1 -1
-1 -1 32 32 -1 -1 -1
-1 -1 32 32 -1
-1 -1 32 32 -1 -1 -1 -1 -1
-1 -1 32 32 -1 -1 -1
-1 -1 32 32 -1 -1 -1 -1 -1
-1 -1 32 32 -1 -1 -1
-1 -1 32 32 204 204 -1
-1 -1 32 32 -1 -1 -1
-1 -1 32 32 -1 -1 -1 -1 -1 -1
-1 -1 32 32 -1 -1 -1 -1 -1 -1
-1 -1 32 32 -1 -1 -1
-1 -1 32 32 284
-1 -1 32 32 105 -1
-1 -1 32 32 -1 -1 -1 -1 -1 -1 -1
-1 -1 32 32 -1 -1 -1 -1 -1 -1
-1 -1 32 32 -1 -1
-1 -1 32 32 240 240
-1 -1 -1 -1
-1 -1 39 39 -1 -1 -1 -1
-1 -1 39 39 -1 -1
-1 -1 39 39 -1 -1 -1 -1
-1 -1 39 39 -1 -1
-1 -1 11 11 11 11 -1 -1
-1 -1 -1 -1 -1 -1 -1 -1 -1
-1 -1 -1 -1 -1
-1 -1 -1 -1 -1
-1 -1 -1 -1
-1 -1 -1 -1 -1 -1 -1
-1 -1 -1 -1 -1
-1 -1 -1 -1
-1 -1 -1 -1 -1 -1
-1 -1 -1 -1 -1 -1
-1 -1 -1 -1 -1 -1
-1 -1 -1 -1 -1 -1
-1 -1 -1 -1 -1 -1 -1
-1 -1 -1 -1 -1 -1 -1 -1
-1 -1 -1 -1 -1
-1 -1 -1 -1 -1 -1 -1 -1
-1 -1 -1 -1 -1 -1 -1 -1
-1 -1 -1 -1 -1 -1 -1 -1
-1 -1 -1 -1 -1 -1 -1 -1
-1 -1 -1 -1 -1 -1 -1
-1 -1 -1 -1 -1 -1 -1 -1
-1 -1 82 82 -1 -1 -1
-1 -1 82 82 -1
-1 -1 82 82 281 281 281 -1
-1 -1 82 82 247 247
-1 -1 82 82 187
-1 -1 82 82 118 118 118 -1
-1 -1 82 82 -1 -1 -1
-1 -1 82 82 252 252
-1 -1 16 16 16 16 -1 -1 -1 -1 -1
-1 -1 16 16 16 16 -1 -1 -1
-1 -1 16 16 16 16 -1 -1 -1 -1
-1 -1 16 16 16 16 -1 -1
-1 -1 16 16 16 16 -1 -1 -1
-1 -1 16 16 16 16 -1 -1 -1 -1
-1 -1 12 12 12 -1 -1 -1 -1
-1 -1 12 12 12 -1 -1
-1 -1 12 12 12 -1 -1
-1 -1 12 12 12 -1 -1 -1
-1 -1 12 12 12 -1
-1 -1 12 12 12 -1 -1 -1
-1 -1 12 12 12 209
-1 -1 12 12 12 -1 -1 -1
-1 -1 12 12 12 147
-1 -1 12 12 12 -1 -1 -1
-1 -1 12 12 12 -1
-1 -1 12 12 12 -1 -1 -1
-1 -1 12 12 12 -1 -1 -1
-1 -1 12 12 12 178
-1 -1 83 83 -1 -1
-1 -1 83 83 156
-1 -1 83 83 -1
-1 -1 83 83 -1
-1 -1 83 83 -1
-1 -1 83 83 200
-1 -1 83 83 -1 -1 -1 -1
-1 -1 83 83 -1 -1
-1 -1 83 83 -1 -1 -1 -1
-1 -1 83 83 -1 -1 -1
-1 -1 83 83 -1 -1 -1
-1 -1 83 83 -1 -1
-1 -1 83 83 -1 -1 -1
-1 -1 83 83 -1 -1 -1
-1 -1 83 83 -1 -1 -1
-1 -1 83 83 244 244 -1
-1 -1 83 83 146 146 146 -1 -1
-1 -1 83 83 -1 -1 -1
-1 -1 83 83 -1 -1
-1 -1 83 83 -1 -1 -1 -1
-1 -1 83 83 -1 -1 -1 -1
-1 -1 83 83 -1 -1
-1 -1 83 83 -1 -1 -1
-1 -1 83 83 -1
-1 -1 -1 -1 -1 -1 -1
-1 -1 -1 -1 -1
-1 -1 -1 -1 -1 -1
-1 -1 -1 -1
-1 -1 83 83 -1 -1
-1 -1 83 83 -1 -1
-1 -1 83 83 -1 -1 -1
-1 -1 83 83 -1 -1 -1
-1 -1 83 83 -1 -1 -1
-1 -1 83 83 181
-1 -1 83 83 -1 -1 -1
-1 -1 83 83 -1
-1 -1 83 83 -1 -1 -1
-1 -1 83 83 202
-1 -1 83 83 -1 -1 -1 -1
-1 -1 83 83 -1 -1
-1 -1 83 83 -1 -1 -1 -1
-1 -1 83 83 -1 -1
-1 -1 83 83 243 243 243 -1
-1 -1 83 83 219 219 219 -1
-1 -1 83 83 114 114 114
-1 -1 83 83 86 86 -1
-1 -1 83 83 156
-1 -1 83 83 -1 -1
-1 -1 83 83 243 243 243 -1
-1 -1 83 83 219 219 219 -1
-1 -1 83 83 -1 -1 -1
-1 -1 83 83 -1 -1 -1 -1
-1 -1 83 83 -1 -1
-1 -1 83 83 -1 -1 -1 -1 -1
-1 -1 83 83 -1 -1 -1 -1 -1
-1 -1 83 83 -1 -1 -1
-1 -1 83 83 -1 -1 -1 -1
-1 -1 83 83 -1 -1 -1 -1
-1 -1 83 83 -1 -1 -1 -1
-1 -1 83 83 -1 -1 -1
-1 -1 83 83 -1 -1 -1
-1 -1 83 83 -1 -1 -1 -1 -1
-1 -1 83 83 -1 -1 -1 -1 -1
-1 -1 83 83 -1 -1 -1 -1 -1
-1 -1 83 83 -1 -1 -1 -1
-1 -1 83 83 -1 -1 -1 -1
-1 -1 83 83 -1 -1 -1 -1 -1
-1 -1 83 83 -1 -1 -1 -1 -1
-1 -1 83 83 83 -1 -1 -1 -1 -1
-1 -1 83 83 83 -1 -1 -1
-1 -1 83 83 83 146 146 146 -1 -1
-1 -1 83 83 83 244 244 -1
-1 -1 83 83 83 -1 -1 -1 -1 -1 -1 -1
-1 -1 -1 -1 -1 -1 -1
-1 -1 83 -1
-1 -1 83 123
-1 -1 83 -1
-1 -1 83 -1 -1 -1
-1 -1 83 181
-1 -1 83 -1 -1 -1
-1 -1 83 131
-1 -1 83 88 88 -1
-1 -1 83 -1 -1 -1 -1 -1 -1
-1 -1 83 140 140 -1
-1 -1 83 -1 -1 -1 -1
-1 -1 83 211 211 -1
-1 -1 83 -1 -1 -1 -1 -1 -1
-1 -1 83 183 183 -1
-1 -1 83 -1 -1 -1
-1 -1 83 -1 -1 -1
-1 -1 83 -1 -1 -1
-1 -1 83 159 159 -1
-1 -1 83 -1 -1 -1
-1 -1 83 -1 -1 -1
-1 -1 83 -1 -1 -1 -1
-1 -1 83 -1 -1
-1 -1 83 -1 -1
-1 -1 83 -1 -1 -1
-1 -1 83 -1 -1 -1
-1 -1 83 -1 -1 -1 -1
-1 -1 83 233 233 -1
-1 -1 83 138 138 -1
-1 -1 83 172
-1 -1 83 114 114 114
-1 -1 83 -1 -1 -1 -1 -1
-1 -1 83 -1 -1 -1
-1 -1 83 -1 -1 -1 -1 -1
-1 -1 83 -1 -1 -1 -1 -1
-1 -1 83 -1 -1
-1 -1 -1 -1 -1 -1
-1 -1 -1 -1 -1 -1
-1 -1 -1 -1 -1 -1
-1 -1 83 83 -1 -1
-1 -1 83 83 -1 -1
-1 -1 83 83 -1 -1
-1 -1 83 83 -1 -1 -1
-1 -1 83 83 -1
-1 -1 83 83 -1 -1 -1 -1
-1 -1 83 83 -1 -1
-1 -1 83 83 -1 -1 -1 -1
-1 -1 83 83 -1 -1 -1 -1
-1 -1 83 83 -1 -1
-1 -1 -1 -1 -1
-1 -1 -1 -1 -1
-1 -1 -1 -1 -1
-1 -1 -1 -1 -1
-1 -1 -1 -1 -1 -1 -1 -1
-1 -1 -1 -1 -1 -1 -1 -1
-1 -1 -1 -1 -1 -1 -1 -1 -1 -1 -1
-1 -1 -1 -1 -1 -1 -1 -1 -1 -1 -1
-1 -1 -1 -1 -1 -1
-1 -1 -1 -1 -1 -1 -1 -1
-1 -1 -1 -1 -1 -1 -1 -1 -1 -1
-1 -1 -1 -1 -1 -1
-1 -1 -1 -1 -1 -1 -1
-1 -1 -1 -1 -1 -1 -1
-1 -1 83 83 120 120 -1
-1 -1 83 83 -1
-1 -1 -1 -1 -1 -1
-1 -1 -1 -1 -1 -1
-1 -1 -1 -1 -1 -1
-1 -1 -1 -1 -1 -1
-1 -1 -1 -1
-1 -1 -1 -1 -1 -1 -1
-1 -1 -1 -1 -1 -1
-1 -1 1 1 1 -1 -1
-1 -1 -1 -1 -1 -1 -1
-1 -1 74 74 -1 -1 -1 -1 -1
-1 -1 74 74 -1 -1 -1
-1 -1 74 74 -1 -1 -1 -1
-1 -1 74 74 -1 -1 -1 -1 -1
-1 -1 74 74 177 177 -1 -1 -1 -1
-1 -1 74 74 -1 -1 -1 -1 -1
-1 -1 74 74 -1 -1 -1 -1
-1 -1 74 74 -1 -1 -1 -1
-1 -1 74 74 -1 -1
-1 -1 74 74 -1 -1 -1 -1
-1 -1 83 83 -1 -1 -1
-1 -1 83 83 -1
-1 -1 83 83 -1 -1 -1 -1 -1 -1
-1 -1 83 83 -1 -1 -1
-1 -1 83 83 -1
-1 -1 83 83 -1
-1 -1 83 83 198 198 -1
-1 -1 83 83 217
-1 -1 83 83 116
-1 -1 39 39 39 -1 -1 -1
-1 -1 82 82 82 -1 -1 -1 -1 -1
-1 -1 82 82 82 -1 -1 -1 -1 -1 -1
-1 -1 82 82 82 -1 -1 -1 -1
-1 -1 32 32 32 163 163 -1
-1 -1 32 32 32 -1 -1 -1 -1
-1 -1 32 32 32 -1 -1 -1 -1 -1
-1 -1 32 32 32 167 167 167 167 -1
-1 -1 82 82 82 -1 -1 -1 -1
-1 -1 -1 -1 -1
-1 -1 32 32 32 163 163 -1 -1
-1 -1 32 32 32 236
-1 -1 32 32 32 246 246
-1 -1 32 32 32 117 117 117 -1
-1 -1 32 32 32 -1 -1
-1 -1 32 32 32 -1 -1 -1 -1 -1
-1 -1 32 32 32 254 254 -1 -1
-1 -1 32 32 32 245 245 245 -1 -1 -1
-1 -1 32 32 32 293 293 293 -1 -1 -1
-1 -1 32 32 32 -1 -1 -1
-1 -1 32 32 32 256 256 256 -1
-1 -1 32 32 32 264 264
-1 -1 32 32 32 158 158 158 -1
-1 -1 32 32 32 93 93
-1 -1 32 32 32 -1 -1
-1 -1 32 32 32 -1 -1 -1
-1 -1 32 32 32 163 163 -1
-1 -1 32 32 32 254 254 -1 -1
-1 -1 32 32 32 -1 -1 -1 -1
-1 -1 32 32 32 245 245 245 -1 -1 -1
-1 -1 32 32 32 293 293 293 -1 -1 -1
-1 -1 82 82 82 192 192 -1
-1 -1 82 82 82 268
-1 -1 74 74 74 -1 -1 -1 -1 -1 -1
-1 -1 74 74 74 -1 -1 -1 -1
-1 -1 74 74 74 191 191 -1
-1 -1 82 82 -1 -1 -1 -1
-1 -1 82 82 -1 -1
-1 -1 82 82 171
-1 -1 82 82 -1 -1 -1 -1 -1
-1 -1 82 82 -1 -1 -1
-1 -1 82 82 -1 -1 -1 -1 -1
-1 -1 -1 -1 -1 -1 -1 -1 -1
-1 -1 -1 -1 -1 -1 -1 -1
-1 -1 -1 -1 -1 -1
-1 -1 -1 -1 -1 -1
-1 -1 -1 -1 -1
-1 -1 -1 -1 -1 -1
-1 -1 -1 -1 -1 -1
-1 -1 -1 -1 -1 -1 -1
-1 -1 -1 -1 -1 -1
-1 -1 83 83 83 -1 -1
-1 -1 83 83 83 -1
-1 -1 83 83 83 -1 -1
-1 -1 83 83 83 -1 -1 -1
-1 -1 83 83 83 -1
-1 -1 83 83 83 -1
-1 -1 83 83 83 -1
-1 -1 83 83 83 -1
-1 -1 83 83 -1
-1 -1 -1 -1 -1 -1 -1
-1 -1 -1 -1 -1 -1
-1 -1 -1 -1 -1
-1 -1 -1 -1 -1
-1 -1 -1 -1
-1 -1 74 74 -1 -1 -1
-1 -1 74 74 166 166 -1
-1 -1 74 74 237
-1 -1 74 74 221 221 221 -1
-1 -1 74 74 -1 -1 -1
-1 -1 74 74 -1
-1 -1 82 82 -1 -1 -1
-1 -1 82 82 -1
-1 -1 82 82 -1 -1 -1 -1 -1
-1 -1 82 82 128 128 -1
-1 -1 82 82 164 164 -1
-1 -1 82 82 239
-1 -1 82 82 -1 -1 -1 -1
-1 -1 82 82 222 222 222 -1
-1 -1 82 82 186 186
-1 -1 82 82 -1 -1 -1
-1 -1 82 82 -1 -1 -1 -1 -1
-1 -1 82 82 -1 -1 -1 -1
-1 -1 82 82 115
-1 -1 -1 -1 -1
-1 -1 -1 -1 -1 -1
-1 -1 -1 -1 -1
-1 -1 46 46 -1 -1 -1 -1
-1 -1 65 65 -1
-1 -1 65 65 -1 -1 -1
-1 -1 65 65 130
-1 -1 65 65 -1
-1 -1 65 65 -1 -1 -1
-1 -1 65 65 110
-1 -1 65 65 261 261 -1
-1 -1 -1 -1 -1 -1 -1 -1
-1 -1 -1 -1 -1 -1 -1 -1
-1 -1 83 83 -1
-1 -1 83 83 -1 -1
-1 -1 83 83 -1 -1 -1
-1 -1 83 83 -1 -1
-1 -1 83 83 -1 -1
-1 -1 83 83 -1 -1 -1
-1 -1 83 83 -1 -1 -1
-1 -1 83 83 -1 -1 -1
-1 -1 83 83 175 175 -1
-1 -1 83 83 96 96 -1 -1
-1 -1 83 83 83 238
-1 -1 83 83 83 280 280 280 -1
-1 -1 83 83 83 137 137 137 -1
-1 -1 83 83 83 235 235 235 235 -1
-1 -1 83 83 83 175 175 -1
-1 -1 83 83 83 96 96 -1 -1
-1 -1 83 83 83 142 142 142 142 142 -1
-1 -1 83 83 83 132 132 132 132 132 -1 -1
-1 -1 -1 -1 -1
-1 -1 -1 -1 -1 -1 -1
-1 -1 -1 -1 -1 -1
-1 -1 -1 -1 -1
-1 -1 -1 -1 -1 -1 -1
-1 -1 -1 -1 -1 -1 -1
-1 -1 83 83 -1 -1
-1 -1 83 83 -1 -1 -1 -1 -1 -1 -1
-1 -1 83 83 -1 -1 -1 -1 -1 -1
-1 -1 83 83 -1 -1 -1
-1 -1 83 83 -1 -1 -1
-1 -1 83 83 -1 -1 -1
-1 -1 83 83 -1 -1 -1 -1 -1 -1
-1 -1 83 83 -1 -1 -1 -1 -1 -1
-1 -1 83 83 -1 -1 -1 -1 -1 -1
-1 -1 83 83 -1 -1 -1 -1
-1 -1 83 83 -1 -1 -1 -1 -1 -1
-1 -1 83 83 -1 -1 -1 -1 -1
-1 -1 83 83 -1 -1 -1 -1 -1 -1
-1 -1 -1 -1 -1
-1 -1 -1 -1 -1 -1
-1 -1 -1 -1 -1 -1
-1 -1 -1 -1
-1 -1 -1 -1 -1 -1
-1 -1 -1 -1 -1
-1 -1 -1 -1
-1 -1 -1 -1 -1 -1
-1 -1 -1 -1 -1
-1 -1 -1 -1 -1 -1 -1
-1 -1 -1 -1 -1 -1
-1 -1 -1 -1 -1 -1 -1
-1 -1 -1 -1 -1 -1
-1 -1 -1 -1 -1 -1 -1
-1 -1 -1 -1 -1 -1 -1
-1 -1 -1 -1 -1 -1 -1 -1
-1 -1 -1 -1 -1 -1 -1
-1 -1 -1 -1 -1 -1 -1 -1 -1
-1 -1 -1 -1 -1 -1 -1 -1
-1 -1 -1 -1 -1 -1 -1
-1 -1 -1 -1 -1 -1
-1 -1 -1 -1 -1 -1 -1
-1 -1 -1 -1 -1 -1
-1 -1 -1 -1 -1 -1
-1 -1 -1 -1 -1 -1 -1 -1
-1 -1 -1 -1 -1
-1 -1 -1 -1 -1 -1 -1
-1 -1 -1 -1 -1 -1 -1 -1
-1 -1 -1 -1 -1 -1
-1 -1 -1 -1 -1 -1
-1 -1 -1 -1 -1
-1 -1 -1 -1 -1 -1
-1 -1 -1 -1 -1 -1
-1 -1 -1 -1 -1
-1 -1 -1 -1 -1
-1 -1 -1 -1 -1 -1
-1 -1 -1 -1 -1 -1
-1 -1 -1 -1 -1 -1
-1 82 119 -1
-1 82 119 -1
-1 82 82 119 -1
-1 82 82 82 119 -1
-1 82 119 -1
-1 82 119 -1
-1 82 82 119 -1
-1 82 224 -1
-1 82 119 -1
-1 82 276 -1
-1 82 224 -1 -1
-1 82 224 -1 -1
-1 82 224 -1 -1 -1
-1 82 224 -1 -1
-1 82 119 -1 -1
-1 82 82 -1 -1 -1 -1 -1
-1 82 82 -1 -1 -1 -1 -1
-1 82 82 -1 -1 -1 -1
-1 82 82 -1 -1 -1
-1 82 82 -1 -1 -1
-1 82 82 -1 -1 -1 -1 -1
-1 82 82 -1 -1 -1 -1 -1 -1
-1 82 82 119 -1 -1
-1 82 119 -1
-1 -1 -1 -1
-1 -1 -1 -1
-1 -1 -1 -1
-1 -1 -1 -1
-1 -1 -1 -1
-1 -1 -1 -1
-1 -1 -1 -1 -1
-1 -1 -1 -1
-1 -1 -1
-1 -1 -1 -1
-1 -1 -1
-1 -1 -1
-1 -1 -1 -1 -1
-1 20 -1 -1 -1 -1 -1
-1 20 20 226 -1 -1 -1
-1 20 20 226 -1 -1
-1 20 20 226 -1 -1
-1 20 20 -1 -1 -1
-1 -1 -1 -1
-1 -1 -1 -1 -1 -1 -1 -1
-1 -1 -1 -1 -1 -1
-1 -1 -1 -1 -1 -1
-1 -1 -1 -1 -1 -1
-1 -1 -1 -1 -1
-1 -1 -1 -1 -1
-1 -1 -1 -1
-1 -1 -1 -1
-1 -1 -1
-1 -1 -1
-1 -1 -1 -1
-1 -1 -1 -1 -1 -1 -1
-1 -1 -1 -1 -1 -1
-1 -1 -1 -1 -1 -1
-1 -1 -1 -1 -1
-1 -1 -1 -1 -1 -1
-1 -1 -1 -1 -1
-1 -1 -1 -1 -1
-1 -1 -1 -1 -1 -1 -1
-1 -1 -1 -1 -1 -1 -1
-1 -1 -1 -1 -1 -1
-1 -1 -1
-1 -1 -1
-1 -1 -1
-1 -1 -1
-1 -1 -1
-1 -1 -1
-1 -1 -1
-1 -1 -1
-1 -1 -1 -1
-1 -1 -1 -1
-1 -1 -1 -1 -1
-1 76 -1 -1 -1
-1 76 -1 -1 -1 -1
-1 76 -1 -1
-1 76 -1 -1 -1
-1 -1 -1 -1 -1 -1
-1 -1 -1 -1 -1 -1
-1 -1 -1 -1 -1 -1
-1 -1 -1 -1 -1 -1
-1 -1 -1 -1 -1
-1 -1 -1 -1
-1 -1 -1 -1 -1 -1
-1 -1 -1 -1
-1 -1 -1 -1 -1
-1 -1 -1 -1 -1 -1 -1
-1 76 76 -1 -1 -1
-1 58 58 225 -1 -1
-1 58 58 125 -1
-1 -1 -1 -1
-1 -1 -1 -1 -1
-1 -1 -1 -1 -1
-1 -1 -1 -1 -1 -1
-1 -1 -1 -1 -1 -1
-1 -1 76 76 76 -1 -1 -1 -1 -1
-1 -1 76 76 76 -1 -1 -1 -1
-1 -1 76 76 76 -1 -1 -1 -1 -1 -1 -1 -1 -1
-1 -1 37 37 -1 -1
-1 -1 -1 -1 -1 -1 -1
-1 -1 -1 -1 -1 -1
-1 -1 -1 -1 -1
-1 -1 -1 -1 -1
-1 -1 37 37 -1 -1 -1
-1 -1 -1 -1 -1 -1
-1 -1 77 77 77 152 -1 -1 -1
-1 -1 -1 -1 -1 -1 -1
-1 -1 -1 -1 -1
-1 -1 -1 -1 -1 -1
-1 -1 -1 -1 -1 -1
-1 -1 -1 -1 -1 -1 -1
-1 -1 -1 -1 -1
-1 -1 -1 -1 -1 -1 -1
-1 -1 -1 -1 -1
-1 -1 78 78 -1 -1 -1
-1 -1 78 78 170
-1 -1 78 78 -1 -1
-1 -1 78 78 -1 -1
-1 -1 78 78 -1 -1 -1
-1 -1 78 78 -1 -1
-1 -1 78 78 -1 -1
-1 -1 78 78 -1 -1 -1
-1 -1 78 78 -1 -1 -1
-1 -1 78 78 270
-1 -1 -1 -1 -1 -1 -1 -1
-1 -1 -1 -1 -1 -1 -1
-1 -1 53 53 53 227 -1
-1 -1 53 53 53 143
-1 -1 53 53 53 275 275 275
-1 -1 53 53 53 104
-1 -1 53 53 53 267 267 267
-1 -1 53 53 53 154 154
-1 -1 53 53 53 107 107 107
-1 -1 53 53 53 292 292
-1 -1 53 53 53 157 157 -1
-1 -1 53 53 53 255 255 -1
-1 -1 53 53 53 242 242 242 -1 -1
-1 -1 78 78 -1 -1 -1 -1
-1 -1 78 78 -1 -1 -1
-1 -1 78 78 -1 -1
-1 -1 78 78 -1 -1 -1
-1 -1 78 78 -1 -1 -1 -1 -1
-1 -1 78 78 -1 -1 -1 -1 -1
-1 -1 78 78 -1 -1 -1 -1
-1 -1 78 78 -1 -1 -1 -1
-1 -1 -1 -1 -1 -1
-1 -1 -1 -1 -1 -1 -1
-1 -1 -1 -1 -1 -1
-1 -1 -1 -1 -1 -1
-1 -1 -1 -1 -1 -1 -1
-1 -1 -1 -1 -1 -1 -1 -1 -1
-1 -1 -1 -1 -1 -1
-1 -1 -1 -1 -1 -1
-1 -1 -1 -1 -1 -1
-1 -1 -1 -1 -1 -1
-1 -1 -1 -1 -1 -1 -1
-1 -1 -1 -1 -1 -1 -1
-1 -1 70 70 70 169
-1 -1 70 70 70 -1 -1 -1
-1 -1 70 70 70 -1 -1 -1 -1
-1 -1 70 70 70 -1 -1
-1 -1 70 70 70 -1 -1 -1
-1 -1 70 70 70 -1 -1 -1 -1
-1 -1 70 70 70 -1 -1 -1
-1 -1 61 61 -1 -1 -1 -1 -1
-1 -1 70 70 70 70 169
-1 -1 70 70 70 70 -1 -1 -1
-1 -1 70 70 70 70 129 129 -1
-1 -1 83 83 83 -1 -1 -1 -1 -1
-1 -1 83 83 83 -1 -1 -1
-1 -1 83 83 83 -1 -1 -1 -1
-1 -1 83 83 83 -1 -1 -1 -1
-1 -1 83 83 83 -1 -1 -1 -1
-1 -1 83 83 83 -1 -1 -1 -1 -1 -1
-1 -1 83 83 83 -1 -1 -1
-1 -1 60 60 -1 -1
-1 -1 60 60 -1 -1 -1 -1
-1 -1 61 61 61 -1 -1 -1 -1 -1
-1 -1 53 53 162 162 162 -1
-1 -1 53 53 100 100
-1 -1 53 53 92 92
-1 -1 -1 -1 -1 -1 -1
-1 -1 -1 -1
-1 -1 -1 -1 -1
-1 -1 -1 -1 -1 -1
-1 -1 -1 -1 -1 -1 -1 -1
-1 -1 -1 -1
-1 -1 -1 -1 -1 -1
-1 -1 -1 -1
-1 -1 -1 -1 -1
-1 -1 -1 -1 -1
-1 -1 -1 -1 -1
-1 -1 -1 -1
-1 -1 -1 -1 -1 -1 -1 -1
-1 -1 -1 -1 -1 -1
-1 -1 -1 -1 -1 -1 -1
-1 -1 -1 -1 -1
-1 -1 -1 -1 -1
-1 -1 -1 -1 -1 -1
-1 -1 -1 -1 -1 -1 -1 -1 -1
-1 -1 78 78 -1 -1 -1
-1 -1 78 78 170
-1 -1 78 78 -1 -1
-1 -1 78 78 -1 -1
-1 -1 78 78 -1 -1 -1
-1 -1 78 78 -1 -1
-1 -1 78 78 -1 -1 -1
-1 -1 78 78 -1 -1 -1
-1 -1 78 78 -1 -1 -1 -1
-1 -1 78 78 -1 -1 -1
-1 -1 78 78 -1 -1 -1
-1 -1 78 78 270
-1 -1 -1 -1 -1 -1 -1
-1 -1 -1 -1 -1
-1 -1 -1 -1 -1
-1 -1 70 70 -1 -1 -1 -1 -1 -1
-1 -1 70 70 -1 -1 -1 -1
-1 -1 70 70 -1 -1
-1 -1 70 70 169
-1 -1 78 78 -1 -1 -1
-1 -1 78 78 -1 -1
-1 -1 78 78 -1 -1 -1 -1
-1 -1 78 78 -1 -1 -1
-1 -1 78 78 -1 -1 -1 -1
-1 -1 78 78 161 161
-1 -1 78 78 -1 -1
-1 -1 -1 70 -1 -1
-1 -1 -1 70 -1 -1
-1 -1 -1 70 -1 -1 -1 -1
-1 -1 -1 80 80 80 -1 -1 -1
-1 -1 -1 29 29 29 -1 -1 -1
-1 -1 -1 70 -1 -1 -1
-1 -1 -1 70 -1 -1 -1
-1 -1 -1 70 -1 -1 -1
-1 -1 -1 80 80 80 -1 -1 -1
-1 -1 -1 80 80 80 -1 -1 -1 -1
-1 -1 -1 80 80 80 -1 -1 -1
-1 -1 -1 80 80 80 -1 -1 -1
-1 -1 -1 80 80 80 -1 -1
-1 -1 -1 -1 -1 -1 -1 -1
-1 -1 -1 -1 33 33 33 -1 -1 -1
-1 -1 -1 -1 33 33 33 -1 -1 -1 -1
-1 -1 -1 -1 81 -1 -1 -1
-1 -1 82 82 82 224 -1 -1 -1
-1 -1 -1 -1 -1 -1
-1 -1 41 144 144 144 -1
-1 -1 41 -1 -1 -1
-1 -1 -1 -1 -1 -1 -1 -1 -1
-1 -1 -1 -1 -1 -1 -1 -1
-1 -1 -1 -1 -1 -1 -1 -1 -1 -1
-1 -1 -1 -1 -1 -1 -1 -1 -1
-1 -1 -1 -1 -1 -1 -1 -1 -1
-1 -1 -1 -1 -1 -1 -1 -1 -1
-1 -1 -1 -1 -1 -1 -1 -1 -1 -1
-1 -1 -1 -1 -1 -1 -1 -1 -1 -1 -1 -1
-1 -1 -1 -1 -1
-1 -1 17 17 17 17 -1 -1 -1 -1 -1 -1 -1
-1 -1 78 78 -1 -1 -1
-1 -1 78 78 -1 -1 -1
-1 -1 -1 -1 -1
-1 -1 -1 -1 -1
-1 -1 -1 -1 -1 -1
-1 -1 -1 -1 -1
-1 -1 78 -1 -1 -1 -1
-1 -1 78 -1 -1 -1
-1 -1 78 -1 -1 -1 -1
-1 -1 78 -1 -1 -1 -1
-1 -1 78 -1 -1 -1 -1
-1 -1 78 -1 -1 -1 -1
-1 -1 78 -1 -1 -1 -1
-1 -1 78 -1 -1 -1 -1 -1
-1 -1 -1 -1 -1
-1 -1 -1 -1 -1
-1 -1 -1 -1 -1 -1 -1
-1 -1 -1 -1 -1 -1 -1
-1 -1 -1 -1 -1
-1 -1 -1 -1 -1
-1 -1 -1 -1 -1 -1
-1 -1 -1 -1
-1 -1 -1 -1 -1
-1 -1 -1 -1 -1 -1
-1 -1 -1 -1 -1 -1
-1 -1 51 51 51 51 51 -1 -1 -1 -1 -1 -1 -1
-1 -1 35 35 35 35 145 145 145 -1
-1 -1 35 35 35 35 189 189 189 -1
-1 -1 35 35 35 35 189 189 189 -1
-1 -1 -1 -1 -1 -1 -1 -1
-1 -1 -1 -1 -1 -1 -1
-1 -1 -1 -1 -1 -1 -1
-1 -1 -1 -1 -1 -1 -1 -1
-1 -1 45 45 -1 -1 -1 -1 -1
-1 -1 45 45 -1 -1 -1
-1 -1 45 45 -1 -1 -1 -1 -1
-1 -1 -1 -1 -1
-1 -1 -1 -1 -1 -1
-1 -1 -1 82 82 -1
-1 -1 -1 82 82 -1 -1
-1 -1 -1 46 46 46 -1 -1 -1 -1 -1 -1
-1 -1 -1 46 46 46 -1 -1 -1 -1 -1 -1
-1 -1 -1 83 165 165 -1
-1 -1 -1 83 238
-1 -1 -1 83 -1 -1 -1 -1
-1 -1 -1 83 -1 -1 -1 -1 -1
-1 -1 -1 83 -1 -1 -1 -1 -1
-1 -1 -1 82 82 109 109 -1 -1
-1 -1 -1 82 82 232 232 -1 -1 -1
-1 -1 -1 82 82 197 197 -1
-1 -1 -1 82 82 171
-1 -1 -1 82 82 -1
-1 -1 -1 82 82 102 102 -1
-1 -1 -1 82 82 290 290 -1 -1
-1 -1 -1 -1 -1 -1 -1
-1 -1 -1 -1 -1 -1
-1 -1 -1 -1
-1 -1 78 -1 -1 -1
-1 -1 78 -1 -1 -1
-1 -1 78 -1 -1 -1 -1
-1 -1 78 -1 -1 -1 -1
-1 -1 70 70 -1 -1 -1
-1 -1 70 70 -1 -1
-1 -1 70 70 -1 -1 -1
-1 -1 70 70 -1 -1 -1 -1
-1 -1 70 70 -1 -1 -1 -1
-1 -1 70 70 -1 -1
-1 -1 70 70 -1 -1
-1 -1 70 70 -1 -1
-1 -1 70 70 -1 -1 -1 -1
-1 -1 70 70 -1 -1 -1 -1
-1 -1 70 70 -1 -1 -1 -1
-1 -1 70 70 -1 -1 -1
-1 -1 70 70 -1 -1 -1
-1 -1 70 70 -1 -1 -1 -1
-1 -1 70 70 -1 -1 -1 -1
-1 -1 70 70 -1 -1 -1
-1 -1 70 70 -1 -1 -1
-1 -1 70 70 -1 -1 -1
-1 -1 70 70 70 70 169
-1 -1 70 70 70 70 -1 -1 -1
-1 -1 70 70 70 70 129 129 -1
-1 -1 -1 -1 -1 -1 -1
-1 -1 78 -1 -1 -1
-1 -1 78 -1 -1
-1 -1 -1 -1 -1 -1 -1 -1
-1 -1 -1 -1 -1 -1 -1 -1 -1
-1 -1 -1 -1 -1 -1 -1
-1 -1 -1 -1 -1 -1 -1
-1 -1 -1 -1 -1 -1 -1 -1 -1
-1 -1 -1 -1 -1 -1 -1 -1 -1 -1
-1 -1 -1 -1 -1 -1 -1 -1
-1 -1 -1 -1 -1 -1 -1 -1 -1 -1
-1 -1 -1 -1 -1 -1 -1 -1 -1
-1 -1 -1 -1 -1 -1 -1 -1
-1 -1 53 53 -1 -1 -1 -1
-1 -1 53 53 -1 -1 -1 -1
-1 -1 53 53 53 53 -1 -1 -1 -1 -1 -1 -1 -1
-1 -1 84 84 -1 -1 -1
-1 -1 84 84 -1 -1 -1 -1 -1
-1 -1 84 84 -1 -1 -1 -1
-1 -1 84 84 -1 -1 -1 -1 -1
-1 -1 84 84 -1 -1 -1
-1 -1 -1 -1
-1 -1 57 57 57 -1 -1 -1
-1 -1 64 64 103
-1 -1 64 103
-1 -1 83 83 -1 -1
-1 -1 83 83 -1 -1
-1 -1 -1 -1
-1 -1 -1 -1
-1 -1 -1 -1
-1 -1 -1 -1
-1 -1 -1 -1 -1
-1 -1 -1 -1 -1
-1 -1 -1 -1 -1 -1
-1 -1 -1 -1 -1 -1
-1 -1 21 21 21 201
-1 -1 83 83 -1 -1
-1 -1 83 83 -1 -1
-1 -1 83 83 -1 -1
-1 -1 83 83 -1 -1
-1 -1 83 83 -1
-1 -1 83 83 -1
-1 -1 83 83 -1 -1 -1
-1 -1 83 83 -1 -1 -1 -1
-1 -1 -1 -1 -1 -1
-1 -1 -1 53 227 -1 -1 -1 -1
-1 -1 -1 53 -1 -1 -1 -1 -1 -1
-1 -1 -1 53 -1 -1 -1 -1 -1 -1
-1 -1 -1 53 -1 -1
-1 -1 -1 53 -1 -1 -1
-1 -1 -1 53 -1 -1
-1 -1 -1 53 -1 -1 -1
-1 -1 -1 53 -1 -1
-1 -1 -1 53 -1 -1 -1 -1 -1
-1 -1 -1 53 -1 -1 -1 -1
-1 -1 -1 53 -1 -1 -1 -1 -1 -1
-1 -1 -1 53 -1 -1 -1 -1 -1 -1 -1
-1 -1 -1 53 -1 -1 -1 -1 -1
-1 -1 -1 53 260 260 -1 -1 -1 -1
-1 -1 -1 53 -1 -1 -1 -1 -1 -1 -1 -1
-1 -1 -1 53 -1 -1 -1
-1 -1 -1 53 -1 -1 -1 -1 -1 -1
-1 -1 -1 53 -1 -1 -1 -1
-1 -1 -1 53 -1 -1 -1 -1 -1
-1 -1 -1 53 174
-1 -1 -1 53 -1 -1
-1 -1 -1 53 -1 -1
-1 -1 -1 53 -1 -1
-1 -1 -1 53 -1 -1 -1
-1 -1 -1 53 -1
-1 -1 -1 53 -1
-1 -1 -1 53 -1 -1 -1 -1 -1
-1 -1 -1 53 -1 -1 -1
-1 -1 -1 53 -1 -1 -1 -1 -1 -1
-1 -1 -1 53 -1 -1 -1 -1 -1
-1 -1 -1 53 277 -1 -1
-1 -1 -1 53 -1 -1 -1 -1
-1 -1 -1 53 -1 -1 -1
-1 -1 -1 53 -1 -1
-1 -1 -1 -1 -1 -1 -1 -1 -1
-1 -1 -1 -1 -1 -1 -1 -1 -1
-1 -1 -1 -1 -1 -1 -1 -1 -1 -1 -1
-1 -1 -1 -1 -1 -1 -1 -1 -1 -1 -1
-1 -1 -1 -1 -1 -1 -1 -1 -1 -1 -1
-1 -1 -1 -1 -1 -1 -1 -1 -1 -1 -1
-1 -1 -1 -1 -1
-1 -1 -1 -1 -1 -1
-1 -1 -1 -1 -1 -1 -1
-1 -1 -1 -1 -1 -1 -1 -1 -1 -1
-1 -1 -1 -1 -1 -1 -1 -1 -1
-1 -1 -1 -1 -1 -1 -1 -1
-1 -1 -1 -1 -1 -1 -1 -1 -1
-1 -1 -1 -1 -1 -1
-1 -1 -1 -1 -1 -1 -1 -1
-1 -1 -1 -1 -1 -1 -1 -1
-1 -1 -1 -1 -1 -1 -1 -1 -1
-1 -1 -1 -1 -1 -1 -1
-1 -1 -1 -1 -1 -1 -1 -1
-1 -1 -1 -1 -1 -1 -1 -1
-1 -1 -1 -1 -1 -1 -1
-1 -1 -1 -1 -1
-1 -1 -1 -1 -1 -1 -1
-1 -1 -1 -1 -1 -1 -1 -1 -1 -1 -1
-1 -1 -1 -1 -1 -1 -1 -1 -1
-1 -1 -1 -1 -1 -1 -1 -1 -1 -1 -1 -1
-1 -1 -1 -1 -1 -1 -1 -1 -1
-1 -1 -1 -1 -1 -1 -1
-1 -1 -1 18 18 -1 -1 -1 -1 -1
-1 -1 -1 -1 -1 -1 -1 -1 -1
-1 -1 -1 -1 -1 -1 -1 -1
-1 -1 -1 -1 -1 -1 -1 -1 -1
-1 -1 -1 -1 -1 -1 -1 -1
-1 -1 -1 -1 -1 -1 -1 -1
-1 -1 -1 85 173
-1 -1 -1 85 259 259 -1
-1 -1 -1 85 -1 -1 -1 -1 -1
-1 -1 -1 85 -1 -1 -1
-1 -1 -1 85 -1 -1
-1 -1 -1 85 -1 -1 -1
-1 -1 -1 85 -1 -1 -1 -1
-1 -1 -1 -1 -1 -1 -1 -1 -1 -1 -1
-1 -1 -1 -1 -1 -1 -1 -1 -1
-1 -1 -1 -1 -1 -1 -1 -1 -1 -1
-1 -1 -1 -1 -1 -1 -1 -1 -1
-1 -1 -1 -1 -1 -1 -1 -1 -1
-1 -1 -1 -1 -1 -1 -1 -1 -1
-1 -1 -1 -1 -1 -1 -1 -1 -1
-1 -1 -1 -1 -1 -1 -1 -1 -1
-1 -1 -1 -1 -1 -1 -1 -1 -1
-1 -1 -1 -1 -1 -1 -1 -1 -1
-1 -1 -1 -1 -1 -1 -1 -1 -1 -1
-1 -1 -1 -1 -1 -1 -1 -1 -1 -1
-1 -1 -1 -1 -1 -1 -1 -1 -1 -1 -1
-1 -1 -1 -1 -1 -1 -1 -1 -1
-1 -1 -1 -1 -1 -1 -1 -1 -1 -1
-1 -1 -1 -1 -1 -1 -1 -1 -1 -1 -1
-1 -1 -1 -1 -1 -1 -1 -1 -1 -1
