-1 -1 -1 -1 -1 -1
-1 -1 -1 -1 -1 -1
-1 -1 -1 -1 -1 -1 -1 -1
-1 -1 -1 -1 -1 -1
-1 -1 -1 -1 -1 -1 -1 -1
-1 -1 -1 -1 -1
-1 -1 486 -1 -1 -1 -1
-1 -1 -1 -1
-1 -1 663 663 -1 -1
-1 -1 663 663 -1 -1 -1 -1
-1 -1 663 663 -1 -1 -1 -1
-1 -1 663 663 -1 -1 -1 -1 -1 -1
-1 -1 663 663 -1 -1 -1 -1
-1 -1 449 -1 -1 -1 -1
-1 -1 486 486 -1 -1
-1 -1 486 486 486 -1 -1 -1 -1
-1 -1 486 486 -1 -1
-1 -1 486 486 -1 -1
-1 -1 486 486 486
-1 -1 486 486 -1 -1 -1 -1
-1 -1 486 486 486 -1 -1 -1 -1 -1 -1
-1 -1 486 486 486 -1 -1
-1 -1 486 486 486 -1 -1 -1 -1
-1 -1 486 486 486 -1 -1
-1 -1 499 499 499 499 -1 -1
-1 -1 499 499 499 499 499 -1 -1
-1 -1 499 499 499 499 499 499 -1 -1 -1 -1
-1 -1 -1 -1 -1 -1 -1 -1
-1 -1 686 -1 -1 -1 -1
-1 -1 220 220 -1 -1
-1 -1 220 220 -1 -1
-1 -1 686 686 -1 -1 -1 -1
-1 -1 216 216
-1 -1 -1 -1 -1 -1 -1 -1 -1
-1 -1 147 147 -1 -1
-1 -1 147 147 147 -1 -1
-1 -1 686 -1 -1 -1 -1
-1 -1 220 220
-1 -1 220 220 -1 -1
-1 -1 686 686 -1 -1 -1 -1
-1 -1 147 147 -1 -1
-1 -1 147 147 147 -1 -1
-1 -1 147
-1 -1 -1 -1 -1
-1 -1 547 547 -1 -1
-1 -1 547 547 547 -1 -1
-1 -1 547 547 547 547 -1 -1 -1 -1
-1 -1 547 547 547 -1 -1 -1 -1
-1 -1 40 40 40 40 40 -1 -1
-1 -1 40 40 40 40 40 40 -1 -1 -1 -1
-1 -1 547 547 -1 -1
-1 -1 547 547 547 -1 -1 -1 -1
-1 -1 547 547 -1 -1
-1 -1 547 547 547 -1 -1
-1 -1 547 547 547 -1 -1 -1 -1
-1 -1 547 547 -1 -1 -1 -1
-1 -1 547 547 547 -1 -1
-1 -1 547 547 547 547 -1 -1
-1 -1 547 547 547 -1 -1 -1 -1 -1 -1
-1 -1 499 499 499 -1 -1 -1 -1
-1 -1 499 499 499 499 -1 -1 -1 -1
-1 -1 499 499 499 499 -1 -1 -1 -1 -1 -1
-1 -1 449 449 -1 -1 -1 -1 -1 -1
-1 -1 449 449 449 -1 -1 -1 -1 -1 -1
-1 -1 24 24 -1 -1 -1 -1
-1 -1 609 609 609 -1 -1
-1 -1 609 609 609 609 -1 -1 -1 -1
-1 -1 -1 -1 -1
-1 -1 486 486 -1 -1
-1 -1 -1 -1 -1 -1
-1 -1 398 398
-1 -1 398 398 398
-1 -1 486 486 -1 -1 -1 -1
-1 -1 -1 -1 -1 -1 -1
-1 -1 -1 -1 -1 -1 -1
-1 -1 24 24 -1 -1 -1 -1
-1 -1 601 601 601 -1 -1
-1 -1 601 601 -1 -1
-1 -1 216
-1 -1 486 486 -1 -1
-1 -1 486 486 -1 -1 -1 -1
-1 -1 -1 -1 -1
-1 -1 -1 -1 -1 -1 -1
-1 -1 -1 -1 -1 -1
-1 -1 421 -1 -1 -1 -1
-1 -1 421 -1 -1 -1 -1
-1 -1 -1 -1 -1 -1 -1 -1
-1 -1 -1 -1
-1 -1 -1
-1 -1 50 50
-1 -1 402 402
-1 -1 673 673
-1 -1 230 230
-1 -1 267 267
-1 -1 493 493
-1 -1 143 143 143 143
-1 -1 508 508
-1 -1 698 -1 -1 -1 -1
-1 -1 689 -1 -1
-1 -1 338 338 338
-1 -1 -1 -1 -1
-1 -1 698 698 698
-1 -1 374 374 -1 -1 -1 -1
-1 -1 -1 -1 -1 -1 -1
-1 -1 689 689 -1 -1 -1 -1
-1 -1 688 688 688
-1 -1 237 237 237
-1 -1 683 683 683
-1 -1 374 374 -1 -1 -1 -1 -1 -1
-1 -1 598 598 -1 -1 -1 -1 -1 -1
-1 -1 598 598 598 -1 -1 -1 -1
-1 -1 598 598 598 -1 -1
-1 -1 219 219 219 -1 -1
-1 -1 699 699 699 -1 -1 -1 -1 -1 -1
-1 -1 598 598 -1 -1
-1 -1 598 598 -1 -1 -1 -1
-1 -1 679 679 679 -1 -1 -1 -1
-1 -1 -1 -1 -1 -1 -1
-1 -1 598 598 -1 -1 -1 -1 -1 -1
-1 -1 -1 -1 -1 -1
-1 -1 -1 -1
-1 -1 -1 -1 -1 -1 -1 -1
-1 -1 -1 -1 -1 -1
-1 -1 -1 -1 -1 -1 -1 -1
-1 -1 -1 -1 -1 -1
-1 -1 54 54 54 54
-1 -1 54 54 54 54
-1 -1 -1 -1 -1 -1
-1 -1 -1 -1 -1 -1
-1 -1 -1 -1 -1 -1 -1 -1 -1 -1
-1 -1 -1 -1 -1 -1 -1 -1 -1 -1 -1 -1 -1 -1 -1
-1 -1 -1 -1 -1 -1 -1 -1 -1 -1
-1 -1 -1 -1 -1 -1 -1
-1 -1 -1 -1 -1 -1 -1 -1 -1 -1
-1 -1 699 699 -1 -1 -1 -1 -1 -1
-1 -1 691 691 -1 -1 -1 -1
-1 -1 695 695 695 -1 -1
-1 -1 529 529 529 -1 -1 -1 -1
-1 -1 529 529 529 -1 -1 -1 -1
-1 -1 529 529 529 -1 -1 -1 -1 -1 -1
-1 -1 529 529 529 -1 -1 -1 -1 -1 -1
-1 -1 529 529 -1 -1 -1 -1
-1 -1 679 679 679 -1 -1 -1 -1
-1 -1 683 683 -1 -1 -1 -1 -1 -1
-1 -1 689 689 -1 -1 -1 -1 -1 -1
-1 -1 691 691 -1 -1
-1 -1 529 529 529 -1 -1 -1 -1
-1 -1 529 529 529 -1 -1 -1 -1 -1 -1
-1 -1 529 529 529 -1 -1 -1 -1 -1 -1
-1 -1 529 529 -1 -1 -1 -1
-1 -1 683 683 683 -1 -1 -1 -1
-1 -1 688 688 -1 -1 -1 -1 -1 -1
-1 -1 680 680 -1 -1 -1 -1
-1 -1 696 696 696 -1 -1
-1 -1 679 679 -1 -1
-1 -1 295 295 -1 -1 -1 -1 -1 -1
-1 -1 689 689 -1 -1 -1 -1 -1 -1
-1 -1 618 618 -1 -1
-1 -1 -1 -1 -1 -1
-1 -1 618 618 -1 -1 -1 -1
-1 -1 679 679 -1 -1 -1 -1
-1 -1 688 688 -1 -1 -1 -1 -1 -1
-1 -1 697 697 697 -1 -1 -1 -1 -1 -1
-1 -1 688 688 -1 -1 -1 -1 -1 -1
-1 -1 689 689 -1 -1 -1 -1
-1 -1 -1 -1 -1 -1 -1 -1 -1 -1
-1 -1 618 618 -1 -1
-1 -1 680 680 -1 -1 -1 -1 -1 -1 -1 -1
-1 -1 697 697 -1 -1 -1 -1 -1 -1 -1 -1
-1 -1 -1 -1 -1 -1
-1 -1 529 529 529 -1 -1 -1 -1 -1 -1
-1 -1 529 529 529 -1 -1 -1 -1 -1 -1 -1 -1
-1 -1 529 529 -1 -1 -1 -1 -1 -1
-1 -1 529 529 529 -1 -1 -1 -1 -1 -1
-1 -1 529 529 529 -1 -1 -1 -1 -1 -1 -1 -1
-1 -1 529 529 -1 -1 -1 -1 -1 -1
-1 -1 -1 -1 -1 -1 -1 -1
-1 -1 618 618 -1 -1 -1 -1
-1 -1 683 683 -1 -1
-1 -1 697 697 697 -1 -1 -1 -1 -1 -1
-1 -1 679
-1 -1 688 -1 -1 -1 -1
-1 -1 695 -1 -1 -1 -1
-1 -1 103 103 -1 -1 -1 -1
-1 -1 697 697 -1 -1 -1 -1
-1 -1 697 697 -1 -1
-1 -1 693 -1 -1 -1 -1
-1 -1 -1 -1 -1 -1 -1 -1 -1 -1 -1
-1 -1 -1 -1 -1 -1 -1 -1 -1 -1 -1
-1 -1 -1 -1 -1 -1
-1 -1 -1 -1 -1 -1
-1 -1 -1 -1 -1 -1 -1 -1
-1 -1 -1 -1 -1 -1 -1 -1 -1 -1
-1 -1 -1 -1 -1 -1 -1 -1 -1 -1 -1
-1 -1 -1 -1 -1 -1 -1 -1 -1
-1 -1 -1 -1 -1 -1 -1 -1 -1
-1 -1 507 -1 -1 -1 -1 -1 -1
-1 -1 507 -1 -1 -1 -1
-1 -1 507 -1 -1 -1 -1 -1 -1
-1 -1 79 79 79 -1 -1
-1 -1 79 79 -1 -1
-1 -1 -1 -1 -1 -1 -1 -1 -1
-1 -1 -1 -1 -1 -1
-1 -1 630 630 630 -1 -1 -1 -1 -1 -1
-1 -1 630 630 630 -1 -1 -1 -1
-1 -1 630 630 630 630 -1 -1 -1 -1
-1 -1 630 630 630 -1 -1 -1 -1
-1 -1 630 630 630 -1 -1
-1 -1 630 630 630 -1 -1 -1 -1
-1 -1 630 630 630 630 630 -1 -1 -1 -1
-1 -1 630 630 630 -1 -1 -1 -1
-1 -1 507 -1 -1 -1 -1 -1 -1
-1 -1 507 -1 -1 -1 -1 -1 -1 -1 -1
-1 -1 -1 -1 -1
-1 -1 507 -1 -1 -1 -1
-1 -1 -1 -1 -1 -1 -1 -1 -1
-1 -1 683 -1 -1
-1 -1 -1 -1 -1 -1 -1 -1 -1
-1 -1 -1 -1 -1 -1 -1
-1 -1 691 -1 -1
-1 -1 567 -1 -1 -1 -1 -1 -1
-1 -1 567 -1 -1 -1 -1
-1 -1 285 -1 -1
-1 -1 285 -1 -1
-1 -1 285 -1 -1
-1 -1 695 -1 -1
-1 -1 690 -1 -1 -1 -1
-1 -1 689 -1 -1 -1 -1
-1 -1 692 -1 -1 -1 -1 -1 -1
-1 -1 -1 -1 -1 -1 -1 -1 -1 -1 -1 -1
-1 -1 594 594 594 -1 -1 -1 -1
-1 -1 -1 -1 -1 -1
-1 -1 594 594 594 -1 -1 -1 -1 -1 -1 -1 -1
-1 -1 683 683 683 683 -1 -1 -1 -1
-1 -1 698 698 698 -1 -1 -1 -1
-1 -1 696 -1 -1
-1 -1 691 -1 -1 -1 -1 -1 -1
-1 -1 680 -1 -1 -1 -1
-1 -1 691 -1 -1 -1 -1
-1 -1 698 -1 -1 -1 -1
-1 -1 697 -1 -1 -1 -1
-1 -1 698 -1 -1
-1 -1 -1 -1 -1
-1 -1 697 697 -1 -1 -1 -1
-1 -1 -1 -1 -1 -1 -1
-1 -1 696 -1 -1
-1 -1 440
-1 -1 -1 -1 -1
-1 -1 130 130 130 -1 -1 -1 -1 -1 -1
-1 -1 -1 -1 -1 -1 -1 -1 -1 -1
-1 -1 -1 -1 -1 -1 -1 -1 -1
-1 -1 -1 -1 -1 -1 -1
-1 -1 130 130 130 -1 -1 -1 -1 -1 -1
-1 -1 696 -1 -1
-1 -1 237 237
-1 -1 237 237
-1 -1 -1 -1 -1 -1 -1 -1 -1 -1 -1
-1 -1 691 691 -1 -1
-1 -1 691 691 -1 -1
-1 -1 688 -1 -1 -1 -1 -1 -1
-1 -1 639 639 -1 -1 -1 -1
-1 -1 689 -1 -1 -1 -1
-1 -1 -1 -1 -1 -1 -1 -1
-1 -1 314 314 -1 -1
-1 -1 -1 -1
-1 -1 314 314 -1 -1
-1 -1 697 -1 -1
-1 -1 693 693 -1 -1 -1 -1
-1 -1 691 -1 -1 -1 -1
-1 -1 698 698 -1 -1
-1 -1 697 697 -1 -1
-1 -1 689 689 -1 -1
-1 -1 614 614 -1 -1
-1 -1 695 695 -1 -1
-1 -1 549 549 -1 -1
-1 -1 697 697 -1 -1
-1 -1 696 696 -1 -1
-1 -1 690 690 -1 -1
-1 -1 689 689 -1 -1
-1 -1 689 689 -1 -1
-1 -1 271 271 -1 -1
-1 -1 -1 -1 -1 -1 -1
-1 -1 254 254 -1 -1
-1 -1 254 254 -1 -1
-1 -1 271 271 -1 -1
-1 -1 -1 -1 -1 -1 -1 -1
-1 -1 271 271 -1 -1
-1 -1 271 271 271 271 -1 -1 -1 -1
-1 -1 271 271 271 -1 -1
-1 -1 271 271 271 -1 -1 -1 -1
-1 -1 271 271 271 -1 -1
-1 -1 271 271 271 271 -1 -1 -1 -1
-1 -1 271 271 271
-1 -1 271 271 271 271 -1 -1 -1 -1
-1 -1 271 271 271 -1 -1 -1 -1
-1 -1 591 591 591 -1 -1 -1 -1
-1 -1 591 591 -1 -1 -1 -1 -1 -1
-1 -1 -1 -1 -1 -1
-1 -1 679 -1 -1
-1 -1 667 667 667 667
-1 -1 693 693 693 693 -1 -1
-1 -1 227 227 -1 -1 -1 -1 -1 -1 -1 -1 -1 -1 -1 -1
-1 -1 227 227 -1 -1 -1 -1 -1 -1 -1 -1 -1 -1 -1 -1
-1 -1 680 -1 -1 -1 -1
-1 -1 256 -1 -1 -1 -1 -1 -1
-1 -1 452 -1 -1 -1 -1 -1 -1 -1 -1 -1 -1
-1 -1 693 693 -1 -1
-1 -1 698 698 698 -1 -1
-1 -1 440 440 440
-1 -1 683 -1 -1 -1 -1 -1 -1
-1 -1 697 -1 -1
-1 -1 -1
-1 -1 256 -1 -1 -1 -1
-1 -1 433 433 -1 -1
-1 -1 -1 -1 -1 -1 -1 -1 -1 -1
-1 -1 433 433 -1 -1 -1 -1 -1 -1
-1 -1 98 98 -1 -1 -1 -1
-1 -1 -1 -1 -1 -1 -1 -1 -1 -1
-1 -1 -1 -1 -1 -1
-1 -1 -1 -1 -1 -1 -1 -1
-1 -1 -1 -1 -1 -1 -1 -1
-1 -1 98 98 -1 -1 -1 -1 -1 -1
-1 -1 693 -1 -1
-1 -1 90 90 90 -1 -1
-1 -1 90 90 90 -1 -1
-1 -1 680 -1 -1
-1 -1 452 -1 -1 -1 -1 -1 -1 -1 -1
-1 -1 695 695 695 -1 -1 -1 -1 -1 -1 -1 -1
-1 -1 636 636 636 -1 -1
-1 -1 695 -1 -1
-1 -1 278 278 -1 -1
-1 -1 278 278 -1 -1 -1 -1
-1 -1 407 -1 -1
-1 -1 688 -1 -1
-1 -1 679 679 -1 -1 -1 -1 -1 -1
-1 -1 691 -1 -1 -1 -1 -1 -1
-1 -1 -1 -1 -1
-1 -1 -1 -1 -1 -1 -1 -1 -1 -1 -1 -1
-1 -1 696 696 -1 -1
-1 -1 688 -1 -1
-1 -1 679 -1 -1
-1 -1 698 -1 -1 -1 -1 -1 -1
-1 -1 650 650 -1 -1
-1 -1 650 650 650 -1 -1 -1 -1 -1 -1 -1 -1
-1 -1 650 650 -1 -1 -1 -1 -1 -1 -1 -1
-1 -1 338 -1 -1
-1 -1 689 -1 -1 -1 -1 -1 -1
-1 -1 698 698 -1 -1
-1 -1 692 -1 -1 -1 -1 -1 -1
-1 -1 690 -1 -1
-1 -1 679 -1 -1
-1 -1 330 -1 -1
-1 -1 689 -1 -1
-1 -1 696 -1 -1 -1 -1 -1 -1 -1 -1 -1 -1
-1 -1 693 -1 -1 -1 -1
-1 -1 683 -1 -1 -1 -1 -1 -1
-1 -1 679 679 -1 -1
-1 -1 693 693 693 -1 -1 -1 -1 -1 -1 -1 -1 -1 -1
-1 -1 696 696 696 -1 -1 -1 -1 -1 -1 -1 -1
-1 -1 695 -1 -1 -1 -1 -1 -1
-1 -1 693 -1 -1
-1 -1 697 -1 -1
-1 -1 690 -1 -1
-1 -1 679 -1 -1
-1 -1 695 -1 -1
-1 -1 -1 -1 -1
-1 -1 693 -1 -1
-1 -1 592 -1 -1
-1 -1 164 -1 -1 -1 -1 -1 -1
-1 -1 679 -1 -1 -1 -1 -1 -1
-1 -1 639 -1 -1 -1 -1 -1 -1 -1 -1
-1 -1 680 -1 -1
-1 -1 689 -1 -1 -1 -1 -1 -1
-1 -1 695 -1 -1 -1 -1 -1 -1 -1 -1
-1 -1 679 -1 -1 -1 -1
-1 -1 594 -1 -1 -1 -1 -1 -1
-1 -1 696 -1 -1 -1 -1
-1 -1 683 -1 -1 -1 -1 -1 -1
-1 -1 549 -1 -1 -1 -1 -1 -1 -1 -1 -1 -1
-1 -1 -1 -1 -1
-1 -1 699 -1 -1
-1 -1 502 502 -1 -1 -1 -1 -1 -1
-1 -1 31 31 -1 -1
-1 -1 31 31 -1 -1 -1 -1
-1 -1 336 336 -1 -1 -1 -1 -1 -1
-1 -1 375 375 -1 -1
-1 -1 375 375 -1 -1 -1 -1 -1 -1
-1 -1 -1 -1 -1 -1 -1 -1
-1 -1 291 291 -1 -1 -1 -1
-1 -1 502 502 -1 -1 -1 -1 -1 -1 -1 -1 -1 -1
-1 -1 502 502 -1 -1 -1 -1 -1 -1 -1 -1 -1 -1
-1 -1 136 136 136 -1 -1 -1 -1
-1 -1 -1 -1 -1 -1 -1 -1 -1 -1
-1 -1 -1 -1 -1 -1 -1 -1
-1 -1 131 131 -1 -1 -1 -1
-1 -1 -1 -1 -1 -1 -1
-1 -1 502 502 502 -1 -1 -1 -1 -1 -1 -1 -1 -1 -1
-1 -1 502 502 502 -1 -1 -1 -1 -1 -1 -1 -1 -1 -1
-1 -1 502 502 502 -1 -1 -1 -1 -1 -1 -1 -1 -1 -1
-1 -1 502 502 502 -1 -1 -1 -1 -1 -1 -1 -1 -1 -1
-1 -1 -1 -1 -1 -1 -1 -1
-1 -1 502 502 -1 -1 -1 -1 -1 -1 -1 -1 -1 -1
-1 -1 291 291 -1 -1 -1 -1
-1 -1 615 615 -1 -1 -1 -1 -1 -1
-1 -1 -1 -1 -1 -1 -1 -1 -1 -1
-1 -1 136 136 136 -1 -1 -1 -1 -1 -1
-1 -1 291 291 -1 -1 -1 -1
-1 -1 615 615 -1 -1 -1 -1
-1 -1 375 375 375 -1 -1 -1 -1 -1 -1
-1 -1 -1 -1 -1 -1
-1 -1 656 -1 -1 -1 -1
-1 -1 693 693 693 -1 -1
-1 -1 691 691 691
-1 -1 693 693 693
-1 -1 695 695 -1 -1
-1 -1 471 471
-1 -1 -1 -1 -1 -1 -1 -1
-1 -1 690 690 690
-1 -1 690 690 690 -1 -1
-1 -1 696 696 696 -1 -1
-1 -1 695 695 695 -1 -1
-1 -1 695 695 -1 -1
-1 -1 681 681 681
-1 -1 692 692 692
-1 -1 679 679 679 -1 -1
-1 -1 689 689 689
-1 -1 697 697 697
-1 -1 695 695 695 -1 -1
-1 -1 683 683 -1 -1 -1 -1
-1 -1 696 696 696 696 -1 -1 -1 -1
-1 -1 698 698 698
-1 -1 698 698 698 -1 -1
-1 -1 689 689 689 689
-1 -1 697 697 697 -1 -1 -1 -1
-1 -1 689 689 689 -1 -1
-1 -1 695 695 695 -1 -1
-1 -1 -1 -1 -1 -1 -1
-1 -1 697
-1 -1 696
-1 -1 690 -1 -1
-1 -1 374 -1 -1
-1 -1 697 -1 -1
-1 -1 683 -1 -1
-1 -1 691 -1 -1
-1 -1 698
-1 -1 -1 -1 -1 -1 -1
-1 -1 689
-1 -1 697 -1 -1 -1 -1 -1 -1
-1 -1 690
-1 -1 691
-1 -1 -1 -1 -1 -1 -1
-1 -1 621 -1 -1
-1 -1 621 -1 -1
-1 -1 -1 -1 -1
-1 -1 86 -1 -1 -1 -1
-1 -1 86 -1 -1 -1 -1
-1 -1 256 -1 -1
-1 -1 -1 -1 -1
-1 -1 695 -1 -1
-1 -1 698 -1 -1 -1 -1
-1 -1 691 -1 -1 -1 -1
-1 -1 699 -1 -1 -1 -1 -1 -1 -1 -1 -1 -1 -1 -1 -1 -1
-1 -1 691 -1 -1 -1 -1
-1 -1 73 73 -1 -1 -1 -1 -1 -1 -1 -1 -1 -1
-1 -1 409 409 -1 -1 -1 -1 -1 -1
-1 -1 409 409 -1 -1 -1 -1 -1 -1
-1 -1 694 694 -1 -1
-1 -1 409 409 -1 -1 -1 -1 -1 -1
-1 -1 409 409 -1 -1 -1 -1 -1 -1
-1 -1 73 73 -1 -1 -1 -1 -1 -1
-1 -1 594 -1 -1 -1 -1 -1 -1
-1 -1 696 -1 -1
-1 -1 213 -1 -1 -1 -1 -1 -1
-1 -1 213 -1 -1 -1 -1
-1 -1 213 -1 -1 -1 -1 -1 -1
-1 -1 213 -1 -1 -1 -1 -1 -1
-1 -1 -1 -1 -1
-1 -1 680 -1 -1 -1 -1
-1 -1 689 -1 -1
-1 -1 689 -1 -1 -1 -1
-1 -1 690 -1 -1 -1 -1 -1 -1
-1 -1 213 -1 -1 -1 -1
-1 -1 696 -1 -1 -1 -1 -1 -1
-1 -1 -1 -1 -1
-1 -1 696 -1 -1 -1 -1
-1 -1 688 -1 -1
-1 -1 689 -1 -1 -1 -1 -1 -1
-1 -1 549 -1 -1
-1 -1 213 -1 -1 -1 -1
-1 -1 680 -1 -1 -1 -1 -1 -1
-1 -1 -1 -1
-1 -1 -1 -1
-1 -1 -1 -1 -1 -1
-1 -1 -1 -1 -1 -1 -1 -1 -1 -1
-1 -1 -1 -1 -1 -1 -1 -1
-1 -1 -1 -1 -1 -1 -1 -1 -1 -1 -1 -1 -1
-1 -1 -1 -1 -1 -1 -1 -1 -1 -1 -1 -1
-1 -1 -1 -1 -1 -1 -1 -1 -1 -1
-1 -1 -1 -1 -1 -1 -1 -1 -1 -1 -1
-1 -1 -1 -1 -1 -1 -1 -1 -1 -1 -1
-1 -1 -1 -1 -1 -1 -1 -1
-1 -1 -1 -1 -1 -1 -1 -1 -1
-1 -1 690 -1 -1 -1 -1 -1 -1
-1 -1 693 693
-1 -1 697 697 -1 -1 -1 -1
-1 -1 152 -1 -1 -1 -1
-1 -1 152 -1 -1 -1 -1
-1 -1 -1 -1 -1 -1 -1 -1
-1 -1 -1 -1 -1 -1 -1 -1 -1 -1 -1
-1 -1 698 -1 -1 -1 -1 -1 -1 -1 -1
-1 -1 -1 -1 -1 -1 -1 -1
-1 -1 680 -1 -1 -1 -1 -1 -1 -1 -1
-1 -1 679 679 679 -1 -1 -1 -1 -1 -1
-1 -1 667 667 667 -1 -1
-1 -1 680 680 680 680 -1 -1 -1 -1 -1 -1
-1 -1 692 692 692 -1 -1 -1 -1 -1 -1
-1 -1 693 693 693 -1 -1 -1 -1 -1 -1
-1 -1 696 696 696 -1 -1 -1 -1
-1 -1 -1 -1 -1 -1 -1 -1
-1 -1 690 690 -1 -1 -1 -1 -1 -1 -1 -1
-1 -1 679 679 -1 -1 -1 -1 -1 -1
-1 -1 699 699 -1 -1 -1 -1 -1 -1 -1 -1
-1 -1 -1 -1 -1 -1 -1 -1 -1
-1 -1 688 -1 -1 -1 -1
-1 -1 -1 -1 -1 -1 -1 -1 -1
-1 -1 -1 -1 -1 -1 -1 -1 -1
-1 -1 237 237 237 -1 -1
-1 -1 -1 -1 -1 -1 -1 -1 -1 -1
-1 -1 650 650 650 650 650 -1 -1
-1 -1 471 -1 -1 -1 -1 -1 -1
-1 -1 -1 -1 -1 -1 -1
-1 -1 650 -1 -1 -1 -1
-1 -1 300 -1 -1 -1 -1 -1 -1 -1 -1 -1 -1 -1 -1 -1 -1 -1 -1
-1 -1 404 -1 -1 -1 -1 -1 -1 -1 -1 -1 -1 -1 -1
-1 -1 404 -1 -1 -1 -1 -1 -1 -1 -1 -1 -1 -1 -1
-1 -1 650 -1 -1 -1 -1 -1 -1 -1 -1
-1 -1 650 -1 -1 -1 -1 -1 -1 -1 -1 -1 -1
-1 -1 650 -1 -1 -1 -1 -1 -1
-1 -1 650 -1 -1 -1 -1 -1 -1 -1 -1
-1 -1 650 -1 -1 -1 -1 -1 -1 -1 -1 -1 -1
-1 -1 650 -1 -1 -1 -1 -1 -1 -1 -1
-1 -1 650 -1 -1 -1 -1
-1 -1 650 -1 -1 -1 -1 -1 -1 -1 -1
-1 -1 650 -1 -1 -1 -1 -1 -1 -1 -1 -1 -1
-1 -1 650 -1 -1 -1 -1
-1 -1 650 -1 -1 -1 -1 -1 -1 -1 -1
-1 -1 650 -1 -1 -1 -1 -1 -1 -1 -1 -1 -1
-1 -1 650 -1 -1 -1 -1 -1 -1 -1 -1 -1 -1
-1 -1 650 -1 -1 -1 -1
-1 -1 650 -1 -1
-1 -1 -1 -1 -1 -1 -1
-1 -1 561 -1 -1 -1 -1 -1 -1 -1 -1
-1 -1 -1 -1 -1 -1 -1 -1 -1 -1 -1 -1 -1 -1 -1 -1 -1 -1 -1
-1 -1 650 -1 -1 -1 -1
-1 -1 -1 -1 -1
-1 -1 -1 -1 -1
-1 -1 -1 -1 -1 -1 -1 -1 -1 -1 -1 -1 -1
-1 -1 -1 -1 -1
-1 -1 -1 -1 -1
-1 -1 -1 -1 -1
-1 -1 650 -1 -1
-1 -1 -1 -1 -1
-1 -1 -1 -1 -1
-1 -1 -1 -1 -1
-1 -1 650 -1 -1 -1 -1
-1 -1 650 -1 -1 -1 -1 -1 -1 -1 -1 -1 -1 -1 -1
-1 -1 -1 -1 -1
-1 -1 300 -1 -1 -1 -1 -1 -1 -1 -1 -1 -1 -1 -1
-1 -1 650 -1 -1 -1 -1 -1 -1 -1 -1
-1 -1 300 -1 -1 -1 -1 -1 -1 -1 -1 -1 -1 -1 -1
-1 -1 -1 -1 -1 -1 -1 -1 -1 -1 -1
-1 -1 -1 -1 -1 -1 -1 -1 -1 -1 -1 -1 -1 -1 -1
-1 -1 -1 -1 -1 -1 -1 -1 -1 -1 -1 -1 -1
-1 -1 561 -1 -1 -1 -1 -1 -1 -1 -1 -1 -1 -1 -1
-1 -1 404 -1 -1
-1 -1 404 -1 -1
-1 -1 -1 -1 -1 -1 -1 -1 -1 -1 -1 -1 -1
-1 -1 -1 -1 -1 -1 -1 -1 -1
-1 -1 333 -1 -1 -1 -1
-1 -1 333 -1 -1 -1 -1 -1 -1 -1 -1
-1 -1 471 -1 -1 -1 -1
-1 -1 362
-1 -1 362 -1 -1 -1 -1
-1 -1 -1 -1 -1 -1 -1
-1 -1 650 -1 -1
-1 -1 471 -1 -1 -1 -1 -1 -1
-1 -1 -1 -1 -1 -1 -1
-1 -1 650 -1 -1 -1 -1 -1 -1 -1 -1 -1 -1 -1 -1
-1 -1 404 -1 -1
-1 -1 -1 -1 -1 -1 -1
-1 -1 471 -1 -1 -1 -1 -1 -1 -1 -1
-1 -1 650 -1 -1 -1 -1 -1 -1 -1 -1
-1 -1 -1 -1 -1 -1 -1 -1 -1
-1 -1 -1 -1 -1 -1 -1
-1 -1 -1 -1 -1 -1 -1
-1 -1 668 -1 -1
-1 -1 668 -1 -1
-1 -1 -1 -1 -1 -1 -1
-1 -1 -1 -1 -1 -1 -1 -1 -1 -1 -1 -1 -1 -1 -1
-1 -1 -1 -1 -1 -1 -1 -1 -1 -1 -1
-1 -1 471 -1 -1 -1 -1
-1 -1 -1 -1 -1 -1 -1
-1 -1 650 -1 -1 -1 -1 -1 -1 -1 -1
-1 -1 650 -1 -1 -1 -1
-1 -1 -1 -1 -1 -1 -1
-1 -1 -1 -1 -1 -1 -1
-1 -1 404 -1 -1 -1 -1 -1 -1 -1 -1 -1 -1 -1 -1
-1 -1 404 -1 -1 -1 -1 -1 -1 -1 -1 -1 -1 -1 -1
-1 -1 650 -1 -1
-1 -1 650 -1 -1
-1 -1 -1 -1 -1 -1 -1 -1 -1
-1 -1 404 -1 -1 -1 -1 -1 -1 -1 -1
-1 -1 404 -1 -1 -1 -1 -1 -1 -1 -1 -1 -1 -1 -1 -1 -1 -1 -1
-1 -1 -1
-1 -1 471 -1 -1 -1 -1 -1 -1
-1 -1 -1 -1 -1 -1 -1 -1 -1
-1 -1 272 272 272 -1 -1 -1 -1 -1 -1
-1 -1 153 153 153 -1 -1 -1 -1 -1 -1
-1 -1 -1 -1 -1 -1 -1 -1 -1 -1 -1
-1 -1 -1 -1 -1 -1 -1 -1 -1 -1 -1
-1 -1 645 645 -1 -1
-1 -1 -1 -1 -1 -1
-1 -1 153 153 -1 -1 -1 -1 -1 -1 -1 -1
-1 -1 272 272 -1 -1 -1 -1
-1 -1 -1 -1 -1 -1
-1 -1 21 21 21 -1 -1
-1 -1 -1 -1 -1 -1 -1 -1 -1 -1 -1
-1 -1 34 34 -1 -1
-1 -1 272 272 -1 -1 -1 -1 -1 -1
-1 -1 34 34 -1 -1
-1 -1 153 153 -1 -1 -1 -1 -1 -1 -1 -1
-1 -1 -1 -1
-1 -1 -1 -1 -1
-1 -1 329 329
-1 -1 -1 -1 -1 -1 -1 -1
-1 -1 -1 -1 -1 -1
-1 -1 -1 -1 -1
-1 -1 -1 -1 -1 -1
-1 -1 -1 -1 -1
-1 -1 -1 -1 -1
-1 -1 -1 -1 -1
-1 -1 -1 -1 -1 -1 -1 -1 -1
-1 -1 -1 -1 -1 -1 -1 -1 -1
-1 -1 682 682 682 -1 -1
-1 -1 320 320 320
-1 -1 205 205 205
-1 -1 -1 -1 -1
-1 -1 -1 -1 -1 -1 -1 -1 -1
-1 -1 -1 -1 -1 -1 -1 -1 -1 -1 -1 -1 -1
-1 -1 -1 -1 -1 -1 -1
-1 -1 -1 -1 -1 -1 -1 -1 -1 -1 -1 -1 -1 -1 -1
-1 -1 21 21 21
-1 -1 -1 -1 -1 -1 -1 -1 -1
-1 -1 -1 -1 -1 -1 -1 -1 -1 -1 -1 -1 -1 -1 -1 -1 -1
-1 -1 423 423 423 -1 -1
-1 -1 423 423 423 -1 -1 -1 -1
-1 -1 -1 -1 -1 -1 -1 -1
-1 -1 -1 -1 -1 -1 -1 -1 -1 -1 -1
-1 -1 -1 -1 -1 -1 -1
-1 -1 329 329 -1 -1
-1 -1 -1 -1 -1 -1 -1 -1
-1 -1 -1 -1 -1 -1 -1 -1
-1 -1 -1 -1 -1 -1 -1
-1 -1 -1 -1 -1 -1 -1 -1
-1 -1 -1 -1 -1 -1 -1 -1
-1 -1 -1 -1 -1 -1 -1
-1 -1 -1 -1 -1 -1 -1
-1 -1 -1 -1 -1 -1 -1
-1 -1 682 682 682 -1 -1 -1 -1
-1 -1 205 205 205 -1 -1
-1 -1 -1 -1 -1 -1 -1 -1 -1 -1
-1 -1 -1 -1 -1 -1 -1 -1 -1 -1
-1 -1 153 153 -1 -1 -1 -1
-1 -1 -1 -1 -1 -1 -1 -1 -1 -1 -1 -1 -1
-1 -1 393 393
-1 -1 393 393
-1 -1 153 153 -1 -1
-1 -1 -1 -1 -1
-1 -1 531 531 -1 -1 -1 -1 -1 -1 -1 -1
-1 -1 531 531 -1 -1 -1 -1
-1 -1 -1 -1 -1 -1 -1
-1 -1 -1 -1 -1 -1 -1
-1 -1 559 559
-1 -1 698 698 -1 -1
-1 -1 -1 -1 -1 -1 -1 -1 -1 -1
-1 -1 331 331 -1 -1 -1 -1 -1 -1
-1 -1 -1 -1 -1 -1
-1 -1 553 553 553 -1 -1 -1 -1 -1 -1 -1 -1
-1 -1 505 505 -1 -1 -1 -1
-1 -1 505 505 -1 -1 -1 -1
-1 -1 505 505 -1 -1 -1 -1 -1 -1
-1 -1 559 559
-1 -1 -1 -1 -1 -1
-1 -1 331 331 331 -1 -1 -1 -1 -1 -1
-1 -1 331 331 -1 -1 -1 -1 -1 -1 -1 -1
-1 -1 331 331 -1 -1 -1 -1 -1 -1
-1 -1 331 331 -1 -1 -1 -1 -1 -1
-1 -1 -1 -1 -1 -1 -1 -1
-1 -1 505 505 505 -1 -1 -1 -1
-1 -1 505 505 505 -1 -1 -1 -1
-1 -1 484 484 -1 -1 -1 -1
-1 -1 426 426 -1 -1 -1 -1 -1 -1
-1 -1 -1 -1 -1 -1 -1 -1 -1 -1
-1 -1 331 331 -1 -1 -1 -1 -1 -1 -1 -1 -1 -1
-1 -1 -1 -1 -1 -1
-1 -1 559 559 559
-1 -1 306 306 -1 -1 -1 -1 -1 -1 -1 -1
-1 -1 426 426 -1 -1 -1 -1 -1 -1
-1 -1 -1 -1 -1 -1 -1 -1 -1
-1 -1 505 505 505 -1 -1 -1 -1 -1 -1 -1 -1
-1 -1 505 505 505 -1 -1 -1 -1 -1 -1 -1 -1
-1 -1 691 691 -1 -1 -1 -1 -1 -1 -1 -1 -1 -1 -1 -1 -1 -1
-1 -1 697 697 697 697 -1 -1
-1 -1 84 84 -1 -1 -1 -1
-1 -1 125 125 125 -1 -1
-1 -1 125 125 125 -1 -1
-1 -1 505 505 -1 -1 -1 -1 -1 -1 -1 -1 -1 -1
-1 -1 -1 -1 -1 -1
-1 -1 680 680 -1 -1
-1 -1 505 505 -1 -1 -1 -1 -1 -1
-1 -1 -1 -1 -1 -1 -1 -1 -1 -1 -1 -1
-1 -1 106 106 106 106 -1 -1 -1 -1
-1 -1 106 106 106 106 -1 -1 -1 -1
-1 -1 -1 -1 -1 -1 -1 -1 -1 -1 -1 -1
-1 -1 331 331 -1 -1 -1 -1 -1 -1 -1 -1 -1 -1
-1 -1 306 306 -1 -1 -1 -1 -1 -1 -1 -1
-1 -1 505 505 505 -1 -1 -1 -1 -1 -1
-1 -1 484 484 -1 -1 -1 -1 -1 -1 -1 -1
-1 -1 553 553 553 -1 -1 -1 -1 -1 -1 -1 -1
-1 -1 -1 -1 -1 -1 -1 -1 -1 -1 -1 -1 -1 -1 -1 -1
-1 -1 -1 -1 -1 -1 -1 -1 -1 -1
-1 -1 11 11 -1 -1 -1 -1
-1 -1 -1 -1 -1 -1 -1 -1
-1 -1 -1 -1 -1 -1 -1 -1
-1 -1 84 84 -1 -1 -1 -1
-1 -1 505 505 -1 -1 -1 -1 -1 -1
-1 -1 11 11 -1 -1 -1 -1
-1 -1 81 81 81 -1 -1
-1 -1 81 81 81 -1 -1
-1 -1 688 688 -1 -1
-1 -1 696 -1 -1 -1 -1
-1 -1 696 696 696 -1 -1 -1 -1
-1 -1 592 592 -1 -1 -1 -1 -1 -1
-1 -1 698 698 -1 -1
-1 -1 693 693 693 -1 -1 -1 -1
-1 -1 694 694 -1 -1
-1 -1 689 689 -1 -1
-1 -1 696 696 -1 -1 -1 -1
-1 -1 692 692 -1 -1 -1 -1
-1 -1 624 624 624 -1 -1
-1 -1 624 624 624 624
-1 -1 624 624 624 624
-1 -1 698 -1 -1 -1 -1
-1 -1 695 -1 -1
-1 -1 -1 -1 -1 -1 -1 -1 -1
-1 -1 -1 -1 -1
-1 -1 -1 -1 -1 -1 -1 -1
-1 -1 697 697 -1 -1
-1 -1 692 692 -1 -1
-1 -1 688 688 -1 -1 -1 -1 -1 -1
-1 -1 695 695 -1 -1
-1 -1 695 695 -1 -1
-1 -1 693 693 -1 -1
-1 -1 698 698 -1 -1
-1 -1 688 688 -1 -1
-1 -1 683 683 -1 -1
-1 -1 693 693 -1 -1
-1 -1 693 693 -1 -1
-1 -1 692 692 -1 -1
-1 -1 679 679 -1 -1
-1 -1 692 692 -1 -1
-1 -1 679 679 -1 -1
-1 -1 692 692 -1 -1
-1 -1 680 680 680 -1 -1 -1 -1
-1 -1 695 695 695 -1 -1
-1 -1 683 683 -1 -1
-1 -1 691 -1 -1 -1 -1
-1 -1 -1 -1 -1 -1 -1
-1 -1 -1 -1 -1 -1 -1
-1 -1 594 -1 -1
-1 -1 594 -1 -1
-1 -1 594 -1 -1 -1 -1 -1 -1
-1 -1 594 -1 -1
-1 -1 594 -1 -1
-1 -1 594 -1 -1 -1 -1 -1 -1
-1 -1 42 -1 -1 -1 -1 -1 -1 -1 -1 -1 -1
-1 -1 546 546 -1 -1 -1 -1 -1 -1
-1 -1 546 546 -1 -1 -1 -1
-1 -1 546 546 546
-1 -1 594 -1 -1 -1 -1 -1 -1
-1 -1 691 -1 -1
-1 -1 688 -1 -1 -1 -1
-1 -1 695 -1 -1 -1 -1
-1 -1 683 -1 -1
-1 -1 698 -1 -1 -1 -1
-1 -1 688 -1 -1 -1 -1
-1 -1 382 -1 -1 -1 -1
-1 -1 636 636 636
-1 -1 636 636 636 636
-1 -1 691 691 691 691 -1 -1
-1 -1 636 636 636 636 -1 -1
-1 -1 680 -1 -1 -1 -1
-1 -1 691 -1 -1
-1 -1 690 -1 -1
-1 -1 549
-1 -1 690 -1 -1 -1 -1
-1 -1 683 -1 -1
-1 -1 690 -1 -1
-1 -1 694 -1 -1 -1 -1
-1 -1 467 467 -1 -1
-1 -1 467 467 -1 -1
-1 -1 -1 -1 -1
-1 -1 -1 -1 -1 -1 -1 -1 -1
-1 -1 692 692 692 -1 -1 -1 -1 -1 -1
-1 -1 -1 -1 -1 -1 -1 -1 -1 -1 -1
-1 -1 -1 -1 -1 -1 -1 -1 -1 -1 -1
-1 -1 -1 -1 -1 -1 -1 -1 -1 -1 -1
-1 -1 690 690 690 -1 -1
-1 -1 555 555 555 -1 -1 -1 -1 -1 -1
-1 -1 679 679 679 -1 -1 -1 -1 -1 -1
-1 -1 680 680 680 -1 -1
-1 -1 689 689 689 -1 -1 -1 -1 -1 -1 -1 -1 -1 -1
-1 -1 555 555 555 -1 -1 -1 -1 -1 -1
-1 -1 690 690 690 -1 -1 -1 -1 -1 -1
-1 -1 680 680 680 680 -1 -1 -1 -1 -1 -1
-1 -1 693 693 693 693 -1 -1 -1 -1
-1 -1 680 680 680 680 -1 -1 -1 -1
-1 -1 693 693 693 -1 -1 -1 -1
-1 -1 689 689 689 -1 -1
-1 -1 693 693 693 -1 -1
-1 -1 695 695 -1 -1
-1 -1 -1 -1 -1
-1 -1 690 690 690 -1 -1 -1 -1
-1 -1 690 690 690 -1 -1 -1 -1
-1 -1 -1 -1 -1 -1 -1 -1
-1 -1 697 697 697 -1 -1
-1 -1 688 688 688 -1 -1 -1 -1 -1 -1 -1 -1 -1 -1
-1 -1 689 689 -1 -1 -1 -1 -1 -1 -1 -1
-1 -1 696 696 -1 -1 -1 -1 -1 -1 -1 -1 -1 -1
-1 -1 698 698 -1 -1 -1 -1 -1 -1 -1 -1
-1 -1 689 689 -1 -1 -1 -1 -1 -1 -1 -1
-1 -1 695 695 -1 -1 -1 -1
-1 -1 698 698 -1 -1 -1 -1 -1 -1 -1 -1
-1 -1 697 697 -1 -1 -1 -1 -1 -1 -1 -1
-1 -1 697 697 -1 -1 -1 -1 -1 -1 -1 -1
-1 -1 698 698 -1 -1 -1 -1 -1 -1 -1 -1
-1 -1 679 679 -1 -1 -1 -1 -1 -1 -1 -1
-1 -1 688 688 -1 -1 -1 -1 -1 -1 -1 -1
-1 -1 679 679 -1 -1 -1 -1
-1 -1 690 690 -1 -1 -1 -1
-1 -1 680 680 -1 -1 -1 -1
-1 -1 -1 -1 -1 -1 -1
-1 -1 -1 -1 -1 -1 -1 -1 -1 -1 -1
-1 -1 683 683 -1 -1 -1 -1 -1 -1 -1 -1
-1 -1 -1 -1 -1 -1 -1 -1 -1 -1 -1 -1 -1 -1
-1 -1 -1 -1 -1 -1 -1 -1 -1 -1 -1 -1 -1 -1
-1 -1 693 693 693 -1 -1 -1 -1
-1 -1 690 690 -1 -1 -1 -1 -1 -1 -1 -1 -1 -1
-1 -1 -1 -1 -1 -1 -1 -1 -1 -1 -1 -1
-1 -1 -1 -1 -1 -1 -1 -1 -1
-1 -1 -1 -1 -1 -1 -1 -1 -1
-1 -1 -1 -1 -1 -1 -1 -1 -1
-1 -1 -1 -1 -1 -1 -1 -1 -1
-1 -1 -1 -1 -1 -1 -1 -1 -1
-1 -1 -1 -1 -1 -1 -1 -1 -1 -1
-1 -1 -1 -1 -1 -1 -1 -1 -1 -1
-1 -1 -1 -1 -1 -1 -1 -1 -1
-1 -1 -1 -1 -1 -1 -1 -1 -1
-1 -1 -1 -1 -1 -1 -1 -1
-1 -1 693 693 -1 -1 -1 -1 -1 -1 -1 -1 -1 -1
-1 -1 437 437 437 -1 -1
-1 -1 -1 -1 -1 -1 -1
-1 -1 693 693 693 -1 -1 -1 -1 -1 -1
-1 -1 698 698 -1 -1 -1 -1
-1 -1 683 683 683 683 -1 -1
-1 -1 -1 -1 -1 -1 -1 -1
-1 -1 695 695 695 695 -1 -1 -1 -1
-1 -1 695 695 695 695 -1 -1
-1 -1 -1 -1 -1 -1 -1
-1 -1 -1 -1 -1 -1 -1
-1 -1 -1 -1 -1 -1 -1
-1 -1 -1 -1 -1 -1 -1 -1 -1 -1 -1 -1
-1 -1 -1 -1 -1 -1 -1 -1 -1 -1 -1 -1
-1 -1 -1 -1 -1 -1 -1 -1 -1 -1 -1 -1
-1 -1 -1 -1 -1 -1 -1 -1 -1 -1 -1 -1
-1 -1 -1 -1 -1 -1 -1 -1 -1 -1 -1
-1 -1 -1 -1 -1 -1 -1 -1 -1 -1 -1
-1 -1 696 696 696 -1 -1 -1 -1 -1 -1 -1 -1
-1 -1 -1 -1 -1 -1 -1 -1 -1 -1
-1 -1 -1 -1 -1 -1 -1 -1 -1 -1 -1 -1 -1 -1
-1 -1 692 692 -1 -1 -1 -1
-1 -1 683 -1 -1 -1 -1
-1 -1 680 680 -1 -1 -1 -1
-1 -1 366 366 366 366 -1 -1
-1 -1 366 366 366 -1 -1
-1 -1 -1 -1 -1 -1 -1
-1 -1 691 691 -1 -1 -1 -1
-1 -1 -1 -1
-1 -1 -1 -1 -1 -1 -1 -1
-1 -1 -1 -1 -1 -1 -1 -1
-1 -1 -1 -1 -1 -1 -1 -1 -1 -1 -1 -1 -1
-1 -1 -1 -1 -1 -1 -1 -1 -1
-1 -1 696 -1 -1
-1 -1 437 -1 -1 -1 -1 -1 -1 -1 -1
-1 -1 699 -1 -1 -1 -1 -1 -1 -1 -1 -1 -1 -1 -1 -1 -1
-1 -1 688 688 -1 -1 -1 -1
-1 -1 692 692 692 -1 -1 -1 -1
-1 -1 692 692 692 -1 -1
-1 -1 695 695 695 -1 -1
-1 -1 697 697 -1 -1
-1 -1 697 697 -1 -1 -1 -1 -1 -1 -1 -1 -1 -1
-1 -1 697 697 697 -1 -1 -1 -1
-1 -1 693 693 693 -1 -1 -1 -1 -1 -1
-1 -1 690 690 690 -1 -1 -1 -1 -1 -1
-1 -1 693 693 693 -1 -1
-1 -1 691 691 691 -1 -1 -1 -1
-1 -1 683 683 683 -1 -1 -1 -1
-1 -1 683 683 683 -1 -1 -1 -1
-1 -1 689 689 689 -1 -1
-1 -1 698 698 698 698
-1 -1 695 695 695 695 -1 -1
-1 -1 680 680 680 680 -1 -1
-1 -1 683 683 683 683 -1 -1
-1 -1 693 693 -1 -1
-1 -1 695 695 695 -1 -1
-1 -1 696 696 696 -1 -1 -1 -1 -1 -1
-1 -1 690 690 690 -1 -1
-1 -1 680 680 680 -1 -1 -1 -1
-1 -1 -1 -1 -1 -1 -1
-1 -1 688 688 688 -1 -1
-1 -1 699 699 -1 -1
-1 -1 688 688 688 -1 -1 -1 -1
-1 -1 691 691 -1 -1
-1 -1 699 699 -1 -1 -1 -1
-1 -1 -1 -1 -1 -1 -1
-1 -1 693 693 693 -1 -1 -1 -1
-1 -1 688 -1 -1
-1 -1 679 -1 -1
-1 -1 -1 -1 -1
-1 -1 -1 -1 -1 -1 -1 -1 -1
-1 -1 698 698 -1 -1
-1 -1 689 -1 -1 -1 -1
-1 -1 680 680 -1 -1 -1 -1
-1 -1 680 680
-1 -1 694 694 694
-1 -1 680 680 680
-1 -1 690 690
-1 -1 696 696 696
-1 -1 693 693 693
-1 -1 693 693 693
-1 -1 693 693 693
-1 -1 693 693 693
-1 -1 696 696 696 -1 -1
-1 -1 683 683 -1 -1 -1 -1
-1 -1 699 699 699 -1 -1 -1 -1
-1 -1 696 696 696 -1 -1
-1 -1 683 683 683
-1 -1 695 695 -1 -1 -1 -1 -1 -1
-1 -1 693 693 -1 -1 -1 -1
-1 -1 -1 -1 -1 -1 -1 -1
-1 -1 -1 -1 -1 -1 -1 -1
-1 -1 -1 -1 -1
-1 -1 -1 -1 -1 -1
-1 -1 -1 -1 -1 -1 -1 -1 -1 -1 -1 -1 -1 -1
-1 -1 -1 -1 -1 -1 -1 -1 -1 -1 -1 -1 -1 -1
-1 -1 -1 -1 -1 -1
-1 -1 -1 -1 -1 -1
-1 -1 -1 -1 -1 -1 -1 -1 -1
-1 -1 405 405 -1 -1 -1 -1 -1 -1
-1 -1 405 405 -1 -1 -1 -1
-1 -1 294 294 294 -1 -1 -1 -1
-1 -1 -1 -1 -1 -1 -1 -1 -1 -1 -1
-1 -1 294 294 294 -1 -1 -1 -1
-1 -1 -1 -1 -1 -1 -1 -1 -1
-1 -1 214 214 214 -1 -1 -1 -1
-1 -1 -1 -1 -1 -1 -1 -1 -1
-1 -1 -1 -1 -1 -1 -1 -1 -1
-1 -1 214 214 214 -1 -1 -1 -1
-1 -1 -1 -1 -1 -1 -1 -1 -1
-1 -1 -1 -1 -1 -1 -1 -1 -1 -1 -1 -1 -1 -1 -1 -1 -1 -1
-1 -1 -1 -1 -1 -1 -1
-1 -1 -1 -1 -1 -1 -1 -1
-1 -1 -1 -1 -1 -1 -1 -1
-1 -1 -1 -1 -1 -1 -1
-1 -1 -1 -1 -1 -1 -1
-1 -1 -1 -1 -1 -1 -1
-1 -1 -1 -1 -1 -1 -1 -1 -1 -1 -1 -1
-1 -1 405 405 -1 -1 -1 -1
-1 -1 -1 -1 -1 -1 -1 -1 -1 -1 -1 -1
-1 -1 -1 -1 -1 -1
-1 -1 -1 -1 -1 -1
-1 -1 -1 -1 -1 -1 -1 -1 -1
-1 -1 -1 -1 -1 -1 -1 -1
-1 -1 -1 -1 -1 -1
-1 -1 -1 -1 -1 -1 -1 -1 -1 -1 -1 -1
-1 -1 -1 -1 -1 -1 -1 -1 -1 -1 -1 -1 -1 -1 -1 -1 -1 -1
-1 -1 -1 -1 -1 -1 -1 -1 -1 -1 -1 -1 -1 -1 -1 -1
-1 -1 -1 -1 -1 -1 -1 -1 -1 -1 -1 -1
-1 -1 -1 -1 -1 -1 -1 -1 -1 -1 -1 -1 -1 -1
-1 -1 691 -1 -1 -1 -1
-1 -1 440 -1 -1 -1 -1 -1 -1
-1 -1 438 438 438 438 438 -1 -1 -1 -1 -1 -1
-1 -1 438 438 438 -1 -1 -1 -1 -1 -1
-1 -1 -1 -1 -1 -1 -1 -1 -1 -1 -1 -1 -1
-1 -1 -1 -1 -1 -1 -1 -1 -1 -1 -1 -1 -1 -1 -1 -1 -1
-1 -1 334 334 -1 -1 -1 -1 -1 -1 -1 -1
-1 -1 93 93 -1 -1 -1 -1 -1 -1
-1 -1 334 334 -1 -1 -1 -1 -1 -1 -1 -1
-1 -1 -1 -1 -1
-1 -1 -1 -1 -1 -1 -1
-1 -1 93 93 93 93 -1 -1
-1 -1 93 93 93 93 -1 -1
-1 -1 0 0 -1 -1 -1 -1 -1 -1 -1 -1
-1 -1 -1 -1 -1 -1 -1 -1 -1 -1 -1 -1 -1 -1 -1 -1 -1
-1 -1 -1 -1 -1 -1 -1 -1 -1 -1 -1 -1 -1 -1 -1
-1 -1 -1 -1 -1 -1 -1 -1 -1 -1 -1
-1 -1 -1 -1 -1 -1 -1 -1 -1 -1 -1 -1 -1
-1 -1 -1 -1 -1 -1 -1 -1 -1 -1 -1 -1 -1 -1 -1 -1 -1
-1 -1 -1 -1 -1 -1 -1 -1 -1 -1 -1 -1 -1 -1 -1 -1 -1 -1 -1
-1 -1 -1 -1 -1 -1 -1 -1 -1 -1 -1 -1 -1 -1 -1 -1 -1
-1 -1 -1 -1 -1 -1 -1 -1 -1 -1 -1 -1 -1 -1 -1
-1 -1 -1 -1 -1 -1 -1 -1 -1 -1 -1 -1 -1
-1 -1 -1 -1 -1 -1 -1
-1 -1 -1 -1 -1 -1 -1 -1
-1 -1 -1 -1 -1 -1 -1 -1 -1 -1
-1 -1 -1 -1 -1 -1 -1 -1
-1 -1 -1 -1 -1 -1 -1
-1 -1 185 185 185 -1 -1 -1 -1 -1 -1 -1 -1
-1 -1 185 185 185 -1 -1 -1 -1 -1 -1 -1 -1
-1 -1 185 185 185 -1 -1 -1 -1 -1 -1 -1 -1
-1 -1 185 185 185 -1 -1 -1 -1 -1 -1 -1 -1
-1 -1 -1 -1 -1 -1 -1 -1 -1 -1
-1 -1 0 0 -1 -1 -1 -1 -1 -1 -1 -1
-1 -1 268 268 -1 -1 -1 -1 -1 -1 -1 -1
-1 -1 268 268 -1 -1 -1 -1 -1 -1 -1 -1
-1 -1 -1 -1 -1 -1 -1 -1 -1 -1 -1
-1 -1 -1 -1 -1 -1 -1 -1 -1 -1 -1 -1 -1
-1 -1 -1 -1 -1 -1 -1 -1 -1 -1 -1 -1 -1
-1 -1 -1 -1 -1 -1 -1 -1 -1 -1 -1
-1 -1 -1 -1 -1 -1 -1
-1 -1 -1 -1 -1 -1 -1 -1 -1
-1 -1 -1 -1 -1 -1 -1
-1 -1 667 -1 -1
-1 -1 696 696 696 696 -1 -1 -1 -1
-1 -1 696 696 696 696
-1 -1 -1 -1 -1 -1 -1 -1 -1 -1
-1 -1 695 -1 -1 -1 -1
-1 -1 65 65 65 -1 -1 -1 -1 -1 -1
-1 -1 65 65 65 -1 -1 -1 -1 -1 -1
-1 -1 696 696 -1 -1 -1 -1
-1 -1 690 690 -1 -1 -1 -1
-1 -1 698 -1 -1 -1 -1
-1 -1 680 -1 -1 -1 -1
-1 -1 -1 -1 -1
-1 -1 -1 -1 -1 -1
-1 -1 -1 -1 -1 -1 -1 -1 -1 -1
-1 -1 566 566
-1 -1 610 610 -1 -1 -1 -1
-1 -1 610 610 -1 -1 -1 -1 -1 -1
-1 -1 566 566 566
-1 -1 566 566 -1 -1 -1 -1 -1 -1
-1 -1 566 566 -1 -1 -1 -1 -1 -1
-1 -1 566 566 -1 -1 -1 -1 -1 -1 -1 -1
-1 -1 566 566 -1 -1 -1 -1
-1 -1 566 566 -1 -1 -1 -1
-1 -1 566 566 -1 -1 -1 -1 -1 -1
-1 -1 566 566 -1 -1
-1 -1 566 566 -1 -1
-1 -1 566 566 -1 -1
-1 -1 566 566 -1 -1
-1 -1 566 566 -1 -1
-1 -1 566 566 -1 -1
-1 -1 -1 -1 -1 -1 -1 -1
-1 -1 614 -1 -1 -1 -1 -1 -1 -1 -1 -1 -1
-1 -1 691 691 691 -1 -1 -1 -1
-1 -1 688 688 688 688
-1 -1 688 688 688 688
-1 -1 693 693 693
-1 -1 -1 -1 -1 -1 -1
-1 -1 696 696 -1 -1
-1 -1 600 -1 -1
-1 -1 694 -1 -1
-1 -1 693 -1 -1
-1 -1 42 -1 -1 -1 -1 -1 -1 -1 -1 -1 -1
-1 -1 688 -1 -1 -1 -1
-1 -1 637 637 -1 -1 -1 -1
-1 -1 637 637
-1 -1 637 637 637 637
-1 -1 -1 -1
-1 -1 692 692
-1 -1 688 688
-1 -1 680 680
-1 -1 679 679 -1 -1
-1 -1 690 690 -1 -1
-1 -1 693 693
-1 -1 690 690
-1 -1 708 708 -1 -1
-1 -1 -1 -1
-1 -1 -1 -1
-1 -1 -1 -1
-1 -1 696 696 -1 -1
-1 -1 698 698 -1 -1
-1 -1 47 47
-1 -1 708 708 -1 -1
-1 -1 688 688
-1 -1 -1 -1 -1 -1 -1 -1
-1 -1 637 637 -1 -1
-1 -1 -1 -1 -1 -1 -1 -1
-1 -1 -1 -1 -1 -1 -1 -1
-1 -1 -1 -1 -1 -1 -1 -1 -1 -1 -1 -1
-1 -1 680 680 -1 -1
-1 -1 694 694 -1 -1
-1 -1 693 693 -1 -1
-1 -1 -1 -1 -1 -1 -1 -1
-1 -1 -1 -1
-1 -1 692 692 -1 -1
-1 -1 637 637 -1 -1
-1 -1 -1 -1
-1 -1 -1 -1 -1 -1
-1 -1 -1 -1
-1 -1 679 679 -1 -1 -1 -1 -1 -1 -1 -1 -1 -1
-1 -1 683 683 -1 -1 -1 -1 -1 -1
-1 -1 -1 -1 -1
-1 -1 691 691 691 -1 -1 -1 -1 -1 -1 -1 -1 -1 -1
-1 -1 698 698 -1 -1 -1 -1 -1 -1 -1 -1 -1 -1
-1 -1 679 679 -1 -1 -1 -1
-1 -1 -1 -1 -1 -1 -1 -1 -1 -1 -1 -1 -1 -1 -1
-1 -1 688 688 -1 -1 -1 -1 -1 -1 -1 -1 -1 -1
-1 -1 695 695 -1 -1 -1 -1 -1 -1 -1 -1
-1 -1 533 -1 -1
-1 -1 697 697 -1 -1 -1 -1
-1 -1 -1 -1 -1
-1 -1 -1 -1 -1 -1
-1 -1 696 696 696 -1 -1
-1 -1 -1 -1 -1 -1
-1 -1 694 694 -1 -1 -1 -1 -1 -1 -1 -1 -1 -1 -1 -1
-1 -1 692 692 -1 -1 -1 -1
-1 -1 688 688 -1 -1 -1 -1
-1 -1 374 -1 -1
-1 -1 697 697 697 -1 -1
-1 -1 697 697 697 -1 -1
-1 -1 679 -1 -1
-1 -1 683 -1 -1 -1 -1 -1 -1
-1 -1 697 -1 -1
-1 -1 690 -1 -1
-1 -1 693 -1 -1
-1 -1 683 -1 -1 -1 -1 -1 -1
-1 -1 697 -1 -1 -1 -1
-1 -1 698 -1 -1
-1 -1 693 -1 -1
-1 -1 679 679 -1 -1 -1 -1 -1 -1
-1 -1 -1 -1 -1 -1 -1 -1
-1 -1 338 338 338 -1 -1 -1 -1
-1 -1 -1 -1 -1 -1 -1 -1
-1 -1 689 -1 -1 -1 -1 -1 -1
-1 -1 680 -1 -1
-1 -1 698 698 698
-1 -1 683 683 683
-1 -1 692 -1 -1
-1 -1 -1 -1 -1
-1 -1 691 -1 -1 -1 -1
-1 -1 696 -1 -1 -1 -1
-1 -1 691 -1 -1 -1 -1
-1 -1 688 -1 -1 -1 -1 -1 -1
-1 -1 546 -1 -1
-1 -1 603 603 603 -1 -1
-1 -1 603 603 603 -1 -1
-1 -1 56 56 -1 -1
-1 -1 56 56
-1 -1 563 563 563 563
-1 -1 690 690 -1 -1
-1 -1 -1 -1 -1 -1 -1
-1 -1 -1 -1 -1 -1 -1
-1 -1 691 691 -1 -1
-1 -1 696 696 696 -1 -1
-1 -1 680 680 -1 -1
-1 -1 -1 -1 -1 -1 -1
-1 -1 563 563 563 563 -1 -1 -1 -1 -1 -1 -1 -1 -1 -1
-1 -1 -1 -1 -1 -1 -1 -1 -1 -1 -1 -1 -1 -1 -1 -1 -1 -1
-1 -1 683 683
-1 -1 -1 -1 -1 -1
-1 -1 -1 -1
-1 -1 562 562 562
-1 -1 683 683 683 -1 -1 -1 -1
-1 -1 688 688 688 -1 -1
-1 -1 696 696 696 -1 -1
-1 -1 683 683 683 683 -1 -1
-1 -1 237 237 237 -1 -1
-1 -1 693 -1 -1 -1 -1 -1 -1 -1 -1 -1 -1 -1 -1 -1 -1
-1 -1 689 -1 -1 -1 -1 -1 -1 -1 -1 -1 -1 -1 -1 -1 -1
-1 -1 695 -1 -1 -1 -1
-1 -1 698 698 -1 -1
-1 -1 690 -1 -1
-1 -1 382 382 -1 -1 -1 -1 -1 -1
-1 -1 636 636 636 -1 -1 -1 -1
-1 -1 636 636 636 -1 -1 -1 -1 -1 -1 -1 -1 -1 -1
-1 -1 636 636 636 -1 -1 -1 -1 -1 -1 -1 -1 -1 -1
-1 -1 -1 -1 -1 -1 -1 -1 -1
-1 -1 679 679 -1 -1
-1 -1 533 533 -1 -1 -1 -1 -1 -1
-1 -1 697 697 697 -1 -1
-1 -1 679 679 -1 -1
-1 -1 549 549 -1 -1 -1 -1 -1 -1
-1 -1 693 693 693 -1 -1 -1 -1
-1 -1 689 689 689 -1 -1 -1 -1 -1 -1 -1 -1
-1 -1 695 695 -1 -1 -1 -1 -1 -1
-1 -1 681 681 681 -1 -1 -1 -1 -1 -1
-1 -1 691 691 -1 -1 -1 -1 -1 -1
-1 -1 683 683 683 -1 -1
-1 -1 689 689 -1 -1 -1 -1
-1 -1 679 679 -1 -1 -1 -1 -1 -1
-1 -1 -1 -1 -1 -1 -1 -1 -1 -1 -1 -1
-1 -1 689 689 -1 -1 -1 -1 -1 -1 -1 -1 -1 -1 -1 -1
-1 -1 690 690 -1 -1 -1 -1 -1 -1 -1 -1 -1 -1
-1 -1 683 683 -1 -1 -1 -1 -1 -1 -1 -1
-1 -1 690 690 -1 -1 -1 -1 -1 -1 -1 -1 -1 -1 -1 -1
-1 -1 698 698 698 -1 -1
-1 -1 569 569 569 -1 -1
-1 -1 690 690 690 -1 -1 -1 -1 -1 -1 -1 -1
-1 -1 -1 -1 -1 -1 -1 -1
-1 -1 680 680 -1 -1
-1 -1 691 -1 -1 -1 -1
-1 -1 382 -1 -1
-1 -1 697 -1 -1 -1 -1 -1 -1
-1 -1 679 -1 -1 -1 -1 -1 -1
-1 -1 680 -1 -1 -1 -1
-1 -1 -1 -1 -1 -1
-1 -1 662 662 -1 -1
-1 -1 -1 -1 -1 -1 -1
-1 -1 702 702 702 -1 -1
-1 -1 662 662 -1 -1 -1 -1 -1 -1
-1 -1 662 662 662 -1 -1
-1 -1 -1 -1
-1 -1 -1 -1
-1 -1 702 702 702 702 -1 -1
-1 -1 702 702 702 702 -1 -1
-1 -1 690 -1 -1 -1 -1
-1 -1 -1 -1 -1 -1 -1 -1 -1
-1 -1 -1 -1 -1 -1 -1 -1 -1 -1 -1
-1 -1 -1 -1 -1 -1 -1 -1 -1 -1 -1 -1 -1 -1 -1 -1
-1 -1 696 696 -1 -1 -1 -1 -1 -1 -1 -1
-1 -1 693 693 -1 -1 -1 -1 -1 -1 -1 -1 -1 -1 -1 -1 -1 -1
-1 -1 690 690 690 -1 -1 -1 -1
-1 -1 -1 -1 -1 -1 -1 -1
-1 -1 689 689 689 -1 -1
-1 -1 678 678 678 -1 -1
-1 -1 678 678 678 -1 -1
-1 -1 696 696 696 -1 -1 -1 -1 -1 -1
-1 -1 680 680 680 -1 -1 -1 -1 -1 -1 -1 -1
-1 -1 679 679 679 -1 -1 -1 -1
-1 -1 688 688 688 -1 -1 -1 -1 -1 -1 -1 -1
-1 -1 683 683 683 -1 -1 -1 -1
-1 -1 689 689 689 -1 -1 -1 -1
-1 -1 689 689 689 -1 -1 -1 -1 -1 -1
-1 -1 688 688 688 -1 -1 -1 -1
-1 -1 690 690 690 -1 -1 -1 -1 -1 -1
-1 -1 698 698 698 -1 -1 -1 -1
-1 -1 697 697 -1 -1
-1 -1 695 695 -1 -1 -1 -1 -1 -1 -1 -1 -1 -1 -1 -1
-1 -1 696 696 -1 -1 -1 -1 -1 -1
-1 -1 692 -1 -1
-1 -1 680 680 -1 -1 -1 -1 -1 -1 -1 -1
-1 -1 545 545 -1 -1 -1 -1 -1 -1 -1 -1
-1 -1 691 691 -1 -1 -1 -1 -1 -1 -1 -1
-1 -1 -1 -1 -1 -1 -1 -1
-1 -1 692 692 -1 -1 -1 -1 -1 -1 -1 -1
-1 -1 -1 -1 -1 -1
-1 -1 681 681 -1 -1 -1 -1
-1 -1 690 690 690 -1 -1 -1 -1 -1 -1
-1 -1 695 -1 -1 -1 -1
-1 -1 680 -1 -1 -1 -1
-1 -1 89 -1 -1 -1 -1 -1 -1 -1 -1
-1 -1 683 683 683 -1 -1 -1 -1
-1 -1 228 228 228 228 -1 -1
-1 -1 228 228 228 228 -1 -1 -1 -1
-1 -1 667 667 667 667 -1 -1 -1 -1 -1 -1 -1 -1
-1 -1 399 399 399 -1 -1 -1 -1 -1 -1 -1 -1
-1 -1 399 399 399 -1 -1 -1 -1 -1 -1 -1 -1
-1 -1 399 399 399 -1 -1 -1 -1
-1 -1 399 399 399 -1 -1
-1 -1 688 688 688 -1 -1 -1 -1 -1 -1
-1 -1 698 698 698 -1 -1 -1 -1 -1 -1
-1 -1 681 681 681 681 -1 -1
-1 -1 399 399 399
-1 -1 -1 -1 -1 -1 -1
-1 -1 228 228 228 -1 -1 -1 -1 -1 -1 -1 -1 -1 -1 -1 -1
-1 -1 695 695 -1 -1 -1 -1 -1 -1 -1 -1 -1 -1
-1 -1 696 696 696 -1 -1 -1 -1
-1 -1 695 695 695 -1 -1 -1 -1 -1 -1
-1 -1 697 697 697 697 -1 -1 -1 -1
-1 -1 688 688 688 -1 -1 -1 -1 -1 -1
-1 -1 698 698 698 -1 -1 -1 -1 -1 -1 -1 -1 -1 -1 -1 -1
-1 -1 -1 -1 -1 -1 -1 -1 -1 -1
-1 -1 -1 -1 -1 -1 -1 -1 -1 -1 -1
-1 -1 698 698 698 -1 -1 -1 -1 -1 -1 -1 -1
-1 -1 679 679 679 -1 -1 -1 -1 -1 -1 -1 -1
-1 -1 683 683 683 -1 -1 -1 -1 -1 -1 -1 -1 -1 -1
-1 -1 691 691 691 -1 -1 -1 -1
-1 -1 164 164 164 -1 -1
-1 -1 399 399 399 -1 -1 -1 -1 -1 -1
-1 -1 -1 -1 -1 -1 -1
-1 -1 -1 -1 -1 -1 -1
-1 -1 549 549 -1 -1 -1 -1
-1 -1 680 -1 -1
-1 -1 697 -1 -1 -1 -1 -1 -1
-1 -1 698 -1 -1
-1 -1 698 -1 -1 -1 -1 -1 -1
-1 -1 683 -1 -1
-1 -1 658 -1 -1 -1 -1
-1 -1 680 -1 -1 -1 -1
-1 -1 696 -1 -1 -1 -1 -1 -1
-1 -1 690 -1 -1 -1 -1 -1 -1
-1 -1 698 -1 -1 -1 -1
-1 -1 692 -1 -1 -1 -1 -1 -1
-1 -1 -1 -1 -1 -1 -1
-1 -1 680 -1 -1 -1 -1
-1 -1 -1 -1 -1
-1 -1 690 -1 -1 -1 -1 -1 -1
-1 -1 689 -1 -1 -1 -1 -1 -1
-1 -1 89 -1 -1 -1 -1 -1 -1 -1 -1
-1 -1 689 -1 -1 -1 -1 -1 -1
-1 -1 680 -1 -1 -1 -1
-1 -1 689 -1 -1
-1 -1 679 -1 -1
-1 -1 680 -1 -1 -1 -1 -1 -1
-1 -1 680 680 -1 -1 -1 -1 -1 -1 -1 -1 -1 -1
-1 -1 679 679 -1 -1 -1 -1 -1 -1 -1 -1
-1 -1 690 690 -1 -1 -1 -1 -1 -1 -1 -1
-1 -1 680 -1 -1 -1 -1 -1 -1
-1 -1 683 -1 -1 -1 -1
-1 -1 683 683 683 683
-1 -1 440 -1 -1 -1 -1
-1 -1 679 -1 -1 -1 -1
-1 -1 -1 -1 -1 -1 -1 -1 -1 -1 -1 -1
-1 -1 695 -1 -1 -1 -1
-1 -1 -1 -1 -1
-1 -1 444 444 444 -1 -1
-1 -1 -1 -1 -1 -1 -1
-1 -1 444 444 444 -1 -1
-1 -1 -1 -1 -1 -1 -1
-1 -1 -1 -1 -1 -1 -1 -1 -1
-1 -1 383 383 383
-1 -1 383 383 383 -1 -1
-1 -1 -1 -1 -1 -1 -1
-1 -1 383 383 -1 -1 -1 -1
-1 -1 444 444 444 -1 -1
-1 -1 237 237 -1 -1 -1 -1
-1 -1 237 237 237 -1 -1
-1 -1 683
-1 -1 680
-1 -1 189 189 189 -1 -1
-1 -1 189 189 -1 -1
-1 -1 -1 -1 -1 -1 -1 -1 -1
-1 -1 696 696 -1 -1 -1 -1
-1 -1 683 -1 -1 -1 -1
-1 -1 295 -1 -1 -1 -1
-1 -1 695 -1 -1
-1 -1 695 -1 -1
-1 -1 295 -1 -1 -1 -1
-1 -1 -1 -1 -1
-1 -1 -1 -1 -1 -1 -1
-1 -1 594 -1 -1
-1 -1 683 -1 -1 -1 -1
-1 -1 697 -1 -1 -1 -1
-1 -1 667 -1 -1 -1 -1
-1 -1 628 -1 -1
-1 -1 697 -1 -1
-1 -1 237 -1 -1
-1 -1 295 -1 -1 -1 -1
-1 -1 315 315 -1 -1
-1 -1 315 315 -1 -1
-1 -1 596 596 -1 -1
-1 -1 -1 -1 -1 -1 -1 -1
-1 -1 496 496 -1 -1 -1 -1
-1 -1 704 704 -1 -1 -1 -1
-1 -1 -1 -1 -1 -1 -1 -1
-1 -1 -1 -1 -1 -1 -1 -1 -1 -1 -1 -1
-1 -1 683 683 683 683 -1 -1
-1 -1 679 679 679 679 -1 -1
-1 -1 151 151 -1 -1 -1 -1
-1 -1 -1 -1 -1 -1 -1 -1
-1 -1 -1 -1 -1 -1
-1 -1 -1 -1 -1 -1 -1
-1 -1 151 151 -1 -1 -1 -1
-1 -1 -1 -1 -1 -1 -1 -1
-1 -1 683 683 -1 -1
-1 -1 151 151 -1 -1 -1 -1
-1 -1 -1 -1 -1 -1 -1 -1
-1 -1 -1 -1 -1 -1
-1 -1 -1 -1 -1 -1
-1 -1 496 496 -1 -1 -1 -1
-1 -1 507 507 -1 -1 -1 -1
-1 -1 679 679 -1 -1 -1 -1
-1 -1 704 704 704 -1 -1 -1 -1
-1 -1 -1 -1 -1 -1 -1 -1
-1 -1 -1 -1 -1 -1 -1 -1
-1 -1 496 496 -1 -1 -1 -1
-1 -1 683 683 -1 -1 -1 -1 -1 -1
-1 -1 690 -1 -1 -1 -1 -1 -1
-1 -1 697 -1 -1
-1 -1 691 -1 -1 -1 -1
-1 -1 415 -1 -1 -1 -1
-1 -1 -1 -1 -1 -1 -1 -1 -1
-1 -1 -1 -1 -1 -1 -1
-1 -1 -1 -1 -1 -1 -1
-1 -1 -1 -1 -1 -1 -1 -1 -1
-1 -1 -1 -1 -1 -1 -1
-1 -1 -1 -1 -1 -1 -1 -1 -1
-1 -1 651 651 651 -1 -1 -1 -1
-1 -1 386 386 386 386 386
-1 -1 207 207 207 207
-1 -1 -1 -1 -1 -1
-1 -1 207 207 207 207 -1 -1
-1 -1 -1 -1 -1 -1 -1 -1 -1 -1
-1 -1 386 386 386 386 -1 -1
-1 -1 386 386 386 386 386 -1 -1
-1 -1 651 651 651 -1 -1 -1 -1
-1 -1 651 651 651 -1 -1 -1 -1
-1 -1 696 -1 -1 -1 -1 -1 -1 -1 -1
-1 -1 446 446 -1 -1 -1 -1 -1 -1
-1 -1 446 446 -1 -1 -1 -1
-1 -1 446 446 -1 -1 -1 -1 -1 -1
-1 -1 446 446 -1 -1 -1 -1 -1 -1 -1 -1
-1 -1 446 446 -1 -1 -1 -1
-1 -1 384 384 384 384 -1 -1
-1 -1 384 384 384 -1 -1 -1 -1 -1 -1
-1 -1 384 384 384 -1 -1 -1 -1 -1 -1
-1 -1 384 384 384 384 -1 -1 -1 -1 -1 -1
-1 -1 109 109 109 -1 -1 -1 -1 -1 -1 -1 -1 -1 -1
-1 -1 288 288 288 -1 -1 -1 -1 -1 -1 -1 -1
-1 -1 497 497 497 497 -1 -1 -1 -1 -1 -1
-1 -1 109 109 109 -1 -1 -1 -1 -1 -1 -1 -1
-1 -1 384 384 384 -1 -1 -1 -1 -1 -1
-1 -1 497 497 497 497 -1 -1
-1 -1 337 337 337 -1 -1 -1 -1 -1 -1 -1 -1
-1 -1 288 288 288 -1 -1 -1 -1 -1 -1 -1 -1
-1 -1 337 337 337 -1 -1 -1 -1 -1 -1 -1 -1
-1 -1 497 497 497 -1 -1 -1 -1
-1 -1 82 82 82 -1 -1
-1 -1 410 410 410 410 410 -1 -1
-1 -1 410 410 410 410 410 -1 -1
-1 -1 410 410 410 410 410 -1 -1
-1 -1 82 82 82 82 -1 -1
-1 -1 -1 -1 -1 -1 -1 -1 -1 -1 -1 -1 -1 -1
-1 -1 -1 -1 -1 -1 -1 -1 -1 -1
-1 -1 363 363 363 363 -1 -1 -1 -1
-1 -1 363 363 363 -1 -1
-1 -1 -1 -1 -1 -1 -1
-1 -1 -1 -1 -1 -1 -1 -1 -1 -1
-1 -1 -1 -1 -1 -1 -1 -1 -1 -1 -1 -1
-1 -1 -1 -1 -1 -1 -1 -1 -1 -1 -1
-1 -1 -1 -1 -1 -1 -1 -1 -1 -1
-1 -1 -1 -1 -1 -1 -1 -1 -1 -1 -1 -1
-1 -1 279 279 279 279 279 279 -1 -1 -1 -1
-1 -1 -1 -1 -1 -1 -1 -1 -1 -1 -1 -1
-1 -1 -1 -1 -1 -1 -1 -1 -1 -1 -1
-1 -1 -1 -1 -1 -1 -1 -1 -1
-1 -1 -1 -1 -1 -1 -1 -1 -1 -1 -1
-1 -1 279 279 279 279 279 279 -1 -1 -1 -1
-1 -1 -1 -1 -1 -1 -1 -1 -1 -1 -1 -1
-1 -1 -1 -1 -1 -1 -1 -1 -1
-1 -1 -1 -1
-1 -1 -1 -1
-1 -1 -1 -1
-1 -1 -1 -1
-1 -1 -1 -1
-1 -1 -1 -1
-1 -1 -1 -1
-1 -1 -1 -1
-1 -1 -1 -1
-1 -1 -1 -1
-1 -1 697 -1 -1
-1 -1 -1 -1 -1
-1 -1 -1 -1
-1 -1 -1 -1 -1 -1
-1 -1 -1 -1 -1 -1
-1 -1 -1 -1 -1 -1 -1
-1 -1 -1 -1 -1 -1
-1 -1 -1 -1 -1 -1 -1 -1 -1 -1 -1
-1 -1 -1 -1 -1 -1
-1 -1 -1 -1
-1 -1 -1 -1
-1 -1 -1 -1 -1 -1
-1 -1 -1 -1 -1 -1
-1 -1 -1 -1 -1 -1 -1 -1
-1 -1 -1 -1 -1 -1 -1 -1 -1 -1
-1 -1 -1 -1 -1 -1 -1 -1 -1 -1 -1
-1 -1 -1 -1 -1 -1
-1 -1 -1 -1 -1 -1
-1 -1 -1 -1 -1 -1 -1 -1 -1 -1 -1 -1 -1
-1 -1 -1 -1 -1 -1 -1 -1
-1 -1 -1 -1 -1 -1
-1 -1 -1 -1 -1 -1
-1 -1 -1 -1 -1 -1 -1 -1
-1 -1 -1 -1 -1 -1 -1 -1
-1 -1 -1 -1 -1 -1 -1 -1 -1 -1 -1 -1 -1 -1 -1 -1
-1 -1 -1 -1 -1 -1 -1 -1 -1 -1 -1 -1 -1
-1 -1 -1 -1 -1 -1 -1 -1
-1 -1 -1 -1 -1 -1 -1 -1
-1 -1 135 135 -1 -1
-1 -1 -1 -1 -1 -1 -1 -1 -1
-1 -1 -1 -1 -1 -1 -1 -1 -1 -1 -1
-1 -1 72 72 -1 -1
-1 -1 72 72 -1 -1 -1 -1
-1 -1 -1 -1 -1 -1 -1 -1
-1 -1 -1 -1 -1 -1 -1 -1
-1 -1 135 135 -1 -1
-1 -1 135 135 -1 -1
-1 -1 100 100 100 -1 -1
-1 -1 100 100 -1 -1 -1 -1 -1 -1
-1 -1 -1 -1 -1 -1 -1 -1 -1
-1 -1 -1 -1 -1 -1 -1 -1
-1 -1 -1 -1 -1 -1 -1 -1
-1 -1 -1 -1 -1 -1
-1 -1 -1 -1 -1 -1 -1 -1 -1 -1
-1 -1 -1 -1 -1 -1 -1 -1 -1 -1
-1 -1 -1 -1 -1 -1 -1 -1 -1
-1 -1 -1 -1 -1 -1 -1 -1 -1 -1 -1 -1
-1 -1 -1 -1 -1 -1 -1 -1
-1 -1 -1 -1 -1 -1 -1 -1 -1 -1
-1 -1 -1 -1 -1 -1 -1 -1 -1 -1 -1
-1 -1 -1 -1 -1 -1 -1 -1
-1 -1 -1 -1 -1 -1 -1 -1
-1 -1 -1 -1 -1 -1
-1 -1 698 698 698
-1 -1 -1 -1 -1
-1 -1 691 691
-1 -1 506 506 -1 -1
-1 -1 506 506 506 -1 -1
-1 -1 506 506 506 -1 -1
-1 -1 506 506 506 -1 -1
-1 -1 506 506 506 -1 -1
-1 -1 506 506 506 -1 -1
-1 -1 506 506 506 -1 -1 -1 -1 -1 -1
-1 -1 506 506 506 -1 -1 -1 -1
-1 -1 506 506 -1 -1
-1 -1 506 506 -1 -1
-1 -1 -1 -1 -1 -1 -1
-1 -1 -1 -1 -1 -1 -1 -1
-1 -1 -1 -1 -1 -1 -1 -1 -1
-1 -1 -1
-1 -1 -1 -1 -1 -1
-1 -1 -1 -1 -1 -1
-1 -1 -1 -1 -1 -1 -1 -1
-1 -1 -1 -1 -1
-1 -1 -1 -1 -1 -1 -1 -1 -1
-1 -1 -1 -1 -1 -1 -1 -1 -1
-1 -1 625 625 625 -1 -1 -1 -1
-1 -1 625 625 625 -1 -1 -1 -1
-1 -1 -1 -1 -1 -1 -1
-1 -1 -1 -1 -1
-1 -1 -1 -1 -1 -1
-1 -1 -1 -1 -1 -1 -1 -1
-1 -1 -1 -1 -1 -1 -1
-1 -1 -1 -1 -1 -1 -1 -1
-1 -1 -1 -1 -1 -1 -1 -1
-1 -1 -1 -1 -1 -1 -1
-1 -1 -1 -1 -1 -1 -1 -1 -1
-1 -1 -1 -1 -1 -1 -1 -1 -1
-1 -1 -1 -1 -1 -1 -1 -1
-1 -1 -1 -1 -1 -1 -1 -1
-1 -1 -1 -1
-1 -1 -1 -1
-1 -1 -1 -1 -1 -1
-1 -1 -1 -1 -1 -1
-1 -1 -1 -1 -1 -1
-1 -1 -1 -1 -1 -1 -1 -1 -1 -1 -1 -1
-1 -1 604
-1 -1 604
-1 -1 604
-1 -1 604
-1 -1 -1 -1
-1 -1 308 308
-1 -1 308
-1 -1 -1 -1
-1 -1 640 -1 -1
-1 -1 535 535 -1 -1
-1 -1 -1 -1 -1
-1 -1 -1 -1 -1 -1 -1
-1 -1 640 -1 -1 -1 -1
-1 -1 640 -1 -1
-1 -1 640 -1 -1 -1 -1
-1 -1 308 308
-1 -1 -1 -1 -1 -1 -1 -1
-1 -1 640 640 -1 -1 -1 -1 -1 -1 -1 -1 -1 -1
-1 -1 640 640 -1 -1 -1 -1 -1 -1 -1 -1 -1 -1
-1 -1 640 640 -1 -1 -1 -1 -1 -1
-1 -1 640 640
-1 -1 640 640
-1 -1 640 640 640
-1 -1 640 -1 -1
-1 -1 640 -1 -1 -1 -1 -1 -1
-1 -1 640 640 -1 -1
-1 -1 640 640 -1 -1 -1 -1
-1 -1 535 535 -1 -1
-1 -1 640 640
-1 -1 640 640
-1 -1 535 535 -1 -1 -1 -1
-1 -1 706 -1 -1 -1 -1
-1 -1 706 706 706 -1 -1
-1 -1 660 -1 -1
-1 -1 660 -1 -1 -1 -1
-1 -1 12 12 -1 -1
-1 -1 12 12
-1 -1 660 660
-1 -1 706 706 706
-1 -1 660 660 660
-1 -1 148 148 148
-1 -1 190 190
-1 -1 190 190 190
-1 -1 190 190 190
-1 -1 23 23 23
-1 -1 23 23
-1 -1 59 59 -1 -1
-1 -1 59 59 -1 -1
-1 -1 660 660
-1 -1 660 660 660
-1 -1 -1 -1 -1
-1 -1 706 706 -1 -1
-1 -1 706 706 -1 -1
-1 -1 660 660 660
-1 -1 148 148 148
-1 -1 706 706 706
-1 -1 706 706 706 706 -1 -1 -1 -1
-1 -1 141 141 -1 -1
-1 -1 141 141 -1 -1
-1 -1 141 141 -1 -1
-1 -1 699 699 -1 -1
-1 -1 660 660
-1 -1 697 697
-1 -1 545 545
-1 -1 437 437 -1 -1
-1 -1 437 437
-1 -1 696 696
-1 -1 661 661
-1 -1 660 660
-1 -1 683 683 683 -1 -1
-1 -1 661 661 661
-1 -1 367 367 -1 -1
-1 -1 367 367 367 -1 -1
-1 -1 706 706 706 706 -1 -1 -1 -1
-1 -1 660 660
-1 -1 693
-1 -1 689 -1 -1
-1 -1 698 -1 -1 -1 -1
-1 -1 696 696
-1 -1 698 698 698
-1 -1 690 690
-1 -1 -1 -1
-1 -1 693 693
-1 -1 680 680
-1 -1 695 695
-1 -1 689 689
-1 -1 695
-1 -1 698 698
-1 -1 660 -1 -1
-1 -1 683 -1 -1 -1 -1
-1 -1 679 -1 -1
-1 -1 693 693 -1 -1
-1 -1 607 607
-1 -1 698 698
-1 -1 691
-1 -1 443 443 443
-1 -1 443 443 443
-1 -1 607 607
-1 -1 607 607 607
-1 -1 576 576 576
-1 -1 607 607
-1 -1 576 576 576
-1 -1 694 694 694 694
-1 -1 690 690 690 690 690
-1 -1 692 692
-1 -1 576 576 576
-1 -1 443 443 443
-1 -1 680 680 680
-1 -1 576 576
-1 -1 687 687
-1 -1 443 443
-1 -1 607 607
-1 -1 607 607 607
-1 -1 687 687
-1 -1 695 695
-1 -1 660 -1 -1 -1 -1
-1 -1 660 -1 -1 -1 -1 -1 -1
-1 -1 660 660 660
-1 -1 706 706
-1 -1 706 706
-1 -1 690 -1 -1 -1 -1
-1 -1 679 679 -1 -1 -1 -1
-1 -1 660 660
-1 -1 660 660
-1 -1 660 660
-1 -1 49 49
-1 -1 162 162
-1 -1 162 162
-1 -1 162 162
-1 -1 49 49
-1 -1 660 660
-1 -1 660 -1 -1
-1 -1 660 -1 -1 -1 -1
-1 -1 412 412
-1 -1 660 -1 -1 -1 -1
-1 -1 -1 -1 -1 -1 -1 -1 -1
-1 -1 676 676
-1 -1 676 676 676
-1 -1 676 676 676
-1 -1 412 412 412
-1 -1 -1 -1
-1 -1 412 412
-1 -1 412 412
-1 -1 412 412 412 412
-1 -1 412 412
-1 -1 412 412 412 412
-1 -1 587 587
-1 -1 -1
-1 -1 587 -1 -1 -1 -1 -1 -1
-1 -1 706 706 706
-1 -1 706 706 706
-1 -1 706 706
-1 -1 706 706
-1 -1 706 706 -1 -1
-1 -1 706 706
-1 -1 706 706
-1 -1 706 706
-1 -1 706 706
-1 -1 706 706
-1 -1 706 706 -1 -1
-1 -1 706 706 -1 -1 -1 -1
-1 -1 679 679
-1 -1 -1
-1 -1 587 587
-1 -1 546
-1 -1 546 -1 -1
-1 -1 -1 -1 -1 -1 -1 -1
-1 -1 -1 -1 -1 -1 -1 -1 -1 -1 -1 -1 -1 -1 -1
-1 -1 -1 -1 -1 -1 -1 -1 -1 -1 -1 -1 -1
-1 -1 -1 -1 -1 -1 -1
-1 -1 -1 -1 -1 -1 -1
-1 -1 -1 -1 -1 -1 -1 -1 -1 -1 -1 -1 -1 -1 -1
-1 -1 -1
-1 -1 -1
-1 -1 -1 -1 -1 -1 -1 -1 -1
-1 -1 -1 -1 -1 -1 -1 -1 -1 -1 -1 -1
-1 -1 -1 -1 -1 -1 -1 -1 -1 -1
-1 -1 -1 -1 -1 -1
-1 -1 -1 -1 -1
-1 -1 -1 -1 -1
-1 -1 -1 -1 -1
-1 -1 -1 -1 -1 -1
-1 -1 -1 -1 -1 -1
-1 -1 -1 -1 -1 -1 -1 -1 -1
-1 -1 -1 -1 -1
-1 -1 -1 -1 -1
-1 -1 -1 -1 -1 -1 -1 -1
-1 -1 -1
-1 -1 -1 -1 -1 -1
-1 -1 -1 -1 -1 -1
-1 -1 -1 -1 -1 -1
-1 -1 -1
-1 -1 -1 -1
-1 -1 -1
-1 -1 -1 -1 -1 -1 -1 -1 -1 -1
-1 -1 -1 -1 -1 -1 -1 -1 -1 -1
-1 -1 -1
-1 -1 -1
-1 -1 -1
-1 -1 -1 -1
-1 -1 -1
-1 -1
-1 -1 -1 -1
-1 -1 -1 -1 -1 -1 -1 -1
-1 -1 -1 -1
-1 -1 -1 -1
-1 -1 -1 -1 -1 -1 -1 -1 -1
-1 -1 -1 -1 -1 -1 -1
-1 -1 -1 -1 -1 -1 -1
-1 -1 -1 -1 -1 -1
-1 -1 -1 -1
-1 -1 -1 -1
-1 -1 -1 -1
-1 -1 -1 -1 -1 -1
-1 -1 -1 -1 -1 -1 -1 -1 -1 -1 -1 -1
-1 -1 -1 -1 -1 -1
-1 -1 -1 -1 -1 -1 -1 -1
-1 -1 -1 -1 -1 -1 -1 -1 -1 -1 -1
-1 -1 -1 -1
-1 -1 -1 -1
-1 -1 -1 -1 -1 -1
-1 -1 -1 -1 -1
-1 -1 -1 -1 -1 -1 -1 -1 -1 -1 -1
-1 -1 -1 -1
-1 -1 -1 -1
-1 -1 -1 -1
-1 -1 -1 -1
-1 -1 -1 -1
-1 -1 -1 -1
-1 -1 -1 -1
-1 -1 -1 -1
-1 -1 -1 -1
-1 -1 94
-1 -1 -1
-1 -1 250 250 -1 -1
-1 -1 250 250 250 -1 -1
-1 -1 250 250 250 -1 -1 -1 -1
-1 -1 -1 -1 -1 -1 -1
-1 -1 389 389
-1 -1 -1 -1 -1 -1
-1 -1 616 616 616 -1 -1
-1 -1 616 616 616
-1 -1 616 616 616 616
-1 -1 616 616 616 616
-1 -1 616 -1 -1
-1 -1 94 -1 -1 -1 -1 -1 -1
-1 -1 616
-1 -1 388 388 388
-1 -1 388 388 388
-1 -1 388 388
-1 -1 -1 -1 -1 -1 -1 -1 -1
-1 -1 389 389 389 -1 -1
-1 -1 389 389 389 389 -1 -1
-1 -1 389 389 -1 -1
-1 -1 -1 -1 -1 -1 -1 -1 -1
